,image_id,bbox,score,category_id
0,NN,NN,NN,NN
1,230618_4-1-1.tif,"[3567.477752685547, 9097.739929199219, 87.31797790527344, 48.1683349609375]",0.7961823344230652,0
2,230618_4-1-1.tif,"[7650.4981689453125, 7904.24040222168, 110.7393798828125, 69.22517395019531]",0.7870014905929565,0
3,230618_4-1-1.tif,"[8710.881958007812, 4227.301071166992, 112.19677734375, 55.529022216796875]",0.7801814675331116,0
4,230618_4-1-1.tif,"[5020.827850341797, 9594.125061035156, 93.67221069335938, 60.1351318359375]",0.7742946743965149,0
5,230618_4-1-1.tif,"[5978.462554931641, 5834.560638427734, 113.49102783203125, 59.40966796875]",0.7702664136886597,0
6,230618_4-1-1.tif,"[7236.243316650391, 7232.7774658203125, 111.43911743164062, 76.32659912109375]",0.7675482034683228,0
7,230618_4-1-1.tif,"[6076.4044189453125, 9279.397552490234, 93.169921875, 61.46394348144531]",0.7655524015426636,0
8,230618_4-1-1.tif,"[6565.822021484375, 9661.215454101562, 49.474365234375, 79.87091064453125]",0.7536157369613647,0
9,230618_4-1-1.tif,"[9599.931945800781, 7164.672424316406, 56.277862548828125, 90.9498291015625]",0.7510376572608948,0
10,230618_4-1-1.tif,"[488.5326843261719, 1655.0651550292969, 94.03543090820312, 44.907012939453125]",0.7475839853286743,0
11,230618_4-1-1.tif,"[5287.592712402344, 7863.479217529297, 82.33642578125, 61.447021484375]",0.7426426410675049,0
12,230618_4-1-1.tif,"[7374.133544921875, 7418.310394287109, 76.80068969726562, 61.1064453125]",0.7422029376029968,0
13,230618_4-1-1.tif,"[7642.204986572266, 5243.876319885254, 101.69699096679688, 59.888572692871094]",0.7374839782714844,0
14,230618_4-1-1.tif,"[6966.343078613281, 8571.923400878906, 88.9105224609375, 54.33343505859375]",0.7367147207260132,0
15,230618_4-1-1.tif,"[3602.7916259765625, 9361.372680664062, 65.83760070800781, 74.48612213134766]",0.7362458109855652,0
16,230618_4-1-1.tif,"[6611.497619628906, 8898.504852294922, 126.43934631347656, 68.7366943359375]",0.7321111559867859,0
17,230618_4-1-1.tif,"[6224.6160888671875, 5739.230842590332, 73.31315612792969, 75.46077728271484]",0.7291388511657715,0
18,230618_4-1-1.tif,"[3055.962158203125, 7604.8568115234375, 106.070068359375, 72.787353515625]",0.728649377822876,0
19,230618_4-1-1.tif,"[5969.7926025390625, 8689.609130859375, 109.3038330078125, 51.63284683227539]",0.7275364995002747,0
20,230618_4-1-1.tif,"[8247.319606781006, 4426.958801269531, 61.620487213134766, 84.1646728515625]",0.7274799942970276,0
21,230618_4-1-1.tif,"[4715.054626464844, 8506.389038085938, 104.19345092773438, 60.48785400390625]",0.724988579750061,0
22,230618_4-1-1.tif,"[7132.229675292969, 2623.3529052734375, 103.1973876953125, 55.54869842529297]",0.7247812747955322,0
23,230618_4-1-1.tif,"[6630.630615234375, 6498.0257568359375, 111.24874114990234, 109.424072265625]",0.723802924156189,0
24,230618_4-1-1.tif,"[4087.431396484375, 7095.2435302734375, 79.16608428955078, 41.583984375]",0.7189853191375732,0
25,230618_4-1-1.tif,"[6476.645263671875, 7431.733184814453, 85.02874755859375, 74.807861328125]",0.7184364199638367,0
26,230618_4-1-1.tif,"[9753.372680664062, 4269.172546386719, 75.957275390625, 53.4332275390625]",0.7182154655456543,0
27,230618_4-1-1.tif,"[4606.775360107422, 7144.565643310547, 56.421234130859375, 98.2342529296875]",0.7164257764816284,0
28,230618_4-1-1.tif,"[2889.9234313964844, 9876.68701171875, 81.60577392578125, 64.9669189453125]",0.7163997292518616,0
29,230618_4-1-1.tif,"[7045.880676269531, 2662.6119384765625, 50.933349609375, 84.05841064453125]",0.715654194355011,0
30,230618_4-1-1.tif,"[9746.555969238281, 6141.344543457031, 93.6605224609375, 80.56787109375]",0.7145463228225708,0
31,230618_4-1-1.tif,"[426.82855224609375, 9446.804458618164, 111.14337158203125, 54.567413330078125]",0.7144537568092346,0
32,230618_4-1-1.tif,"[4221.88117980957, 8017.525817871094, 70.02114868164062, 70.45147705078125]",0.7138601541519165,0
33,230618_4-1-1.tif,"[8136.334899902344, 3988.368927001953, 113.22698211669922, 58.55828857421875]",0.713585376739502,0
34,230618_4-1-1.tif,"[9192.26821899414, 2131.4976806640625, 101.66598510742188, 84.01712036132812]",0.7129685282707214,0
35,230618_4-1-1.tif,"[9145.194030761719, 4051.0763549804688, 93.599365234375, 68.0467529296875]",0.7119537591934204,0
36,230618_4-1-1.tif,"[8982.738494873047, 7644.3782958984375, 98.29443359375, 55.5640869140625]",0.7106708288192749,0
37,230618_4-1-1.tif,"[5751.450744628906, 747.2333984375, 110.82101440429688, 57.96295166015625]",0.7099064588546753,0
38,230618_4-1-1.tif,"[9574.681396484375, 5446.411376953125, 60.433868408203125, 103.1937255859375]",0.7094974517822266,0
39,230618_4-1-1.tif,"[2345.369873046875, 7860.735198974609, 83.187255859375, 52.9085693359375]",0.7093441486358643,0
40,230618_4-1-1.tif,"[91.4263916015625, 8770.636474609375, 73.607421875, 58.56852722167969]",0.7086288332939148,0
41,230618_4-1-1.tif,"[5982.756591796875, 3703.7650451660156, 93.3687744140625, 53.06292724609375]",0.7082202434539795,0
42,230618_4-1-1.tif,"[2082.308837890625, 8855.150207519531, 89.70002746582031, 57.2523193359375]",0.7062702775001526,0
43,230618_4-1-1.tif,"[7669.967681884766, 9168.921203613281, 74.81466674804688, 45.475738525390625]",0.7051385641098022,0
44,230618_4-1-1.tif,"[9658.856689453125, 4236.092437744141, 86.5184326171875, 97.85040283203125]",0.7046574354171753,0
45,230618_4-1-1.tif,"[3926.9524536132812, 8959.759582519531, 72.190673828125, 52.5474853515625]",0.7046147584915161,0
46,230618_4-1-1.tif,"[6710.881546020508, 5023.467834472656, 85.14161682128906, 56.6068115234375]",0.7045494914054871,0
47,230618_4-1-1.tif,"[8709.662963867188, 8132.574890136719, 84.24769592285156, 53.865509033203125]",0.7027794718742371,0
48,230618_4-1-1.tif,"[5082.5364990234375, 8972.021881103516, 70.19907760620117, 90.21759033203125]",0.7022577524185181,0
49,230618_4-1-1.tif,"[3714.228546142578, 8852.215759277344, 70.6968994140625, 43.89105224609375]",0.7011562585830688,0
50,230618_4-1-1.tif,"[4941.877868652344, 6550.7396240234375, 91.3900146484375, 62.1666259765625]",0.7009766101837158,0
51,230618_4-1-1.tif,"[6434.345031738281, 237.8136444091797, 63.1826171875, 65.64210510253906]",0.7002425789833069,0
52,230618_4-1-1.tif,"[7523.440521240234, 6145.5848388671875, 54.742584228515625, 103.83771514892578]",0.7001593708992004,0
53,230618_4-1-1.tif,"[6218.695556640625, 7960.073211669922, 78.08412170410156, 56.6826171875]",0.7000911831855774,0
54,230618_4-1-1.tif,"[2530.3135375976562, 7049.515075683594, 74.1260986328125, 60.5947265625]",0.6991403698921204,0
55,230618_4-1-1.tif,"[6290.831253051758, 8444.588973999023, 53.149383544921875, 75.40126037597656]",0.6971056461334229,0
56,230618_4-1-1.tif,"[20.221969604492188, 9773.039794921875, 72.70672607421875, 91.6156005859375]",0.6960410475730896,0
57,230618_4-1-1.tif,"[6210.2174072265625, 9509.598327636719, 100.67782592773438, 58.92828369140625]",0.6917733550071716,0
58,230618_4-1-1.tif,"[5199.16064453125, 2777.5913696289062, 79.85574340820312, 70.5155029296875]",0.690696120262146,0
59,230618_4-1-1.tif,"[2835.7338256835938, 9014.29263305664, 49.2857666015625, 96.740234375]",0.6897595524787903,0
60,230618_4-1-1.tif,"[3583.730499267578, 7563.179382324219, 56.712615966796875, 104.68588256835938]",0.6891328692436218,0
61,230618_4-1-1.tif,"[117.42979431152344, 9548.469207763672, 91.77386474609375, 58.792388916015625]",0.6877877712249756,0
62,230618_4-1-1.tif,"[8413.789611816406, 1417.7607421875, 97.5745849609375, 49.5389404296875]",0.6867610812187195,0
63,230618_4-1-1.tif,"[8546.776733398438, 7045.731689453125, 102.3397216796875, 63.0487060546875]",0.6867423057556152,0
64,230618_4-1-1.tif,"[9126.46630859375, 7189.2738037109375, 91.7669677734375, 54.2666015625]",0.6857756972312927,0
65,230618_4-1-1.tif,"[6002.0938720703125, 5644.91259765625, 77.40008544921875, 45.53515625]",0.6846479773521423,0
66,230618_4-1-1.tif,"[4654.917785644531, 7696.620513916016, 79.83900451660156, 84.67997741699219]",0.6841062307357788,0
67,230618_4-1-1.tif,"[9286.103393554688, 3488.5784912109375, 53.035400390625, 88.196044921875]",0.681016206741333,0
68,230618_4-1-1.tif,"[8860.030792236328, 6915.215637207031, 77.1177978515625, 82.926513671875]",0.680056631565094,0
69,230618_4-1-1.tif,"[176.85443115234375, 7403.2510986328125, 87.06829833984375, 89.70672607421875]",0.677133321762085,0
70,230618_4-1-1.tif,"[4059.2670288085938, 7875.446838378906, 97.9407958984375, 81.54531860351562]",0.6755579113960266,0
71,230618_4-1-1.tif,"[5321.2454833984375, 8422.45864868164, 79.87612915039062, 94.5355224609375]",0.6734392046928406,0
72,230618_4-1-1.tif,"[590.6956176757812, 5986.733551025391, 96.43122863769531, 53.691375732421875]",0.671066403388977,0
73,230618_4-1-1.tif,"[2700.9569702148438, 9702.465087890625, 61.5313720703125, 127.8919677734375]",0.6685068011283875,0
74,230618_4-1-1.tif,"[3419.9100952148438, 7698.657897949219, 97.12893676757812, 49.710205078125]",0.6675583720207214,0
75,230618_4-1-1.tif,"[9178.142883300781, 7494.001434326172, 58.927955627441406, 101.48779296875]",0.6673303842544556,0
76,230618_4-1-1.tif,"[2336.8811645507812, 6458.164764404297, 115.23095703125, 74.38812255859375]",0.6660584807395935,0
77,230618_4-1-1.tif,"[9765.825561523438, 1347.2487182617188, 122.82952880859375, 61.99334716796875]",0.6657902002334595,0
78,230618_4-1-1.tif,"[4472.0076904296875, 4099.557876586914, 56.79144287109375, 101.48538208007812]",0.6626384854316711,0
79,230618_4-1-1.tif,"[9687.957397460938, 3789.1795959472656, 81.3526611328125, 61.54107666015625]",0.6511555910110474,0
80,230618_4-1-1.tif,"[0.4560546875, 6654.2529296875, 41.95940017700195, 114.0008773803711]",0.649918258190155,0
81,230618_4-1-1.tif,"[65.88845825195312, 8959.014373779297, 58.07423400878906, 84.020751953125]",0.6484454274177551,0
82,230618_4-1-1.tif,"[5577.875427246094, 6292.368621826172, 115.09658813476562, 63.19219970703125]",0.6481273770332336,0
83,230618_4-1-1.tif,"[8238.334716796875, 2490.2384033203125, 54.4344482421875, 103.33091735839844]",0.6473653316497803,0
84,230618_4-1-1.tif,"[9448.414093017578, 5569.483703613281, 104.1287841796875, 86.27505683898926]",0.64326012134552,0
85,230618_4-1-1.tif,"[4392.326934814453, 7484.589935302734, 49.84075927734375, 125.5538330078125]",0.6421717405319214,0
86,230618_4-1-1.tif,"[2742.9199829101562, 7906.926910400391, 86.79083251953125, 51.04046630859375]",0.6418113708496094,0
87,230618_4-1-1.tif,"[5214.49169921875, 1075.5218505859375, 55.392730712890625, 64.264892578125]",0.6414999961853027,0
88,230618_4-1-1.tif,"[1705.5772705078125, 9853.862548828125, 59.935546875, 99.27197265625]",0.6379712224006653,0
89,230618_4-1-1.tif,"[4962.305908203125, 3615.6840858459473, 76.8746337890625, 90.62929916381836]",0.6378421187400818,0
90,230618_4-1-1.tif,"[8093.589202880859, 6176.118713378906, 64.17025756835938, 122.48065185546875]",0.6358379125595093,0
91,230618_4-1-1.tif,"[5644.5753173828125, 5070.4315185546875, 79.4677734375, 81.6343994140625]",0.6351888179779053,0
92,230618_4-1-1.tif,"[3353.1119384765625, 7785.726470947266, 51.809326171875, 120.81463623046875]",0.6330226063728333,0
93,230618_4-1-1.tif,"[6580.892883300781, 2650.159843444824, 61.2197265625, 99.54065704345703]",0.6313794851303101,0
94,230618_4-1-1.tif,"[4722.202995300293, 4706.741851806641, 133.88257598876953, 108.40603637695312]",0.6302925944328308,0
95,230618_4-1-1.tif,"[7962.815582275391, 8564.164916992188, 53.79534912109375, 84.7625732421875]",0.6215487718582153,0
96,230618_4-1-1.tif,"[2961.4033813476562, 8448.712951660156, 78.5052490234375, 90.6141357421875]",0.6192530989646912,0
97,230618_4-1-1.tif,"[9212.575744628906, 8135.0902099609375, 42.8330078125, 59.00738525390625]",0.6133057475090027,0
98,230618_4-1-1.tif,"[7171.321147918701, 4185.934829711914, 54.08876419067383, 50.40449523925781]",0.6083860397338867,0
99,230618_4-1-1.tif,"[4807.591766357422, 8733.563911437988, 57.488128662109375, 52.00164794921875]",0.6049118638038635,0
100,230618_4-1-1.tif,"[1945.8280029296875, 8047.4542236328125, 48.3822021484375, 110.4449462890625]",0.596519410610199,0
101,230618_4-1-1.tif,"[7316.512298583984, 7227.559997558594, 82.864990234375, 71.42207336425781]",0.58310866355896,0
102,230618_4-1-1.tif,"[2271.1793212890625, 6358.880798339844, 80.6353759765625, 81.94952392578125]",0.5823004841804504,0
103,230618_4-1-1.tif,"[8821.179512023926, 6742.513275146484, 88.34539031982422, 49.640960693359375]",0.5811083912849426,0
104,230618_4-1-1.tif,"[5370.497222900391, 7327.659271240234, 50.58526611328125, 80.072021484375]",0.5738534927368164,0
105,230618_4-1-1.tif,"[791.2223510742188, 7975.591583251953, 51.2098388671875, 103.85589599609375]",0.564179539680481,0
106,230618_4-1-1.tif,"[668.6399841308594, 8034.445983886719, 89.53433227539062, 67.24078369140625]",0.5617729425430298,0
107,230618_4-1-1.tif,"[1778.650161743164, 8019.67626953125, 102.95664978027344, 47.7469482421875]",0.5120567679405212,0
108,230618_4-1-1.tif,"[6182.92057800293, 9150.213745117188, 62.82075500488281, 58.33087158203125]",0.4916953444480896,0
109,230618_4-1-1.tif,"[4569.323059082031, 5587.7625732421875, 45.855712890625, 64.9666748046875]",0.4751940965652466,0
110,230618_4-1-1.tif,"[5641.926773071289, 6486.3956298828125, 65.66018676757812, 50.244873046875]",0.462515264749527,0
111,230618_4-1-1.tif,"[5131.5103759765625, 3630.3428955078125, 44.48974609375, 40.03398132324219]",0.45737290382385254,0
112,230618_4-1-1.tif,"[6781.150321960449, 9740.744567871094, 82.25061798095703, 39.21539306640625]",0.4347478747367859,0
113,230618_4-1-1.tif,"[6656.0, 6541.669372558594, 88.61465454101562, 65.57330322265625]",0.3234955072402954,0
114,230618_4-1-1.tif,"[7681.759471893311, 5959.4862060546875, 50.222373962402344, 39.67291259765625]",0.3131296634674072,0
115,230618_4-1-1.tif,"[4253.844253540039, 604.90380859375, 68.64401245117188, 34.975341796875]",0.3046551048755646,0
116,230618_4-1-1.tif,"[472.9140625, 609.4336547851562, 49.9840087890625, 30.5252685546875]",0.2720755338668823,0
117,230618_4-1-1.tif,"[6735.103469848633, 4254.384613037109, 77.99885559082031, 62.42034912109375]",0.27027976512908936,0
118,230618_4-1-1.tif,"[38.034637451171875, 9958.846984863281, 49.9716796875, 41.15301513671875]",0.25200608372688293,0
119,230618_4-1-1.tif,"[7275.718811035156, 8389.186401367188, 36.355865478515625, 23.44329833984375]",0.8499857783317566,1
120,230618_4-1-1.tif,"[1066.3328857421875, 7984.528503417969, 35.242919921875, 22.77978515625]",0.8481807708740234,1
121,230618_4-1-1.tif,"[4451.986968994141, 9357.650115966797, 30.584808349609375, 29.73907470703125]",0.8401898145675659,1
122,230618_4-1-1.tif,"[1510.5407104492188, 7908.817932128906, 33.378989696502686, 28.136627197265625]",0.8389941453933716,1
123,230618_4-1-1.tif,"[1336.1318359375, 8050.822357177734, 28.7615966796875, 24.3145751953125]",0.8377149105072021,1
124,230618_4-1-1.tif,"[6251.984191894531, 7080.55419921875, 19.224212646484375, 35.924560546875]",0.8369570374488831,1
125,230618_4-1-1.tif,"[3268.5759887695312, 6784.815277099609, 29.2459716796875, 28.04815673828125]",0.8363751173019409,1
126,230618_4-1-1.tif,"[6649.7413330078125, 4013.6712036132812, 30.186267852783203, 23.8262939453125]",0.8358615040779114,1
127,230618_4-1-1.tif,"[9817.069580078125, 7582.908264160156, 27.48980712890625, 24.906219482421875]",0.8357831239700317,1
128,230618_4-1-1.tif,"[7124.320739746094, 4660.535888671875, 26.20458984375, 25.819091796875]",0.8348939418792725,1
129,230618_4-1-1.tif,"[3104.9111938476562, 6860.273193359375, 23.464675903320312, 31.804962158203125]",0.834684431552887,1
130,230618_4-1-1.tif,"[7596.12646484375, 3834.091598510742, 16.052490234375, 32.94630432128906]",0.834421694278717,1
131,230618_4-1-1.tif,"[7414.4476318359375, 4646.9801025390625, 29.39495849609375, 28.296142578125]",0.8344082236289978,1
132,230618_4-1-1.tif,"[6142.657958984375, 5745.140090942383, 30.50848388671875, 23.02685546875]",0.834016740322113,1
133,230618_4-1-1.tif,"[9825.064208984375, 4166.291915893555, 34.55230712890625, 21.635208129882812]",0.8339091539382935,1
134,230618_4-1-1.tif,"[1107.4072570800781, 8102.1734619140625, 37.003692626953125, 21.32440185546875]",0.8337528109550476,1
135,230618_4-1-1.tif,"[3338.6055908203125, 7443.387298583984, 23.8189697265625, 31.497314453125]",0.8333131670951843,1
136,230618_4-1-1.tif,"[7213.414451599121, 2942.298126220703, 33.643775939941406, 20.82122802734375]",0.8332560062408447,1
137,230618_4-1-1.tif,"[4714.77579498291, 8957.620574951172, 17.832542419433594, 36.40753173828125]",0.8330348134040833,1
138,230618_4-1-1.tif,"[7465.7315673828125, 9197.811096191406, 26.490020751953125, 30.40101909637451]",0.8327513337135315,1
139,230618_4-1-1.tif,"[5338.432678222656, 2957.2872924804688, 25.251708984375, 26.85693359375]",0.8317739963531494,1
140,230618_4-1-1.tif,"[8986.226257324219, 9207.3408203125, 28.594696044921875, 32.84707260131836]",0.8314074277877808,1
141,230618_4-1-1.tif,"[6931.373107910156, 5624.885681152344, 21.10260009765625, 33.523193359375]",0.8308971524238586,1
142,230618_4-1-1.tif,"[9348.1357421875, 6910.094329833984, 33.44497108459473, 21.815826416015625]",0.8308316469192505,1
143,230618_4-1-1.tif,"[9919.02587890625, 1296.4559326171875, 35.0850830078125, 18.8861083984375]",0.830432653427124,1
144,230618_4-1-1.tif,"[4398.997161865234, 8081.642578125, 28.44281005859375, 24.9591064453125]",0.8304174542427063,1
145,230618_4-1-1.tif,"[3030.4404907226562, 7767.870910644531, 31.637664794921875, 24.0555419921875]",0.8302866220474243,1
146,230618_4-1-1.tif,"[9758.898681640625, 2252.2135162353516, 26.45263671875, 26.185943603515625]",0.8294081091880798,1
147,230618_4-1-1.tif,"[8596.773193359375, 9209.7900390625, 23.15582275390625, 35.73095703125]",0.8294070363044739,1
148,230618_4-1-1.tif,"[9902.591674804688, 2427.1654663085938, 30.37060546875, 25.627685546875]",0.8291627764701843,1
149,230618_4-1-1.tif,"[4368.4930419921875, 7163.2308349609375, 27.104705810546875, 33.76773452758789]",0.8289461135864258,1
150,230618_4-1-1.tif,"[8072.231597900391, 3690.8307495117188, 25.9337158203125, 26.218521118164062]",0.8286389708518982,1
151,230618_4-1-1.tif,"[6143.420227050781, 6507.393493652344, 20.57809066772461, 36.46923828125]",0.8282906413078308,1
152,230618_4-1-1.tif,"[8202.073974609375, 6941.815734863281, 25.2303466796875, 33.8271484375]",0.8281465768814087,1
153,230618_4-1-1.tif,"[3221.7186279296875, 6638.9873046875, 37.277099609375, 18.5885009765625]",0.8278874158859253,1
154,230618_4-1-1.tif,"[4780.984191894531, 9379.476829528809, 22.8360595703125, 36.255821228027344]",0.8277563452720642,1
155,230618_4-1-1.tif,"[6172.27237701416, 4555.716369628906, 15.422760009765625, 29.372802734375]",0.8272448182106018,1
156,230618_4-1-1.tif,"[9480.578399658203, 3819.544631958008, 35.7032470703125, 17.503173828125]",0.8267814517021179,1
157,230618_4-1-1.tif,"[8444.860458374023, 8328.227584838867, 32.26759338378906, 26.92864990234375]",0.826140820980072,1
158,230618_4-1-1.tif,"[6127.14990234375, 5647.2600021362305, 30.617643356323242, 32.31354522705078]",0.8254166841506958,1
159,230618_4-1-1.tif,"[6968.322326660156, 9564.508758544922, 33.16455078125, 23.2508544921875]",0.8250175714492798,1
160,230618_4-1-1.tif,"[9679.302001953125, 4100.474609375, 31.861907958984375, 21.9482421875]",0.8249750733375549,1
161,230618_4-1-1.tif,"[9216.467224121094, 9959.299255371094, 32.420166015625, 26.97515869140625]",0.8248631954193115,1
162,230618_4-1-1.tif,"[4830.324310302734, 5747.2080078125, 35.1817626953125, 17.043350219726562]",0.8248571157455444,1
163,230618_4-1-1.tif,"[3427.2688598632812, 9553.049591064453, 26.69488525390625, 26.64404296875]",0.8248345851898193,1
164,230618_4-1-1.tif,"[2450.0682983398438, 8698.772186279297, 17.4041748046875, 36.386016845703125]",0.8247253894805908,1
165,230618_4-1-1.tif,"[3699.1412963867188, 8410.494216918945, 38.17970275878906, 26.201400756835938]",0.8247002959251404,1
166,230618_4-1-1.tif,"[3481.2697143554688, 7339.557830810547, 23.854736328125, 32.46063232421875]",0.8246271014213562,1
167,230618_4-1-1.tif,"[3750.598907470703, 7762.8316650390625, 20.60491943359375, 31.743927001953125]",0.8244859576225281,1
168,230618_4-1-1.tif,"[5176.312530517578, 8123.192413330078, 32.847381591796875, 32.963165283203125]",0.8242630958557129,1
169,230618_4-1-1.tif,"[8478.791015625, 9957.880126953125, 27.5692138671875, 29.54736328125]",0.8242476582527161,1
170,230618_4-1-1.tif,"[1565.7666015625, 8137.081939697266, 22.41796875, 28.7249755859375]",0.8242323994636536,1
171,230618_4-1-1.tif,"[9441.302932739258, 3939.9819946289062, 24.239303588867188, 31.8759765625]",0.82420814037323,1
172,230618_4-1-1.tif,"[2949.0665893554688, 9565.273010253906, 23.53564453125, 33.49560546875]",0.8241745233535767,1
173,230618_4-1-1.tif,"[7900.108245849609, 7557.053405761719, 36.57940673828125, 23.2198486328125]",0.824042797088623,1
174,230618_4-1-1.tif,"[903.9378051757812, 9891.778503417969, 32.4605712890625, 21.55810546875]",0.8240245580673218,1
175,230618_4-1-1.tif,"[3957.2314453125, 9259.330444335938, 32.47601318359375, 21.2236328125]",0.823463499546051,1
176,230618_4-1-1.tif,"[9207.689849853516, 3386.1915588378906, 36.651092529296875, 21.07275390625]",0.8233194947242737,1
177,230618_4-1-1.tif,"[4475.2122802734375, 7865.054229736328, 30.39288330078125, 25.0828857421875]",0.8232443332672119,1
178,230618_4-1-1.tif,"[3888.225341796875, 7913.121200561523, 33.9298095703125, 18.26531982421875]",0.8226607441902161,1
179,230618_4-1-1.tif,"[8330.149642944336, 6922.587219238281, 30.38665771484375, 23.782958984375]",0.8224751949310303,1
180,230618_4-1-1.tif,"[9943.962646484375, 9554.201950073242, 24.5159912109375, 17.964981079101562]",0.8223936557769775,1
181,230618_4-1-1.tif,"[2316.160614013672, 3773.208297729492, 16.53021240234375, 33.456512451171875]",0.8221206068992615,1
182,230618_4-1-1.tif,"[6689.175853729248, 9524.546081542969, 24.97040557861328, 26.68768310546875]",0.8221205472946167,1
183,230618_4-1-1.tif,"[7140.9954833984375, 5907.4720458984375, 26.037109375, 24.44580078125]",0.822059154510498,1
184,230618_4-1-1.tif,"[9309.407653808594, 4886.7294921875, 39.505615234375, 18.916259765625]",0.8220128417015076,1
185,230618_4-1-1.tif,"[918.4937438964844, 9981.818725585938, 15.53900146484375, 18.1812744140625]",0.8218771815299988,1
186,230618_4-1-1.tif,"[9461.119598388672, 9581.580596923828, 30.50701904296875, 18.218658447265625]",0.821864902973175,1
187,230618_4-1-1.tif,"[8100.547790527344, 5723.94637298584, 35.87188720703125, 22.031234741210938]",0.8217964172363281,1
188,230618_4-1-1.tif,"[7890.034255981445, 3274.5887451171875, 17.636810302734375, 37.40496826171875]",0.8217738270759583,1
189,230618_4-1-1.tif,"[7266.665832519531, 9879.801391601562, 31.331695556640625, 28.0263671875]",0.8213250041007996,1
190,230618_4-1-1.tif,"[4540.081115722656, 6178.384094238281, 17.251708984375, 34.8343505859375]",0.8211537003517151,1
191,230618_4-1-1.tif,"[7148.875671386719, 3177.0176544189453, 29.479944229125977, 28.03515625]",0.8211361765861511,1
192,230618_4-1-1.tif,"[574.2347259521484, 5770.793426513672, 16.623428344726562, 33.570404052734375]",0.8210009336471558,1
193,230618_4-1-1.tif,"[9900.1083984375, 5502.590881347656, 23.018310546875, 30.76824951171875]",0.8209977149963379,1
194,230618_4-1-1.tif,"[6797.185943603516, 8699.257507324219, 31.206817626953125, 26.2706298828125]",0.8209541440010071,1
195,230618_4-1-1.tif,"[7620.49072265625, 8234.997863769531, 29.572509765625, 24.75426483154297]",0.8208815455436707,1
196,230618_4-1-1.tif,"[9515.49935913086, 9314.516586303711, 35.451446533203125, 30.146255493164062]",0.8207109570503235,1
197,230618_4-1-1.tif,"[2097.069637298584, 9126.96664428711, 32.534488677978516, 26.83343505859375]",0.8206098675727844,1
198,230618_4-1-1.tif,"[3663.9129028320312, 6692.6507568359375, 36.0145263671875, 22.284934997558594]",0.8205395340919495,1
199,230618_4-1-1.tif,"[3825.770721435547, 6540.9105224609375, 17.79339599609375, 33.52587890625]",0.8204978108406067,1
200,230618_4-1-1.tif,"[7693.104541778564, 8781.991333007812, 34.84586715698242, 25.632568359375]",0.8204551339149475,1
201,230618_4-1-1.tif,"[3894.5077514648438, 6363.434295654297, 35.16900634765625, 22.975830078125]",0.8203945159912109,1
202,230618_4-1-1.tif,"[5676.172874450684, 4838.710998535156, 15.461380004882812, 35.68145751953125]",0.8202968239784241,1
203,230618_4-1-1.tif,"[1773.880126953125, 6223.978240966797, 34.125762939453125, 20.09967041015625]",0.820223331451416,1
204,230618_4-1-1.tif,"[1196.642333984375, 6160.848251342773, 31.03533935546875, 22.404067993164062]",0.8201807141304016,1
205,230618_4-1-1.tif,"[1652.3301391601562, 6809.554016113281, 40.95220947265625, 18.954864501953125]",0.8199614882469177,1
206,230618_4-1-1.tif,"[1699.8493347167969, 7066.7320556640625, 27.16302490234375, 28.76416015625]",0.8199362754821777,1
207,230618_4-1-1.tif,"[9417.235145568848, 4145.682861328125, 30.676437377929688, 24.752685546875]",0.8199174404144287,1
208,230618_4-1-1.tif,"[9244.485229492188, 1259.0348663330078, 32.8291015625, 17.06182861328125]",0.8198189735412598,1
209,230618_4-1-1.tif,"[5314.604553222656, 7589.72900390625, 32.24163818359375, 26.4234619140625]",0.8198118805885315,1
210,230618_4-1-1.tif,"[4294.335845947266, 6046.598052978516, 27.02789306640625, 22.72235107421875]",0.8197910785675049,1
211,230618_4-1-1.tif,"[9962.893737792969, 7186.695055007935, 24.5184326171875, 32.207136154174805]",0.8195483088493347,1
212,230618_4-1-1.tif,"[9939.373413085938, 4212.99755859375, 39.8544921875, 20.24334716796875]",0.8193954229354858,1
213,230618_4-1-1.tif,"[7927.383880615234, 7787.263000488281, 17.17608642578125, 38.517486572265625]",0.8193150758743286,1
214,230618_4-1-1.tif,"[8701.333312988281, 2380.014862060547, 34.19397735595703, 19.418609619140625]",0.8192604184150696,1
215,230618_4-1-1.tif,"[2075.987579345703, 9359.46337890625, 17.067317962646484, 35.073638916015625]",0.8191085457801819,1
216,230618_4-1-1.tif,"[3934.0189208984375, 8622.181335449219, 34.555908203125, 24.02398681640625]",0.818881094455719,1
217,230618_4-1-1.tif,"[8193.084838867188, 9724.57992553711, 38.48386764526367, 21.902130126953125]",0.8186756372451782,1
218,230618_4-1-1.tif,"[3594.8120708465576, 6362.792907714844, 16.9957275390625, 32.25799560546875]",0.8185813426971436,1
219,230618_4-1-1.tif,"[7319.903900146484, 8043.699249267578, 26.762451171875, 31.36114501953125]",0.8184680342674255,1
220,230618_4-1-1.tif,"[3668.9930419921875, 4578.509094238281, 27.080078125, 29.5179443359375]",0.8181780576705933,1
221,230618_4-1-1.tif,"[6588.0086669921875, 9957.268920898438, 19.1343994140625, 37.0419921875]",0.8180567026138306,1
222,230618_4-1-1.tif,"[6403.6019287109375, 5758.319526672363, 22.4041748046875, 28.06291961669922]",0.8179377913475037,1
223,230618_4-1-1.tif,"[4589.045959472656, 9391.602157592773, 35.127206802368164, 18.671600341796875]",0.8178103566169739,1
224,230618_4-1-1.tif,"[9403.112846374512, 9385.348922729492, 35.346351623535156, 24.17565155029297]",0.8176600933074951,1
225,230618_4-1-1.tif,"[9819.396362304688, 6302.491806030273, 18.48046875, 36.00727844238281]",0.81720370054245,1
226,230618_4-1-1.tif,"[3068.3757934570312, 9920.974731445312, 30.30908203125, 20.8759765625]",0.8170868158340454,1
227,230618_4-1-1.tif,"[6782.117736816406, 4985.9122314453125, 21.87945556640625, 30.35302734375]",0.817055881023407,1
228,230618_4-1-1.tif,"[8889.320526123047, 9694.893920898438, 35.02459716796875, 23.43280029296875]",0.8168192505836487,1
229,230618_4-1-1.tif,"[3558.5020141601562, 5172.638275146484, 29.49365234375, 20.805511474609375]",0.8167626261711121,1
230,230618_4-1-1.tif,"[7554.906158447266, 3838.6991119384766, 16.947509765625, 35.04051208496094]",0.8164175748825073,1
231,230618_4-1-1.tif,"[9114.712341308594, 6097.882385253906, 17.4993896484375, 35.001708984375]",0.8163620233535767,1
232,230618_4-1-1.tif,"[2587.922538757324, 6191.8658447265625, 40.44849395751953, 18.4376220703125]",0.8163331747055054,1
233,230618_4-1-1.tif,"[2819.6104125976562, 7872.907089233398, 25.8880615234375, 32.927032470703125]",0.8159087300300598,1
234,230618_4-1-1.tif,"[5746.3779296875, 6034.2625732421875, 19.038345336914062, 30.843017578125]",0.8158562779426575,1
235,230618_4-1-1.tif,"[6563.760986328125, 6224.1058349609375, 18.09661865234375, 35.5037841796875]",0.8157963752746582,1
236,230618_4-1-1.tif,"[5412.717102050781, 7681.903049468994, 32.951171875, 18.547130584716797]",0.8157389760017395,1
237,230618_4-1-1.tif,"[6741.736480712891, 9029.033142089844, 35.455780029296875, 16.754150390625]",0.8154444098472595,1
238,230618_4-1-1.tif,"[6368.375701904297, 6902.413177490234, 32.5400390625, 24.861328125]",0.8152043223381042,1
239,230618_4-1-1.tif,"[3029.3426513671875, 5547.1859130859375, 36.320068359375, 16.3914794921875]",0.8150179386138916,1
240,230618_4-1-1.tif,"[6938.542907714844, 9434.648712158203, 17.84991455078125, 31.77069091796875]",0.8149424195289612,1
241,230618_4-1-1.tif,"[2651.3375244140625, 9488.152267456055, 27.446533203125, 27.296340942382812]",0.8149256110191345,1
242,230618_4-1-1.tif,"[1869.6510620117188, 9633.742919921875, 33.741302490234375, 17.488525390625]",0.8148795366287231,1
243,230618_4-1-1.tif,"[2522.0530395507812, 9622.852813720703, 30.9014892578125, 18.768463134765625]",0.8148123621940613,1
244,230618_4-1-1.tif,"[7415.076019287109, 7907.054626464844, 35.633056640625, 17.43115234375]",0.8148092031478882,1
245,230618_4-1-1.tif,"[4542.874084472656, 7760.5849609375, 32.45947265625, 24.8099365234375]",0.8147401213645935,1
246,230618_4-1-1.tif,"[3542.9359741210938, 6912.9163818359375, 28.3486328125, 31.3636474609375]",0.8147179484367371,1
247,230618_4-1-1.tif,"[9093.185180664062, 3900.1044921875, 26.6337890625, 28.81610107421875]",0.8146534562110901,1
248,230618_4-1-1.tif,"[1017.79541015625, 8073.7265625, 17.04638671875, 38.2001953125]",0.8144978880882263,1
249,230618_4-1-1.tif,"[8057.809997558594, 8155.2100830078125, 34.4263916015625, 27.8603515625]",0.8144340515136719,1
250,230618_4-1-1.tif,"[9588.507232666016, 9163.885955810547, 25.7530517578125, 28.00970458984375]",0.814382016658783,1
251,230618_4-1-1.tif,"[5986.2783203125, 9440.61587524414, 36.6063232421875, 18.98907470703125]",0.8141845464706421,1
252,230618_4-1-1.tif,"[3891.462371826172, 8701.160583496094, 17.4466552734375, 38.16981506347656]",0.8140215873718262,1
253,230618_4-1-1.tif,"[6986.966369628906, 9370.481079101562, 30.100555419921875, 33.171783447265625]",0.8140180110931396,1
254,230618_4-1-1.tif,"[9121.638610839844, 3740.194580078125, 33.6181640625, 23.747467041015625]",0.8139268755912781,1
255,230618_4-1-1.tif,"[3852.680206298828, 6709.9476318359375, 36.51324462890625, 18.489891052246094]",0.8139095902442932,1
256,230618_4-1-1.tif,"[7714.46484375, 7746.853515625, 40.090576171875, 24.91375732421875]",0.8138156533241272,1
257,230618_4-1-1.tif,"[7561.0255126953125, 7508.90673828125, 23.4102783203125, 39.153076171875]",0.8138081431388855,1
258,230618_4-1-1.tif,"[4723.871185302734, 7911.213043212891, 23.38262939453125, 32.885406494140625]",0.813472330570221,1
259,230618_4-1-1.tif,"[8259.665313720703, 8961.207275390625, 17.766937255859375, 34.34930419921875]",0.8131333589553833,1
260,230618_4-1-1.tif,"[8882.74740600586, 4432.942626953125, 33.55169677734375, 23.8634033203125]",0.8128132224082947,1
261,230618_4-1-1.tif,"[3371.5991821289062, 4976.259490966797, 27.322509765625, 28.782958984375]",0.812785804271698,1
262,230618_4-1-1.tif,"[9612.872314453125, 4501.817138671875, 31.83843994140625, 25.43731689453125]",0.8127112984657288,1
263,230618_4-1-1.tif,"[5978.2059326171875, 3429.080078125, 17.316162109375, 35.9903564453125]",0.8126152753829956,1
264,230618_4-1-1.tif,"[7188.3399658203125, 8929.833404541016, 31.628662109375, 26.904769897460938]",0.8125128149986267,1
265,230618_4-1-1.tif,"[5170.236923217773, 7794.212829589844, 18.14704132080078, 36.9931640625]",0.8124930262565613,1
266,230618_4-1-1.tif,"[2724.23388671875, 8286.922729492188, 15.7086181640625, 36.133941650390625]",0.8124381303787231,1
267,230618_4-1-1.tif,"[7988.387023925781, 8882.187622070312, 19.43878173828125, 32.148895263671875]",0.8123016357421875,1
268,230618_4-1-1.tif,"[4564.873291015625, 7166.7061767578125, 21.48175048828125, 33.09117317199707]",0.8121261596679688,1
269,230618_4-1-1.tif,"[5042.574768066406, 8082.808654785156, 26.62396240234375, 28.87310791015625]",0.8121228814125061,1
270,230618_4-1-1.tif,"[7003.025329589844, 6483.119079589844, 30.368896484375, 29.3546142578125]",0.811942458152771,1
271,230618_4-1-1.tif,"[6831.786849975586, 6023.786773681641, 18.29095458984375, 36.71075439453125]",0.8119117617607117,1
272,230618_4-1-1.tif,"[4581.113037109375, 6089.244140625, 32.220703125, 20.057861328125]",0.8118603825569153,1
273,230618_4-1-1.tif,"[8239.46671295166, 4259.44970703125, 33.56642150878906, 24.80780029296875]",0.8118322491645813,1
274,230618_4-1-1.tif,"[1835.395263671875, 3429.5396728515625, 35.31103515625, 17.097412109375]",0.8117567300796509,1
275,230618_4-1-1.tif,"[4328.329483032227, 8234.481056213379, 17.967254638671875, 37.978172302246094]",0.811576247215271,1
276,230618_4-1-1.tif,"[6183.937744140625, 6335.765182495117, 28.673583984375, 27.925140380859375]",0.8115742206573486,1
277,230618_4-1-1.tif,"[4100.20361328125, 9667.526794433594, 20.879592895507812, 32.0960693359375]",0.8114125728607178,1
278,230618_4-1-1.tif,"[2843.929229736328, 9150.462524414062, 23.45391845703125, 25.4364013671875]",0.8114078044891357,1
279,230618_4-1-1.tif,"[4435.1781005859375, 8495.003662109375, 31.8934326171875, 27.977783203125]",0.8113340735435486,1
280,230618_4-1-1.tif,"[7160.123748779297, 9704.499237060547, 34.831298828125, 22.77044677734375]",0.8112759590148926,1
281,230618_4-1-1.tif,"[4685.453369140625, 6747.944808959961, 27.929443359375, 30.958267211914062]",0.811185896396637,1
282,230618_4-1-1.tif,"[4442.556671142578, 7030.297210693359, 33.92120361328125, 17.8253173828125]",0.8111141324043274,1
283,230618_4-1-1.tif,"[4220.681976318359, 9099.24365234375, 33.17291259765625, 18.1846923828125]",0.8109549283981323,1
284,230618_4-1-1.tif,"[9327.88427734375, 9784.64501953125, 42.040903091430664, 31.51971435546875]",0.8107711672782898,1
285,230618_4-1-1.tif,"[5316.885772705078, 6036.71435546875, 33.20513916015625, 19.7235107421875]",0.8106005787849426,1
286,230618_4-1-1.tif,"[5120.672344207764, 5026.3154296875, 33.64741897583008, 24.0321044921875]",0.8105000257492065,1
287,230618_4-1-1.tif,"[7226.833740234375, 2061.639717102051, 29.284912109375, 33.38640594482422]",0.8104915022850037,1
288,230618_4-1-1.tif,"[8130.71875, 7386.350021362305, 17.029296875, 32.13482666015625]",0.8103154897689819,1
289,230618_4-1-1.tif,"[7849.732696533203, 8271.90087890625, 22.93731689453125, 34.6734619140625]",0.8103032112121582,1
290,230618_4-1-1.tif,"[8434.705474853516, 4004.051513671875, 20.66741943359375, 30.2890625]",0.8102754950523376,1
291,230618_4-1-1.tif,"[7679.900329589844, 9034.851867675781, 19.149658203125, 37.786163330078125]",0.8101264834403992,1
292,230618_4-1-1.tif,"[4915.360900878906, 3493.9710693359375, 17.6873779296875, 33.6278076171875]",0.8100893497467041,1
293,230618_4-1-1.tif,"[6002.5072021484375, 4900.309387207031, 15.898193359375, 30.30047607421875]",0.8100340366363525,1
294,230618_4-1-1.tif,"[9446.583869934082, 7762.120895385742, 21.022789001464844, 31.999221801757812]",0.8099979758262634,1
295,230618_4-1-1.tif,"[7384.631332397461, 8984.592956542969, 23.779937744140625, 28.3262939453125]",0.8099685907363892,1
296,230618_4-1-1.tif,"[8229.576354980469, 5233.3970947265625, 36.691162109375, 20.875350952148438]",0.8098320364952087,1
297,230618_4-1-1.tif,"[7520.077209472656, 5725.724258422852, 24.12786865234375, 27.275070190429688]",0.8097900748252869,1
298,230618_4-1-1.tif,"[3872.8734741210938, 7213.104789733887, 25.9075927734375, 28.532318115234375]",0.809717059135437,1
299,230618_4-1-1.tif,"[3565.026611328125, 9700.836517333984, 29.819046020507812, 27.737518310546875]",0.8097042441368103,1
300,230618_4-1-1.tif,"[8483.496276855469, 8947.243041992188, 17.0223388671875, 36.65289306640625]",0.8096910119056702,1
301,230618_4-1-1.tif,"[7649.359222412109, 5580.629577636719, 25.612548828125, 25.3408203125]",0.8095904588699341,1
302,230618_4-1-1.tif,"[8452.049255371094, 7757.7745361328125, 17.79248046875, 36.62309265136719]",0.8095789551734924,1
303,230618_4-1-1.tif,"[4629.086181640625, 8521.966186523438, 19.1365966796875, 36.0909423828125]",0.8094852566719055,1
304,230618_4-1-1.tif,"[5632.2828369140625, 7538.346862792969, 20.668678283691406, 34.4102783203125]",0.8094684481620789,1
305,230618_4-1-1.tif,"[8676.061492919922, 9640.528747558594, 19.021240234375, 37.29937744140625]",0.8091471195220947,1
306,230618_4-1-1.tif,"[8882.630783081055, 8328.652267456055, 32.37396240234375, 26.4423828125]",0.8090769052505493,1
307,230618_4-1-1.tif,"[6987.1177978515625, 8654.348083496094, 41.474609375, 21.9478759765625]",0.8090084195137024,1
308,230618_4-1-1.tif,"[6553.735870361328, 6670.520938873291, 33.24609375, 27.197246551513672]",0.8089913129806519,1
309,230618_4-1-1.tif,"[4923.390808105469, 6924.464904785156, 20.1568603515625, 38.8486328125]",0.8089718222618103,1
310,230618_4-1-1.tif,"[7321.654113769531, 5813.618881225586, 23.194091796875, 35.77325439453125]",0.8089514374732971,1
311,230618_4-1-1.tif,"[5817.632110595703, 2599.207763671875, 35.455780029296875, 26.1986083984375]",0.8087645769119263,1
312,230618_4-1-1.tif,"[7935.187255859375, 7442.352813720703, 29.06048583984375, 27.6630859375]",0.8087098598480225,1
313,230618_4-1-1.tif,"[458.8046875, 1852.4902954101562, 25.615478515625, 32.2615966796875]",0.8086957931518555,1
314,230618_4-1-1.tif,"[7940.4246826171875, 9833.297393798828, 22.00469970703125, 27.8817138671875]",0.8086774945259094,1
315,230618_4-1-1.tif,"[7477.353088378906, 9831.5859375, 37.654052734375, 20.20166015625]",0.8086340427398682,1
316,230618_4-1-1.tif,"[4713.500534057617, 8811.293258666992, 20.093582153320312, 34.6146240234375]",0.8084680438041687,1
317,230618_4-1-1.tif,"[2090.831298828125, 8032.825134277344, 15.416633605957031, 35.336669921875]",0.808295726776123,1
318,230618_4-1-1.tif,"[3861.3208618164062, 7578.6934814453125, 32.5626220703125, 17.08477783203125]",0.8082851767539978,1
319,230618_4-1-1.tif,"[9266.465698242188, 4683.254455566406, 31.97021484375, 30.5389404296875]",0.8082848191261292,1
320,230618_4-1-1.tif,"[3949.0593872070312, 9321.254661560059, 36.890533447265625, 20.055641174316406]",0.8082567453384399,1
321,230618_4-1-1.tif,"[9027.002014160156, 8608.217407226562, 18.3707275390625, 34.4112548828125]",0.808220386505127,1
322,230618_4-1-1.tif,"[4534.207702636719, 7273.817886352539, 30.0650634765625, 23.6591796875]",0.8081175088882446,1
323,230618_4-1-1.tif,"[7566.928466796875, 2277.6150512695312, 32.115966796875, 18.031494140625]",0.808075487613678,1
324,230618_4-1-1.tif,"[5299.665176391602, 1065.3115692138672, 41.71038818359375, 17.896812438964844]",0.8079535961151123,1
325,230618_4-1-1.tif,"[4622.339538574219, 7339.665496826172, 35.90386962890625, 27.28521728515625]",0.8079478144645691,1
326,230618_4-1-1.tif,"[5372.508850097656, 6275.635772705078, 21.6719970703125, 35.52899169921875]",0.8078779578208923,1
327,230618_4-1-1.tif,"[9938.663940429688, 3568.7303161621094, 17.120361328125, 36.7475643157959]",0.8078665733337402,1
328,230618_4-1-1.tif,"[558.1349449157715, 7081.044525146484, 17.77281951904297, 36.765106201171875]",0.8078311681747437,1
329,230618_4-1-1.tif,"[3596.522618293762, 8450.78515625, 21.73062038421631, 32.8275146484375]",0.8077364563941956,1
330,230618_4-1-1.tif,"[4353.456481933594, 7280.796737670898, 23.9422607421875, 25.924346923828125]",0.8076876997947693,1
331,230618_4-1-1.tif,"[9573.66732788086, 3758.1473388671875, 32.2021484375, 21.16876220703125]",0.8076708316802979,1
332,230618_4-1-1.tif,"[4532.195495605469, 8261.745498657227, 34.37451171875, 19.258468627929688]",0.8075953722000122,1
333,230618_4-1-1.tif,"[5387.951843261719, 7556.440673828125, 30.2431640625, 28.91058349609375]",0.80754554271698,1
334,230618_4-1-1.tif,"[4576.915435791016, 8804.227233886719, 21.104400634765625, 33.77545166015625]",0.8075339198112488,1
335,230618_4-1-1.tif,"[8967.056335449219, 2930.8538208007812, 30.73974609375, 24.9176025390625]",0.8075337409973145,1
336,230618_4-1-1.tif,"[6035.978332519531, 9886.381103515625, 36.13232421875, 22.95361328125]",0.807383120059967,1
337,230618_4-1-1.tif,"[9389.184661865234, 9047.809509277344, 35.4619140625, 20.34991455078125]",0.8073408603668213,1
338,230618_4-1-1.tif,"[7579.13623046875, 4731.221092224121, 34.2147216796875, 22.79352569580078]",0.8071946501731873,1
339,230618_4-1-1.tif,"[3868.529510498047, 7469.12255859375, 29.681640625, 24.7591552734375]",0.8071634769439697,1
340,230618_4-1-1.tif,"[6404.139831542969, 4828.8358154296875, 17.35626220703125, 31.76806640625]",0.8071601986885071,1
341,230618_4-1-1.tif,"[6116.352600097656, 6110.4947509765625, 38.2994327545166, 25.03973388671875]",0.8071067929267883,1
342,230618_4-1-1.tif,"[3861.4451904296875, 4762.266052246094, 20.1998291015625, 29.96502685546875]",0.8068975210189819,1
343,230618_4-1-1.tif,"[7790.799270629883, 3965.2117919921875, 26.660400390625, 30.39599609375]",0.8068767189979553,1
344,230618_4-1-1.tif,"[7506.3880615234375, 9277.848976135254, 35.243896484375, 17.299034118652344]",0.806818425655365,1
345,230618_4-1-1.tif,"[7631.6873779296875, 8732.423706054688, 21.946533203125, 34.35400390625]",0.8067595958709717,1
346,230618_4-1-1.tif,"[3426.4765625, 6726.350341796875, 34.2664794921875, 20.6572265625]",0.8067348599433899,1
347,230618_4-1-1.tif,"[3251.563766479492, 9493.845031738281, 37.64227294921875, 21.884033203125]",0.8067212104797363,1
348,230618_4-1-1.tif,"[9363.261138916016, 3130.404052734375, 36.174766540527344, 23.981201171875]",0.806709349155426,1
349,230618_4-1-1.tif,"[9759.174926757812, 8510.623931884766, 32.990234375, 17.983795166015625]",0.8066162467002869,1
350,230618_4-1-1.tif,"[8800.357070922852, 1435.3272094726562, 30.322250366210938, 25.7156982421875]",0.8065380454063416,1
351,230618_4-1-1.tif,"[2539.715087890625, 7754.0858154296875, 20.94476318359375, 34.509521484375]",0.8065284490585327,1
352,230618_4-1-1.tif,"[4403.658752441406, 9831.15609741211, 26.02667236328125, 31.45416259765625]",0.8065181374549866,1
353,230618_4-1-1.tif,"[7496.269592285156, 9377.681720733643, 28.215576171875, 36.727134704589844]",0.8065173029899597,1
354,230618_4-1-1.tif,"[7430.236328125, 8670.937866210938, 38.862548828125, 19.64263916015625]",0.8064928650856018,1
355,230618_4-1-1.tif,"[4570.303649902344, 7905.014678955078, 34.36968994140625, 23.71807861328125]",0.8064720034599304,1
356,230618_4-1-1.tif,"[6490.114807128906, 9144.160217285156, 28.6800537109375, 23.596435546875]",0.8064334392547607,1
357,230618_4-1-1.tif,"[1546.7132034301758, 7731.384170532227, 17.479564666748047, 34.815460205078125]",0.8064310550689697,1
358,230618_4-1-1.tif,"[5137.700897216797, 9629.525024414062, 17.55959701538086, 35.697509765625]",0.8064237833023071,1
359,230618_4-1-1.tif,"[2768.2434997558594, 9161.50390625, 23.231689453125, 26.971435546875]",0.8063831329345703,1
360,230618_4-1-1.tif,"[8287.626953125, 7246.952293395996, 34.58976745605469, 25.386695861816406]",0.806347131729126,1
361,230618_4-1-1.tif,"[9502.432647705078, 6843.72705078125, 17.014984130859375, 33.681396484375]",0.8063393831253052,1
362,230618_4-1-1.tif,"[2355.2954711914062, 7470.978576660156, 35.936767578125, 25.063720703125]",0.8063244819641113,1
363,230618_4-1-1.tif,"[4285.7806396484375, 7229.467014312744, 37.918426513671875, 20.95705795288086]",0.8062999844551086,1
364,230618_4-1-1.tif,"[7352.5848388671875, 4452.015563964844, 34.2298583984375, 16.6588134765625]",0.8061042428016663,1
365,230618_4-1-1.tif,"[4239.421722412109, 8618.24185180664, 18.30377197265625, 36.36834716796875]",0.806074321269989,1
366,230618_4-1-1.tif,"[7988.5224609375, 3877.4105224609375, 26.733154296875, 27.14501953125]",0.8060514330863953,1
367,230618_4-1-1.tif,"[2789.3800354003906, 3855.6564331054688, 32.62115478515625, 18.64898681640625]",0.8060395121574402,1
368,230618_4-1-1.tif,"[9414.646564483643, 5563.3773193359375, 34.24998092651367, 17.78204345703125]",0.8060195446014404,1
369,230618_4-1-1.tif,"[5533.930236816406, 6690.0672607421875, 26.31158447265625, 27.4761962890625]",0.8059160709381104,1
370,230618_4-1-1.tif,"[6027.694396972656, 5550.5592041015625, 25.2996826171875, 21.5980224609375]",0.805846095085144,1
371,230618_4-1-1.tif,"[8788.629516601562, 9978.163269042969, 24.1953125, 21.67510986328125]",0.8057615160942078,1
372,230618_4-1-1.tif,"[7563.299377441406, 7414.080139160156, 20.4786376953125, 38.3897705078125]",0.805701732635498,1
373,230618_4-1-1.tif,"[5093.122314453125, 7006.038024902344, 23.11981201171875, 28.57110595703125]",0.8056947588920593,1
374,230618_4-1-1.tif,"[9661.716613769531, 621.599365234375, 37.762451171875, 33.60789489746094]",0.8056695461273193,1
375,230618_4-1-1.tif,"[8167.147277832031, 9595.439575195312, 34.7921085357666, 30.412445068359375]",0.8056082725524902,1
376,230618_4-1-1.tif,"[9900.560424804688, 7077.250335693359, 36.58984375, 19.31365966796875]",0.8055450916290283,1
377,230618_4-1-1.tif,"[4466.882995605469, 8177.320465087891, 22.4736328125, 30.70552635192871]",0.8054372668266296,1
378,230618_4-1-1.tif,"[8408.072021484375, 6182.297424316406, 26.2005615234375, 24.32604217529297]",0.8054055571556091,1
379,230618_4-1-1.tif,"[2875.65185546875, 4538.487030029297, 19.2291259765625, 37.74249267578125]",0.8053814768791199,1
380,230618_4-1-1.tif,"[7217.330528259277, 9965.352722167969, 23.181411743164062, 29.7083740234375]",0.8052406311035156,1
381,230618_4-1-1.tif,"[2187.84912109375, 9573.809814453125, 19.0096435546875, 37.857391357421875]",0.8052250742912292,1
382,230618_4-1-1.tif,"[1586.7949981689453, 7531.434509277344, 16.72327423095703, 38.41729736328125]",0.8051504492759705,1
383,230618_4-1-1.tif,"[5588.414794921875, 7988.215148925781, 19.85498046875, 36.28515625]",0.805110514163971,1
384,230618_4-1-1.tif,"[3064.8866577148438, 4828.9384765625, 19.441396713256836, 35.451263427734375]",0.8050587177276611,1
385,230618_4-1-1.tif,"[8884.679229736328, 7793.54931640625, 40.700408935546875, 30.731414794921875]",0.80501389503479,1
386,230618_4-1-1.tif,"[5151.655456542969, 1099.929084777832, 37.931396484375, 21.0963134765625]",0.8050071597099304,1
387,230618_4-1-1.tif,"[2747.6321716308594, 7460.48388671875, 17.290008544921875, 32.28411865234375]",0.8049721717834473,1
388,230618_4-1-1.tif,"[5451.054260253906, 4986.836730957031, 33.0655517578125, 20.6055908203125]",0.8048771023750305,1
389,230618_4-1-1.tif,"[2230.6337890625, 6010.933044433594, 16.80029296875, 31.6630859375]",0.8046275973320007,1
390,230618_4-1-1.tif,"[4348.466979980469, 9434.283264160156, 26.47320556640625, 33.08668518066406]",0.8046260476112366,1
391,230618_4-1-1.tif,"[5115.280944824219, 2990.0966186523438, 17.59014892578125, 39.00347900390625]",0.8045898079872131,1
392,230618_4-1-1.tif,"[5066.938659667969, 7819.347122192383, 27.05029296875, 26.27593994140625]",0.8045514225959778,1
393,230618_4-1-1.tif,"[4480.305480957031, 7237.885498046875, 25.9119873046875, 28.6929931640625]",0.8045424222946167,1
394,230618_4-1-1.tif,"[2936.5643310546875, 9956.046447753906, 31.81695556640625, 17.4486083984375]",0.8044981956481934,1
395,230618_4-1-1.tif,"[8916.42236328125, 5182.560512542725, 17.786834716796875, 34.66562271118164]",0.8044356107711792,1
396,230618_4-1-1.tif,"[6120.257019042969, 6858.594955444336, 38.377652168273926, 18.334457397460938]",0.8044286966323853,1
397,230618_4-1-1.tif,"[4032.6719360351562, 8595.555541992188, 38.650390625, 17.5635986328125]",0.8043703436851501,1
398,230618_4-1-1.tif,"[2195.0621490478516, 7312.046310424805, 38.02471923828125, 20.575714111328125]",0.8042601346969604,1
399,230618_4-1-1.tif,"[6898.164398193359, 7853.339492797852, 17.81103515625, 37.192779541015625]",0.8040931820869446,1
400,230618_4-1-1.tif,"[7868.103668212891, 1736.114013671875, 17.4261474609375, 38.712890625]",0.8040700554847717,1
401,230618_4-1-1.tif,"[3533.0009765625, 4311.9471435546875, 31.392822265625, 22.272552490234375]",0.8040452599525452,1
402,230618_4-1-1.tif,"[3724.5838317871094, 9949.891845703125, 21.142059326171875, 36.681884765625]",0.8040306568145752,1
403,230618_4-1-1.tif,"[8470.395263671875, 9102.635070800781, 21.41162109375, 27.30340576171875]",0.8040263652801514,1
404,230618_4-1-1.tif,"[6882.524139404297, 6387.691757202148, 28.4127197265625, 30.745010375976562]",0.8040197491645813,1
405,230618_4-1-1.tif,"[4784.384429931641, 9925.48828125, 19.7694091796875, 36.4686279296875]",0.8040087223052979,1
406,230618_4-1-1.tif,"[9560.470428466797, 7516.883483886719, 29.935516357421875, 17.68035888671875]",0.8039878010749817,1
407,230618_4-1-1.tif,"[5056.124908447266, 7511.410217285156, 31.0020751953125, 22.92626953125]",0.8039781451225281,1
408,230618_4-1-1.tif,"[9587.024200439453, 3615.5838623046875, 16.32403564453125, 32.5323486328125]",0.8039321899414062,1
409,230618_4-1-1.tif,"[8129.093505859375, 8781.721282958984, 31.219207763671875, 33.70782470703125]",0.8038659691810608,1
410,230618_4-1-1.tif,"[7859.039703369141, 9797.437927246094, 16.883499145507812, 32.953460693359375]",0.8038631081581116,1
411,230618_4-1-1.tif,"[2415.7113342285156, 4009.0614013671875, 19.30792236328125, 31.8095703125]",0.8036774396896362,1
412,230618_4-1-1.tif,"[5891.613098144531, 6233.5078125, 21.578125, 32.301025390625]",0.8036596775054932,1
413,230618_4-1-1.tif,"[5718.986618041992, 8107.119781494141, 35.09248352050781, 26.581390380859375]",0.8036401271820068,1
414,230618_4-1-1.tif,"[9646.465301513672, 3089.2381172180176, 27.31951904296875, 26.878337860107422]",0.8035832643508911,1
415,230618_4-1-1.tif,"[6626.970184326172, 8041.561950683594, 24.7181396484375, 28.6060791015625]",0.8034462332725525,1
416,230618_4-1-1.tif,"[4896.4293212890625, 7538.8365478515625, 34.859130859375, 21.1728515625]",0.8034292459487915,1
417,230618_4-1-1.tif,"[1306.740478515625, 6114.0350341796875, 17.5770263671875, 36.1959228515625]",0.8033877611160278,1
418,230618_4-1-1.tif,"[9250.313957214355, 3147.1477584838867, 39.53553009033203, 18.57062530517578]",0.803291380405426,1
419,230618_4-1-1.tif,"[7936.944915771484, 9439.758613586426, 23.641021728515625, 35.19249725341797]",0.8032615184783936,1
420,230618_4-1-1.tif,"[4635.2457275390625, 8399.608367919922, 17.13547134399414, 34.99920654296875]",0.8032482862472534,1
421,230618_4-1-1.tif,"[4084.9138793945312, 8863.729461669922, 27.847318649291992, 34.89166259765625]",0.8031224012374878,1
422,230618_4-1-1.tif,"[4163.356948852539, 6257.763671875, 40.639434814453125, 18.763275146484375]",0.803109884262085,1
423,230618_4-1-1.tif,"[3800.522674560547, 6411.26806640625, 18.259246826171875, 38.1583251953125]",0.8030217885971069,1
424,230618_4-1-1.tif,"[4229.582916259766, 5847.3544921875, 36.32891845703125, 17.4564208984375]",0.8030217885971069,1
425,230618_4-1-1.tif,"[2521.0780029296875, 4780.006378173828, 20.3577880859375, 31.91253662109375]",0.8030164837837219,1
426,230618_4-1-1.tif,"[6749.467529296875, 9946.1494140625, 22.72021484375, 35.54132080078125]",0.8030131459236145,1
427,230618_4-1-1.tif,"[8321.944076538086, 3646.2908210754395, 23.234527587890625, 33.24184799194336]",0.8029873967170715,1
428,230618_4-1-1.tif,"[6589.043365478516, 5208.2247314453125, 32.60986328125, 16.812744140625]",0.802912712097168,1
429,230618_4-1-1.tif,"[3813.2384033203125, 7654.832946777344, 22.15509033203125, 28.396728515625]",0.8029009699821472,1
430,230618_4-1-1.tif,"[2944.5794677734375, 8341.491668701172, 18.31732177734375, 39.33563232421875]",0.8028143048286438,1
431,230618_4-1-1.tif,"[6723.95751953125, 2646.1641845703125, 22.916107177734375, 34.1015625]",0.8027510643005371,1
432,230618_4-1-1.tif,"[3878.5433349609375, 9891.679016113281, 24.4451904296875, 29.0587158203125]",0.8027229309082031,1
433,230618_4-1-1.tif,"[5160.060722351074, 6233.9556884765625, 25.487457275390625, 30.2568359375]",0.8025557994842529,1
434,230618_4-1-1.tif,"[1596.6563110351562, 6652.639709472656, 29.32098388671875, 28.871337890625]",0.8025037050247192,1
435,230618_4-1-1.tif,"[4339.794219970703, 7667.0462646484375, 22.992584228515625, 31.05895233154297]",0.8024759292602539,1
436,230618_4-1-1.tif,"[8017.851745605469, 8310.157470703125, 18.9283447265625, 36.46075439453125]",0.802450954914093,1
437,230618_4-1-1.tif,"[3460.7113647460938, 6552.196319580078, 23.8865966796875, 30.85931396484375]",0.8024402260780334,1
438,230618_4-1-1.tif,"[8127.950958251953, 9845.623016357422, 36.152313232421875, 20.8372802734375]",0.8023520112037659,1
439,230618_4-1-1.tif,"[5537.560974121094, 6735.1939697265625, 29.06219482421875, 27.730712890625]",0.8022788166999817,1
440,230618_4-1-1.tif,"[7115.99755859375, 6185.1358642578125, 29.90673828125, 30.54155731201172]",0.8022697567939758,1
441,230618_4-1-1.tif,"[7380.871658325195, 5261.289306640625, 18.75341796875, 35.955322265625]",0.8022461533546448,1
442,230618_4-1-1.tif,"[4360.777038574219, 9520.01870727539, 38.15826416015625, 19.1077880859375]",0.8022112250328064,1
443,230618_4-1-1.tif,"[4995.572174072266, 7105.673889160156, 37.4989013671875, 17.473388671875]",0.8021901845932007,1
444,230618_4-1-1.tif,"[7345.515167236328, 9599.884246826172, 20.45269775390625, 36.31207275390625]",0.8021760582923889,1
445,230618_4-1-1.tif,"[2555.0882568359375, 8661.14306640625, 38.943115234375, 20.14910888671875]",0.8021430969238281,1
446,230618_4-1-1.tif,"[7633.732696533203, 3583.0587158203125, 42.33489990234375, 19.281173706054688]",0.8020899295806885,1
447,230618_4-1-1.tif,"[6300.048187255859, 9715.489440917969, 39.272064208984375, 21.04241943359375]",0.802043616771698,1
448,230618_4-1-1.tif,"[5509.7796630859375, 7254.256408691406, 37.9617919921875, 20.09613037109375]",0.8019651770591736,1
449,230618_4-1-1.tif,"[3352.078369140625, 7011.2689208984375, 18.888427734375, 33.76513671875]",0.8019094467163086,1
450,230618_4-1-1.tif,"[3728.834213256836, 8028.893280029297, 33.5439453125, 18.10296630859375]",0.8017915487289429,1
451,230618_4-1-1.tif,"[4485.287353515625, 7362.520034790039, 30.3968505859375, 23.587188720703125]",0.8017847537994385,1
452,230618_4-1-1.tif,"[8682.366638183594, 5414.215576171875, 39.791500091552734, 20.35491943359375]",0.8017560839653015,1
453,230618_4-1-1.tif,"[8386.786529541016, 9634.326171875, 36.927093505859375, 18.839111328125]",0.8017244338989258,1
454,230618_4-1-1.tif,"[379.71282958984375, 1906.5156860351562, 24.0703125, 31.30010986328125]",0.8016433119773865,1
455,230618_4-1-1.tif,"[284.85699462890625, 1964.029541015625, 20.6962890625, 31.083740234375]",0.8015106916427612,1
456,230618_4-1-1.tif,"[5574.219268798828, 6572.896484375, 17.6036376953125, 31.29541015625]",0.8012405633926392,1
457,230618_4-1-1.tif,"[5932.469421386719, 7272.449523925781, 38.0030517578125, 19.3046875]",0.8012292981147766,1
458,230618_4-1-1.tif,"[4925.8651123046875, 6009.65576171875, 35.2601318359375, 17.583740234375]",0.8011255264282227,1
459,230618_4-1-1.tif,"[3202.1207427978516, 9418.255661010742, 16.0379638671875, 35.9049072265625]",0.8011044263839722,1
460,230618_4-1-1.tif,"[2299.888946533203, 9547.752990722656, 27.9696044921875, 23.748397827148438]",0.8010691404342651,1
461,230618_4-1-1.tif,"[8920.170013427734, 9292.619995117188, 38.289703369140625, 18.36767578125]",0.8009694218635559,1
462,230618_4-1-1.tif,"[6701.708740234375, 4872.337341308594, 18.3487548828125, 34.517578125]",0.8009172081947327,1
463,230618_4-1-1.tif,"[4629.708839416504, 7073.563720703125, 23.337257385253906, 33.77935791015625]",0.8009020686149597,1
464,230618_4-1-1.tif,"[9883.836059570312, 6860.969055175781, 33.174072265625, 17.70660400390625]",0.8008769750595093,1
465,230618_4-1-1.tif,"[8814.513717651367, 8261.557373046875, 18.98431396484375, 33.3466796875]",0.8008689284324646,1
466,230618_4-1-1.tif,"[8713.358154296875, 1714.8140258789062, 24.041259765625, 32.73907470703125]",0.8007901310920715,1
467,230618_4-1-1.tif,"[3765.5021057128906, 9310.344039916992, 24.76513671875, 29.581497192382812]",0.8006992936134338,1
468,230618_4-1-1.tif,"[9062.383361816406, 2553.6469116210938, 19.536376953125, 35.2671012878418]",0.8005289435386658,1
469,230618_4-1-1.tif,"[5843.897644042969, 6017.064270019531, 31.36285400390625, 19.4036865234375]",0.8005155324935913,1
470,230618_4-1-1.tif,"[6925.598937988281, 7710.8489990234375, 35.5743408203125, 18.1241455078125]",0.8004850745201111,1
471,230618_4-1-1.tif,"[972.5377807617188, 9722.393005371094, 30.73760986328125, 22.838134765625]",0.8004512786865234,1
472,230618_4-1-1.tif,"[4783.587677001953, 6685.7950439453125, 30.6236572265625, 25.9287109375]",0.8003684878349304,1
473,230618_4-1-1.tif,"[4104.76513671875, 7402.747985839844, 34.421875, 23.315704345703125]",0.8003586530685425,1
474,230618_4-1-1.tif,"[8029.174407958984, 8043.968109130859, 17.78314208984375, 38.24688720703125]",0.8002910614013672,1
475,230618_4-1-1.tif,"[8097.59375, 5584.433044433594, 22.975341796875, 32.1470947265625]",0.8002855181694031,1
476,230618_4-1-1.tif,"[8651.608795166016, 1834.5419921875, 16.336669921875, 33.6806640625]",0.800248384475708,1
477,230618_4-1-1.tif,"[858.5072021484375, 7784.702239990234, 16.041717529296875, 34.453460693359375]",0.8001405000686646,1
478,230618_4-1-1.tif,"[7794.4892578125, 4574.70849609375, 114.2685546875, 212.6494140625]",0.8000895977020264,1
479,230618_4-1-1.tif,"[7969.265869140625, 7817.8065185546875, 35.6827392578125, 21.4630126953125]",0.800059974193573,1
480,230618_4-1-1.tif,"[7157.224365234375, 9968.036315917969, 17.6507568359375, 31.96368408203125]",0.8000550866127014,1
481,230618_4-1-1.tif,"[6815.292205810547, 9116.060333251953, 32.1055908203125, 30.43670654296875]",0.7999876141548157,1
482,230618_4-1-1.tif,"[6868.16650390625, 6995.7733154296875, 20.9449462890625, 36.64990234375]",0.7998996376991272,1
483,230618_4-1-1.tif,"[3606.9581298828125, 6533.099548339844, 28.37841796875, 35.43212890625]",0.7998399138450623,1
484,230618_4-1-1.tif,"[8288.557250976562, 3908.980743408203, 36.0445556640625, 17.2152099609375]",0.7998273968696594,1
485,230618_4-1-1.tif,"[6567.708312988281, 7584.039733886719, 28.1116943359375, 28.48779296875]",0.7998157143592834,1
486,230618_4-1-1.tif,"[1445.0429382324219, 4387.223358154297, 22.9759521484375, 35.69677734375]",0.7996761798858643,1
487,230618_4-1-1.tif,"[1441.0532531738281, 6098.025634765625, 36.65924072265625, 18.402587890625]",0.7995426654815674,1
488,230618_4-1-1.tif,"[2282.1557006835938, 6493.8863525390625, 37.588409423828125, 19.12152099609375]",0.7995279431343079,1
489,230618_4-1-1.tif,"[9123.263916015625, 7585.677307128906, 28.62158203125, 33.100341796875]",0.7994748950004578,1
490,230618_4-1-1.tif,"[8083.490203857422, 9626.463592529297, 19.59381103515625, 36.5615234375]",0.7994224429130554,1
491,230618_4-1-1.tif,"[9631.81088256836, 7704.722831726074, 29.069000244140625, 30.084495544433594]",0.7994220852851868,1
492,230618_4-1-1.tif,"[2614.0238876342773, 7128.6943359375, 16.169593811035156, 33.209442138671875]",0.7993373870849609,1
493,230618_4-1-1.tif,"[5179.617973327637, 7313.66032409668, 24.825164794921875, 34.983184814453125]",0.7993294596672058,1
494,230618_4-1-1.tif,"[4854.362365722656, 9108.140869140625, 36.4520263671875, 18.787353515625]",0.7992905378341675,1
495,230618_4-1-1.tif,"[4111.958614349365, 9525.549133300781, 29.91070556640625, 27.712158203125]",0.7992495894432068,1
496,230618_4-1-1.tif,"[7216.947235107422, 9506.475769042969, 34.5479736328125, 22.6097412109375]",0.7991803884506226,1
497,230618_4-1-1.tif,"[7744.8907470703125, 8560.138427734375, 31.0931396484375, 32.235870361328125]",0.7991251945495605,1
498,230618_4-1-1.tif,"[3097.529541015625, 5390.468536376953, 18.2705078125, 36.97216796875]",0.7990601062774658,1
499,230618_4-1-1.tif,"[8269.999298095703, 8264.343963623047, 17.495101928710938, 40.12737274169922]",0.7990170121192932,1
500,230618_4-1-1.tif,"[5713.476089477539, 4195.8272705078125, 17.353744506835938, 37.802825927734375]",0.7989925146102905,1
501,230618_4-1-1.tif,"[7148.962463378906, 9132.944458007812, 15.9454345703125, 32.25927734375]",0.7989747524261475,1
502,230618_4-1-1.tif,"[5875.427322387695, 2301.840545654297, 28.433700561523438, 27.4677734375]",0.7989026308059692,1
503,230618_4-1-1.tif,"[8538.643157958984, 3914.034637451172, 18.0426025390625, 33.64385986328125]",0.7987907528877258,1
504,230618_4-1-1.tif,"[9298.991340637207, 7183.1673583984375, 19.63701629638672, 33.878662109375]",0.7987514734268188,1
505,230618_4-1-1.tif,"[9518.920593261719, 6668.0706787109375, 26.631210327148438, 31.441650390625]",0.7986370921134949,1
506,230618_4-1-1.tif,"[4118.4606857299805, 8329.441833496094, 24.24976348876953, 31.52752685546875]",0.7985659837722778,1
507,230618_4-1-1.tif,"[2714.4715881347656, 4059.55859375, 20.10321044921875, 38.9638671875]",0.7984520792961121,1
508,230618_4-1-1.tif,"[8708.257919311523, 6519.6614990234375, 28.922927856445312, 26.6661376953125]",0.798363208770752,1
509,230618_4-1-1.tif,"[7812.6146240234375, 2355.8870239257812, 20.36676025390625, 31.0986328125]",0.7983234524726868,1
510,230618_4-1-1.tif,"[1472.7890014648438, 3322.566925048828, 18.43646240234375, 32.75518798828125]",0.7981729507446289,1
511,230618_4-1-1.tif,"[6828.432525634766, 5453.266204833984, 24.91473388671875, 27.50177001953125]",0.7981649041175842,1
512,230618_4-1-1.tif,"[6908.228546142578, 4190.771240234375, 19.59124755859375, 36.78709411621094]",0.7981554269790649,1
513,230618_4-1-1.tif,"[5474.128112792969, 1818.0526733398438, 33.724365234375, 19.5972900390625]",0.7981331944465637,1
514,230618_4-1-1.tif,"[8244.679862976074, 8371.137817382812, 18.05890655517578, 35.1549072265625]",0.7981038093566895,1
515,230618_4-1-1.tif,"[2773.3152465820312, 6574.091491699219, 30.51129150390625, 28.6361083984375]",0.7980896830558777,1
516,230618_4-1-1.tif,"[7060.589996337891, 2230.5682067871094, 17.94744873046875, 36.22247314453125]",0.7980180978775024,1
517,230618_4-1-1.tif,"[6527.303955078125, 5661.94921875, 20.4097900390625, 32.1453857421875]",0.7979780435562134,1
518,230618_4-1-1.tif,"[4975.285919189453, 7643.779846191406, 37.333984375, 19.6103515625]",0.7979525923728943,1
519,230618_4-1-1.tif,"[9153.767822265625, 5638.509033203125, 32.7322998046875, 21.095060348510742]",0.797917366027832,1
520,230618_4-1-1.tif,"[3274.314910888672, 6250.8492431640625, 28.619171142578125, 23.36566162109375]",0.797904908657074,1
521,230618_4-1-1.tif,"[7695.895616531372, 904.6820678710938, 35.178091049194336, 17.04779052734375]",0.7978344559669495,1
522,230618_4-1-1.tif,"[3832.4696655273438, 6867.506134033203, 37.97259521484375, 18.30743408203125]",0.7977799773216248,1
523,230618_4-1-1.tif,"[987.9808349609375, 7761.290336608887, 16.42181396484375, 36.471527099609375]",0.7977470755577087,1
524,230618_4-1-1.tif,"[1403.0667114257812, 8649.448852539062, 32.80224609375, 27.8902587890625]",0.797743022441864,1
525,230618_4-1-1.tif,"[7085.9661865234375, 9471.473907470703, 17.2286376953125, 32.33978271484375]",0.7977200150489807,1
526,230618_4-1-1.tif,"[7955.474090576172, 2147.3429412841797, 37.276702880859375, 39.455535888671875]",0.7977196574211121,1
527,230618_4-1-1.tif,"[5031.7974853515625, 7673.381774902344, 20.70965576171875, 33.16473197937012]",0.7976556420326233,1
528,230618_4-1-1.tif,"[9248.61083984375, 3205.7742919921875, 17.843856811523438, 30.522369384765625]",0.7975859045982361,1
529,230618_4-1-1.tif,"[5723.928619384766, 5829.128311157227, 20.253387451171875, 32.727142333984375]",0.7975453734397888,1
530,230618_4-1-1.tif,"[4680.481460571289, 5588.687805175781, 17.387725830078125, 39.1590576171875]",0.7975237369537354,1
531,230618_4-1-1.tif,"[5509.415435791016, 7386.257049560547, 20.811279296875, 32.97906494140625]",0.797502338886261,1
532,230618_4-1-1.tif,"[3330.948486328125, 6699.035438537598, 41.343963623046875, 22.956932067871094]",0.7974380254745483,1
533,230618_4-1-1.tif,"[8666.112060546875, 7521.412170410156, 34.185546875, 19.36865234375]",0.7973998188972473,1
534,230618_4-1-1.tif,"[8649.437438964844, 2108.5691680908203, 27.717041015625, 26.435653686523438]",0.7973525524139404,1
535,230618_4-1-1.tif,"[2643.392578125, 7473.849853515625, 27.06884765625, 25.7928466796875]",0.7972956895828247,1
536,230618_4-1-1.tif,"[1053.667610168457, 8311.001037597656, 31.315662384033203, 35.989105224609375]",0.7971751689910889,1
537,230618_4-1-1.tif,"[8517.762817382812, 9517.443145751953, 17.771728515625, 37.115936279296875]",0.79715895652771,1
538,230618_4-1-1.tif,"[7778.4693603515625, 1250.59326171875, 17.0084228515625, 36.17926025390625]",0.7969554662704468,1
539,230618_4-1-1.tif,"[9547.552795410156, 7872.367492675781, 33.33489990234375, 22.32293701171875]",0.7968652248382568,1
540,230618_4-1-1.tif,"[2912.6983642578125, 9067.322814941406, 33.0054931640625, 18.38232421875]",0.7967706918716431,1
541,230618_4-1-1.tif,"[2720.6499633789062, 9966.6064453125, 29.39141845703125, 29.19091796875]",0.7967174053192139,1
542,230618_4-1-1.tif,"[6387.213531494141, 7311.37370300293, 35.81134033203125, 25.37591552734375]",0.7967086434364319,1
543,230618_4-1-1.tif,"[4437.5396728515625, 7964.721435546875, 42.4326171875, 21.321044921875]",0.7967027425765991,1
544,230618_4-1-1.tif,"[8181.4837646484375, 7903.395812988281, 31.276111602783203, 23.687896728515625]",0.7966943979263306,1
545,230618_4-1-1.tif,"[1969.1168518066406, 8735.70361328125, 18.41082763671875, 31.917381286621094]",0.7965984344482422,1
546,230618_4-1-1.tif,"[2319.4789123535156, 9449.688507080078, 22.44598388671875, 35.817543029785156]",0.7965693473815918,1
547,230618_4-1-1.tif,"[6380.9549560546875, 5398.188659667969, 19.54376220703125, 33.0968017578125]",0.7965684533119202,1
548,230618_4-1-1.tif,"[594.125732421875, 1759.7289123535156, 18.21728515625, 33.48114013671875]",0.7965278029441833,1
549,230618_4-1-1.tif,"[2137.533447265625, 5005.306884765625, 21.07666015625, 32.076171875]",0.7965012192726135,1
550,230618_4-1-1.tif,"[2537.3483276367188, 7689.651763916016, 18.32879638671875, 36.377532958984375]",0.7964439988136292,1
551,230618_4-1-1.tif,"[9032.152526855469, 8067.766815185547, 36.1597900390625, 19.2545166015625]",0.7963981032371521,1
552,230618_4-1-1.tif,"[5007.023681640625, 9154.586669921875, 19.53863525390625, 36.814697265625]",0.7963188886642456,1
553,230618_4-1-1.tif,"[1918.6823120117188, 7680.6654052734375, 19.16668701171875, 33.66673278808594]",0.7962878346443176,1
554,230618_4-1-1.tif,"[4012.5538940429688, 6610.534606933594, 20.31817626953125, 34.0977783203125]",0.7962681651115417,1
555,230618_4-1-1.tif,"[7831.5374755859375, 6876.721099853516, 20.65863037109375, 40.2784423828125]",0.7962626814842224,1
556,230618_4-1-1.tif,"[8772.905838012695, 5222.679153442383, 29.610458374023438, 27.289825439453125]",0.7961654663085938,1
557,230618_4-1-1.tif,"[2573.018642425537, 9082.128295898438, 35.3551025390625, 19.951019287109375]",0.7961188554763794,1
558,230618_4-1-1.tif,"[7846.288787841797, 1199.1170349121094, 35.193603515625, 18.4278564453125]",0.7960965633392334,1
559,230618_4-1-1.tif,"[4150.940326690674, 8201.443613052368, 36.336788177490234, 17.078298568725586]",0.7960480451583862,1
560,230618_4-1-1.tif,"[1054.4975776672363, 4396.447937011719, 20.591705322265625, 29.6763916015625]",0.7959751486778259,1
561,230618_4-1-1.tif,"[6589.715118408203, 5314.658142089844, 16.7747802734375, 38.67523193359375]",0.7959550023078918,1
562,230618_4-1-1.tif,"[6493.569091796875, 5258.0439453125, 20.650390625, 33.190643310546875]",0.7959190607070923,1
563,230618_4-1-1.tif,"[2341.3363037109375, 3470.363525390625, 27.253662109375, 24.728759765625]",0.7958969473838806,1
564,230618_4-1-1.tif,"[6815.1846923828125, 2493.778076171875, 36.948516845703125, 21.5362548828125]",0.7958720326423645,1
565,230618_4-1-1.tif,"[2611.4415283203125, 7714.399711608887, 20.591552734375, 37.15630340576172]",0.7957974672317505,1
566,230618_4-1-1.tif,"[2416.7567138671875, 6180.485595703125, 22.95989990234375, 34.09278106689453]",0.7957436442375183,1
567,230618_4-1-1.tif,"[1539.5631141662598, 3049.6336669921875, 31.346187591552734, 18.201751708984375]",0.7956699132919312,1
568,230618_4-1-1.tif,"[8053.036682128906, 4213.689636230469, 36.2706298828125, 16.762237548828125]",0.7956305146217346,1
569,230618_4-1-1.tif,"[7254.4012451171875, 7480.254577636719, 37.143646240234375, 16.88653564453125]",0.7955870628356934,1
570,230618_4-1-1.tif,"[8070.492340087891, 1019.2966003417969, 34.3402099609375, 19.46078109741211]",0.7955700159072876,1
571,230618_4-1-1.tif,"[9810.79165649414, 1427.7341613769531, 36.21697998046875, 21.308380126953125]",0.795354962348938,1
572,230618_4-1-1.tif,"[1765.964599609375, 7579.01416015625, 17.12762451171875, 36.89337158203125]",0.7952830791473389,1
573,230618_4-1-1.tif,"[1715.677978515625, 6914.553253173828, 15.6060791015625, 30.70660400390625]",0.7951937913894653,1
574,230618_4-1-1.tif,"[1789.5546875, 8593.32504272461, 17.44677734375, 32.38385009765625]",0.7951130270957947,1
575,230618_4-1-1.tif,"[9801.30908203125, 6856.99821472168, 34.2608642578125, 21.593276977539062]",0.795043408870697,1
576,230618_4-1-1.tif,"[6184.0794677734375, 8872.976959228516, 30.939453125, 23.577667236328125]",0.7949762344360352,1
577,230618_4-1-1.tif,"[6244.929138183594, 8372.961029052734, 20.5101318359375, 34.18975830078125]",0.7949107885360718,1
578,230618_4-1-1.tif,"[6648.624816894531, 2498.6915893554688, 35.236955642700195, 20.433349609375]",0.7948458194732666,1
579,230618_4-1-1.tif,"[172.8297576904297, 1487.9766235351562, 19.871826171875, 38.481201171875]",0.7948195338249207,1
580,230618_4-1-1.tif,"[3323.5284423828125, 4490.7518310546875, 17.97674560546875, 35.596923828125]",0.7947198152542114,1
581,230618_4-1-1.tif,"[9934.445678710938, 9939.281921386719, 25.625244140625, 28.40576171875]",0.7947096228599548,1
582,230618_4-1-1.tif,"[8914.008193969727, 3379.9902954101562, 30.752166748046875, 29.247802734375]",0.7946051359176636,1
583,230618_4-1-1.tif,"[4023.610107421875, 9580.268463134766, 27.6302490234375, 31.338531494140625]",0.7945789694786072,1
584,230618_4-1-1.tif,"[3265.3546752929688, 4829.289794921875, 28.1126708984375, 23.357666015625]",0.794561505317688,1
585,230618_4-1-1.tif,"[8629.796997070312, 6860.911376953125, 18.5164794921875, 35.933502197265625]",0.7945265173912048,1
586,230618_4-1-1.tif,"[8834.312393188477, 4793.944488525391, 16.623992919921875, 32.633209228515625]",0.7944662570953369,1
587,230618_4-1-1.tif,"[9106.432067871094, 9807.205322265625, 18.5662841796875, 25.7451171875]",0.7944636344909668,1
588,230618_4-1-1.tif,"[4448.964904785156, 6441.0462646484375, 36.062744140625, 18.712646484375]",0.7944616079330444,1
589,230618_4-1-1.tif,"[1199.3731994628906, 6987.813659667969, 31.8375244140625, 22.17779541015625]",0.7944599986076355,1
590,230618_4-1-1.tif,"[9908.008178710938, 4613.071533203125, 19.763671875, 32.813720703125]",0.7943712472915649,1
591,230618_4-1-1.tif,"[2658.5343627929688, 3489.071990966797, 18.74517822265625, 37.803863525390625]",0.7941814064979553,1
592,230618_4-1-1.tif,"[3103.512908935547, 7666.872009277344, 39.069679260253906, 40.043514251708984]",0.7941381335258484,1
593,230618_4-1-1.tif,"[5397.5206298828125, 5971.403839111328, 36.83221435546875, 17.84375]",0.7940311431884766,1
594,230618_4-1-1.tif,"[2305.6510620117188, 3664.3104248046875, 32.6298828125, 18.7197265625]",0.7939531207084656,1
595,230618_4-1-1.tif,"[3583.5831909179688, 7280.7977294921875, 33.46087646484375, 19.283355712890625]",0.7939041256904602,1
596,230618_4-1-1.tif,"[3683.7738647460938, 7349.312423706055, 37.05046081542969, 18.422271728515625]",0.7938844561576843,1
597,230618_4-1-1.tif,"[8987.479797363281, 9068.404418945312, 34.15625, 30.794189453125]",0.7938634157180786,1
598,230618_4-1-1.tif,"[3139.554214477539, 4774.426086425781, 20.582550048828125, 33.8231201171875]",0.7938330173492432,1
599,230618_4-1-1.tif,"[8071.0909423828125, 3179.0469970703125, 22.9344482421875, 30.586990356445312]",0.7937752604484558,1
600,230618_4-1-1.tif,"[5190.3509521484375, 5498.250305175781, 33.55517578125, 24.016845703125]",0.7936968207359314,1
601,230618_4-1-1.tif,"[3008.6152954101562, 9758.699890136719, 31.0325927734375, 22.1575927734375]",0.7936111092567444,1
602,230618_4-1-1.tif,"[4818.332305908203, 7646.4588623046875, 24.1220703125, 32.88525390625]",0.7936096787452698,1
603,230618_4-1-1.tif,"[4373.56591796875, 8626.467010498047, 22.20989990234375, 36.73663330078125]",0.7936043739318848,1
604,230618_4-1-1.tif,"[9650.246398925781, 3764.8929748535156, 29.27587890625, 27.14508056640625]",0.7936010956764221,1
605,230618_4-1-1.tif,"[3981.251953125, 6437.215881347656, 17.6676025390625, 36.90936279296875]",0.7935690879821777,1
606,230618_4-1-1.tif,"[7979.376403808594, 7251.5711669921875, 21.0899658203125, 36.505767822265625]",0.7935310006141663,1
607,230618_4-1-1.tif,"[7614.259338378906, 3504.5736083984375, 35.10400390625, 16.42919921875]",0.7935253381729126,1
608,230618_4-1-1.tif,"[4090.5950927734375, 4312.217224121094, 28.9298095703125, 27.95697021484375]",0.7934356331825256,1
609,230618_4-1-1.tif,"[8590.34194946289, 3530.8529052734375, 26.79449462890625, 28.8770751953125]",0.7933326363563538,1
610,230618_4-1-1.tif,"[4611.60546875, 9042.4091796875, 35.344146728515625, 19.40228271484375]",0.793316662311554,1
611,230618_4-1-1.tif,"[6828.335968017578, 8979.990783691406, 20.46795654296875, 39.904296875]",0.7932783961296082,1
612,230618_4-1-1.tif,"[5609.0357666015625, 2885.3597412109375, 40.47564506530762, 17.6495361328125]",0.7932505011558533,1
613,230618_4-1-1.tif,"[6876.41552734375, 6093.656799316406, 17.34130859375, 40.0802001953125]",0.7932345867156982,1
614,230618_4-1-1.tif,"[7718.423629760742, 7132.890808105469, 19.607025146484375, 35.918212890625]",0.7932304739952087,1
615,230618_4-1-1.tif,"[7438.738037109375, 9751.704040527344, 33.220947265625, 22.3787841796875]",0.7931634783744812,1
616,230618_4-1-1.tif,"[4045.0553588867188, 7682.30871963501, 24.726806640625, 31.22148895263672]",0.7931151986122131,1
617,230618_4-1-1.tif,"[6094.2510986328125, 7416.1435546875, 36.0325927734375, 20.811279296875]",0.7931150197982788,1
618,230618_4-1-1.tif,"[8261.862564086914, 7695.82527923584, 34.93595886230469, 21.142410278320312]",0.7931036353111267,1
619,230618_4-1-1.tif,"[5880.662689208984, 5922.900146484375, 33.55511474609375, 20.1265869140625]",0.7928881645202637,1
620,230618_4-1-1.tif,"[4413.295135498047, 5627.951995849609, 17.19140625, 36.020050048828125]",0.7928528189659119,1
621,230618_4-1-1.tif,"[6123.903381347656, 5089.5357666015625, 17.1995849609375, 31.887451171875]",0.7928417921066284,1
622,230618_4-1-1.tif,"[8477.55355834961, 4347.663513183594, 21.82916259765625, 31.740478515625]",0.7928113341331482,1
623,230618_4-1-1.tif,"[2104.999198913574, 8745.248168945312, 17.65271759033203, 39.607177734375]",0.792775571346283,1
624,230618_4-1-1.tif,"[2524.5582275390625, 9548.772491455078, 30.93450927734375, 19.094573974609375]",0.7927324771881104,1
625,230618_4-1-1.tif,"[4298.662139892578, 7655.9962158203125, 28.188201904296875, 33.35313415527344]",0.7926372289657593,1
626,230618_4-1-1.tif,"[2879.3579711914062, 9842.398559570312, 19.1124267578125, 37.115478515625]",0.7924811840057373,1
627,230618_4-1-1.tif,"[6828.645294189453, 9602.450439453125, 29.916351318359375, 24.406494140625]",0.792472243309021,1
628,230618_4-1-1.tif,"[2271.4950561523438, 8653.268493652344, 36.48284912109375, 19.3226318359375]",0.7924620509147644,1
629,230618_4-1-1.tif,"[2399.4738159179688, 7161.4324951171875, 17.5203857421875, 38.665191650390625]",0.7924465537071228,1
630,230618_4-1-1.tif,"[5114.103179931641, 6515.024597167969, 41.860328674316406, 18.7308349609375]",0.7924076318740845,1
631,230618_4-1-1.tif,"[1093.952133178711, 6639.3709716796875, 22.091598510742188, 37.78786087036133]",0.7923663258552551,1
632,230618_4-1-1.tif,"[6738.0545654296875, 6123.4820556640625, 24.102783203125, 36.544677734375]",0.7923442721366882,1
633,230618_4-1-1.tif,"[2200.677520751953, 3998.1824645996094, 17.87841796875, 36.9603271484375]",0.7923387289047241,1
634,230618_4-1-1.tif,"[9739.21224975586, 2714.6205139160156, 31.82525634765625, 23.160430908203125]",0.7923315167427063,1
635,230618_4-1-1.tif,"[6364.304443359375, 5846.395965576172, 26.729736328125, 33.8487548828125]",0.7922984957695007,1
636,230618_4-1-1.tif,"[9121.955993652344, 7639.563079833984, 22.20501708984375, 35.2469482421875]",0.792155385017395,1
637,230618_4-1-1.tif,"[6981.054840087891, 2692.5912170410156, 18.55780029296875, 33.353607177734375]",0.7920634150505066,1
638,230618_4-1-1.tif,"[4635.708490371704, 5771.992614746094, 32.655683517456055, 21.800262451171875]",0.7920564413070679,1
639,230618_4-1-1.tif,"[3720.4290313720703, 7036.240051269531, 21.79913330078125, 34.53955078125]",0.7920046448707581,1
640,230618_4-1-1.tif,"[1786.0097045898438, 4011.8021850585938, 20.81072998046875, 32.2276611328125]",0.7919405698776245,1
641,230618_4-1-1.tif,"[5718.247055053711, 7590.802490234375, 19.214248657226562, 38.1700439453125]",0.7919398546218872,1
642,230618_4-1-1.tif,"[5422.121337890625, 5123.4698486328125, 34.35382080078125, 25.50027847290039]",0.7919215559959412,1
643,230618_4-1-1.tif,"[5491.650939941406, 7894.423294067383, 35.44580078125, 18.168731689453125]",0.7918868064880371,1
644,230618_4-1-1.tif,"[2980.6016235351562, 6985.272399902344, 35.49169921875, 17.7607421875]",0.7917761206626892,1
645,230618_4-1-1.tif,"[4990.07275390625, 9711.429504394531, 20.30029296875, 34.0269775390625]",0.7917339205741882,1
646,230618_4-1-1.tif,"[7954.70751953125, 2801.4393920898438, 27.94866943359375, 23.562164306640625]",0.7916829586029053,1
647,230618_4-1-1.tif,"[4931.748229980469, 9176.599029541016, 21.6865234375, 31.38885498046875]",0.7915997505187988,1
648,230618_4-1-1.tif,"[5161.6842041015625, 5986.991149902344, 15.88525390625, 33.344970703125]",0.7915531992912292,1
649,230618_4-1-1.tif,"[2888.1058044433594, 7181.179080963135, 16.51629638671875, 34.7393684387207]",0.7914780378341675,1
650,230618_4-1-1.tif,"[7757.6488037109375, 8682.930358886719, 23.48193359375, 38.3143253326416]",0.7914772033691406,1
651,230618_4-1-1.tif,"[5404.5123291015625, 6603.929931640625, 20.83062744140625, 38.2745361328125]",0.7914512157440186,1
652,230618_4-1-1.tif,"[7043.316345214844, 6126.959503173828, 20.2947998046875, 35.55912399291992]",0.7914199233055115,1
653,230618_4-1-1.tif,"[7879.930725097656, 9623.903442382812, 18.619384765625, 37.637451171875]",0.7913849949836731,1
654,230618_4-1-1.tif,"[7070.690704345703, 6068.723327636719, 22.3951416015625, 30.767822265625]",0.791128396987915,1
655,230618_4-1-1.tif,"[1600.8748626708984, 6456.5589599609375, 17.588760375976562, 36.69970703125]",0.7911156415939331,1
656,230618_4-1-1.tif,"[1766.382553100586, 5854.661651611328, 17.558746337890625, 35.4638671875]",0.7910900115966797,1
657,230618_4-1-1.tif,"[4500.020446777344, 5850.084197998047, 22.5057373046875, 30.1646728515625]",0.7910065054893494,1
658,230618_4-1-1.tif,"[2693.473373413086, 3120.9853515625, 30.344573974609375, 30.454833984375]",0.7908878922462463,1
659,230618_4-1-1.tif,"[1276.2499694824219, 4151.1568603515625, 36.7613525390625, 18.412353515625]",0.7908403277397156,1
660,230618_4-1-1.tif,"[4041.5574951171875, 6152.108154296875, 34.644744873046875, 20.875244140625]",0.7907880544662476,1
661,230618_4-1-1.tif,"[6237.071647644043, 4537.754425048828, 16.652725219726562, 39.57525634765625]",0.7907478213310242,1
662,230618_4-1-1.tif,"[4100.798095703125, 8453.388885498047, 19.0665283203125, 36.324188232421875]",0.7906877994537354,1
663,230618_4-1-1.tif,"[5333.501312255859, 6644.351501464844, 20.41278076171875, 35.1663818359375]",0.7906506657600403,1
664,230618_4-1-1.tif,"[7802.381652832031, 6214.956787109375, 22.39202880859375, 45.869873046875]",0.7905300259590149,1
665,230618_4-1-1.tif,"[6851.256164550781, 3761.6710052490234, 28.87896728515625, 24.60552978515625]",0.7904918193817139,1
666,230618_4-1-1.tif,"[2297.1011962890625, 4997.269805908203, 19.31463623046875, 27.5828857421875]",0.7904044389724731,1
667,230618_4-1-1.tif,"[7235.033729553223, 8451.840576171875, 37.255332946777344, 17.697998046875]",0.7903269529342651,1
668,230618_4-1-1.tif,"[9147.997985839844, 708.2754058837891, 16.59283447265625, 30.660369873046875]",0.7903220653533936,1
669,230618_4-1-1.tif,"[391.4051513671875, 1860.7258605957031, 35.410400390625, 18.1070556640625]",0.7901914715766907,1
670,230618_4-1-1.tif,"[818.4273681640625, 6162.299991607666, 24.3529052734375, 37.67981719970703]",0.7900205254554749,1
671,230618_4-1-1.tif,"[3033.91552734375, 8124.858306884766, 34.561279296875, 26.93475341796875]",0.7900126576423645,1
672,230618_4-1-1.tif,"[1794.4287719726562, 6577.00439453125, 17.2833251953125, 35.3966064453125]",0.7899688482284546,1
673,230618_4-1-1.tif,"[9328.122314453125, 8971.484130859375, 17.196624755859375, 40.6663818359375]",0.7898311018943787,1
674,230618_4-1-1.tif,"[9048.153503417969, 7138.385955810547, 31.0361328125, 20.83905029296875]",0.7896337509155273,1
675,230618_4-1-1.tif,"[8553.145385742188, 3383.0446166992188, 20.9698486328125, 24.7513427734375]",0.7896120548248291,1
676,230618_4-1-1.tif,"[936.7794799804688, 9910.953186035156, 16.9139404296875, 34.5836181640625]",0.7895347476005554,1
677,230618_4-1-1.tif,"[7753.428161621094, 7642.352233886719, 19.25048828125, 35.46990966796875]",0.7894972562789917,1
678,230618_4-1-1.tif,"[6554.895446777344, 5242.381591796875, 41.194091796875, 26.262130737304688]",0.7893927693367004,1
679,230618_4-1-1.tif,"[8371.493576049805, 1306.1422119140625, 16.44970703125, 29.1011962890625]",0.7893621921539307,1
680,230618_4-1-1.tif,"[3187.0928955078125, 6781.557464599609, 33.941162109375, 30.617401123046875]",0.789294421672821,1
681,230618_4-1-1.tif,"[7356.889221191406, 9155.16567993164, 22.7261962890625, 33.64093017578125]",0.7892810106277466,1
682,230618_4-1-1.tif,"[8201.814506530762, 571.8491058349609, 31.4693603515625, 16.373641967773438]",0.7892593741416931,1
683,230618_4-1-1.tif,"[761.2930297851562, 2146.468017578125, 19.499786376953125, 37.255859375]",0.7891852855682373,1
684,230618_4-1-1.tif,"[4008.5681762695312, 8925.024612426758, 16.7738037109375, 34.87457275390625]",0.7891668677330017,1
685,230618_4-1-1.tif,"[2577.35205078125, 5163.5067138671875, 38.66697692871094, 17.915283203125]",0.789145827293396,1
686,230618_4-1-1.tif,"[3952.5577697753906, 9032.03515625, 21.1832275390625, 32.2906494140625]",0.7891127467155457,1
687,230618_4-1-1.tif,"[7193.854425430298, 3617.6448974609375, 35.20649528503418, 16.92176055908203]",0.7890152931213379,1
688,230618_4-1-1.tif,"[9526.538040161133, 4471.334686279297, 30.00823974609375, 26.71966552734375]",0.7889800667762756,1
689,230618_4-1-1.tif,"[7216.8474197387695, 4981.709899902344, 37.71455383300781, 18.3818359375]",0.7889721393585205,1
690,230618_4-1-1.tif,"[8838.822143554688, 1996.7724609375, 25.5748291015625, 24.8941650390625]",0.7889001965522766,1
691,230618_4-1-1.tif,"[5109.768768310547, 1009.9830017089844, 24.913537979125977, 32.41594696044922]",0.7888431549072266,1
692,230618_4-1-1.tif,"[2222.7788696289062, 7475.6807861328125, 18.266998291015625, 39.046630859375]",0.7888405323028564,1
693,230618_4-1-1.tif,"[6835.546203613281, 9502.277221679688, 31.7852783203125, 26.458251953125]",0.788829505443573,1
694,230618_4-1-1.tif,"[3345.7315673828125, 6397.937759399414, 26.8436279296875, 30.122665405273438]",0.7886667847633362,1
695,230618_4-1-1.tif,"[6448.328796386719, 6976.880340576172, 16.993896484375, 37.3779296875]",0.788631021976471,1
696,230618_4-1-1.tif,"[18.911006927490234, 2070.8324432373047, 20.244964599609375, 41.26038360595703]",0.7885800004005432,1
697,230618_4-1-1.tif,"[9941.016235351562, 4084.8416137695312, 35.9803466796875, 20.791526794433594]",0.7885154485702515,1
698,230618_4-1-1.tif,"[2572.570873260498, 8224.414367675781, 18.03772735595703, 39.88006591796875]",0.7884056568145752,1
699,230618_4-1-1.tif,"[6880.082824707031, 7082.509033203125, 37.373046875, 21.4124755859375]",0.7883194088935852,1
700,230618_4-1-1.tif,"[5492.510498046875, 2730.3099670410156, 34.45458984375, 17.56207275390625]",0.7883070111274719,1
701,230618_4-1-1.tif,"[429.5400390625, 2005.867431640625, 39.5460205078125, 19.1527099609375]",0.7882908582687378,1
702,230618_4-1-1.tif,"[2295.6617736816406, 4568.990142822266, 32.332763671875, 21.98748779296875]",0.7882882356643677,1
703,230618_4-1-1.tif,"[7316.169769287109, 3279.0919189453125, 22.036376953125, 31.2822265625]",0.788280189037323,1
704,230618_4-1-1.tif,"[8103.459228515625, 6741.3397216796875, 33.9564208984375, 16.064208984375]",0.7882029414176941,1
705,230618_4-1-1.tif,"[8017.409088134766, 2896.45556640625, 17.28070068359375, 37.505859375]",0.788143515586853,1
706,230618_4-1-1.tif,"[1221.8934020996094, 1752.0424499511719, 18.68182373046875, 35.763092041015625]",0.7881171107292175,1
707,230618_4-1-1.tif,"[2267.831741333008, 8725.427034378052, 25.386825561523438, 30.032087326049805]",0.788092851638794,1
708,230618_4-1-1.tif,"[6688.541564941406, 5174.474197387695, 19.96904754638672, 32.31510925292969]",0.7880330085754395,1
709,230618_4-1-1.tif,"[8508.279174804688, 8229.555564880371, 26.269439697265625, 31.745643615722656]",0.7880250215530396,1
710,230618_4-1-1.tif,"[7113.0701904296875, 2916.8014526367188, 41.132080078125, 17.61279296875]",0.7879984378814697,1
711,230618_4-1-1.tif,"[8070.6568603515625, 6853.340087890625, 36.2637939453125, 19.33319091796875]",0.7878658771514893,1
712,230618_4-1-1.tif,"[8475.986206054688, 9672.762634277344, 35.312347412109375, 19.686676025390625]",0.7878502607345581,1
713,230618_4-1-1.tif,"[580.5417022705078, 6100.824279785156, 41.81890869140625, 18.3349609375]",0.7878353595733643,1
714,230618_4-1-1.tif,"[3494.2835083007812, 8307.523529052734, 38.6719970703125, 16.776168823242188]",0.7878167629241943,1
715,230618_4-1-1.tif,"[788.134033203125, 2293.194091796875, 18.9576416015625, 36.704833984375]",0.7876595258712769,1
716,230618_4-1-1.tif,"[8376.377456665039, 1564.697608947754, 16.464950561523438, 35.546165466308594]",0.7876526713371277,1
717,230618_4-1-1.tif,"[541.6113243103027, 2049.349697113037, 19.7862548828125, 42.00020980834961]",0.7875404953956604,1
718,230618_4-1-1.tif,"[5520.0328369140625, 1109.9671630859375, 20.1649169921875, 33.492919921875]",0.7875381112098694,1
719,230618_4-1-1.tif,"[9638.42172241211, 2693.0564575195312, 17.87835693359375, 32.58575439453125]",0.7875261306762695,1
720,230618_4-1-1.tif,"[5459.524719238281, 6121.6728515625, 27.932586669921875, 31.372669219970703]",0.7874857783317566,1
721,230618_4-1-1.tif,"[8975.2646484375, 3262.894500732422, 23.35858154296875, 31.465301513671875]",0.7873949408531189,1
722,230618_4-1-1.tif,"[730.5620727539062, 9793.66552734375, 31.3271484375, 18.14208984375]",0.787379801273346,1
723,230618_4-1-1.tif,"[822.5986328125, 8402.702514648438, 17.00830078125, 38.53924560546875]",0.7872939705848694,1
724,230618_4-1-1.tif,"[1250.5769958496094, 4725.455078125, 39.585968017578125, 21.786346435546875]",0.7872747182846069,1
725,230618_4-1-1.tif,"[6527.125762939453, 8983.684387207031, 35.30743408203125, 15.9891357421875]",0.7872591614723206,1
726,230618_4-1-1.tif,"[5487.8817138671875, 7526.197814941406, 37.54736328125, 18.1463623046875]",0.7872189283370972,1
727,230618_4-1-1.tif,"[3147.2738037109375, 4273.249176025391, 25.0244140625, 31.0126953125]",0.7871575951576233,1
728,230618_4-1-1.tif,"[4459.892333984375, 5307.862487792969, 33.285888671875, 15.5909423828125]",0.787147045135498,1
729,230618_4-1-1.tif,"[2981.947998046875, 4193.967025756836, 16.95184326171875, 37.876312255859375]",0.7871406674385071,1
730,230618_4-1-1.tif,"[9778.808715820312, 7026.06103515625, 24.079833984375, 31.5823974609375]",0.7870826721191406,1
731,230618_4-1-1.tif,"[1638.0689697265625, 7576.730285644531, 33.21836853027344, 22.2369384765625]",0.7869218587875366,1
732,230618_4-1-1.tif,"[3232.0926513671875, 6435.558197021484, 32.98760986328125, 21.79229736328125]",0.7869148254394531,1
733,230618_4-1-1.tif,"[4162.8734130859375, 5022.476806640625, 31.95458984375, 21.38427734375]",0.7869046926498413,1
734,230618_4-1-1.tif,"[5416.904052734375, 5544.032745361328, 17.0169677734375, 34.06591796875]",0.786862850189209,1
735,230618_4-1-1.tif,"[4737.010192871094, 6041.791473388672, 16.94671630859375, 40.178466796875]",0.7868593335151672,1
736,230618_4-1-1.tif,"[385.36358642578125, 1608.8812255859375, 17.238525390625, 38.66575622558594]",0.7868404388427734,1
737,230618_4-1-1.tif,"[2373.11181640625, 6629.937255859375, 17.3465576171875, 34.92755126953125]",0.7868095636367798,1
738,230618_4-1-1.tif,"[4806.472564697266, 8246.297485351562, 19.780029296875, 34.773681640625]",0.7868038415908813,1
739,230618_4-1-1.tif,"[6835.11767578125, 4372.744567871094, 17.42730712890625, 40.8399658203125]",0.7867764234542847,1
740,230618_4-1-1.tif,"[4813.611663818359, 6079.189514160156, 33.25775146484375, 22.64654541015625]",0.7866948246955872,1
741,230618_4-1-1.tif,"[2155.7255859375, 8549.906036376953, 35.66084289550781, 17.831146240234375]",0.7866847515106201,1
742,230618_4-1-1.tif,"[9048.162414550781, 3591.9725980758667, 39.477752685546875, 24.0964937210083]",0.7866798043251038,1
743,230618_4-1-1.tif,"[3969.750244140625, 7754.38818359375, 196.927001953125, 158.43408203125]",0.7866309881210327,1
744,230618_4-1-1.tif,"[6010.638427734375, 6367.466156005859, 19.611083984375, 32.8892822265625]",0.7866240739822388,1
745,230618_4-1-1.tif,"[2382.8950805664062, 8770.518188476562, 21.735107421875, 26.91815185546875]",0.7865403890609741,1
746,230618_4-1-1.tif,"[7035.521087646484, 2373.7005615234375, 19.50811767578125, 37.74609375]",0.7864955067634583,1
747,230618_4-1-1.tif,"[747.7717895507812, 6595.801696777344, 39.14129638671875, 18.09930419921875]",0.7863803505897522,1
748,230618_4-1-1.tif,"[4868.7508544921875, 5405.513854980469, 20.19287109375, 28.76629638671875]",0.7863720655441284,1
749,230618_4-1-1.tif,"[2924.4674377441406, 6621.392333984375, 16.19976806640625, 37.0504150390625]",0.7863563299179077,1
750,230618_4-1-1.tif,"[435.7703857421875, 1320.6344299316406, 33.856201171875, 20.61383056640625]",0.7863406538963318,1
751,230618_4-1-1.tif,"[4225.155670166016, 8694.172912597656, 19.807647705078125, 37.31228256225586]",0.7862483859062195,1
752,230618_4-1-1.tif,"[6234.877426147461, 4809.100158691406, 16.792861938476562, 39.94891357421875]",0.7862366437911987,1
753,230618_4-1-1.tif,"[6916.118957519531, 7557.971008300781, 32.28521728515625, 36.610107421875]",0.7860545516014099,1
754,230618_4-1-1.tif,"[4082.1937255859375, 6524.743896484375, 15.66717529296875, 35.642578125]",0.7859805822372437,1
755,230618_4-1-1.tif,"[3985.8817443847656, 8498.284240722656, 31.0689697265625, 27.580810546875]",0.7859156727790833,1
756,230618_4-1-1.tif,"[1033.6036586761475, 5701.139404296875, 16.413253784179688, 33.525634765625]",0.7857799530029297,1
757,230618_4-1-1.tif,"[9894.57666015625, 3417.7622680664062, 20.32421875, 34.9327392578125]",0.7857621312141418,1
758,230618_4-1-1.tif,"[1771.8517456054688, 8908.609436035156, 36.556640625, 18.1927490234375]",0.7856601476669312,1
759,230618_4-1-1.tif,"[1570.1279067993164, 7641.811462402344, 34.453392028808594, 18.62261962890625]",0.7856566309928894,1
760,230618_4-1-1.tif,"[3122.2794189453125, 7250.3924560546875, 24.232177734375, 35.496826171875]",0.7856550812721252,1
761,230618_4-1-1.tif,"[5439.9501953125, 2091.825912475586, 35.6563720703125, 18.728775024414062]",0.7855805158615112,1
762,230618_4-1-1.tif,"[7480.807556152344, 4313.83935546875, 41.844482421875, 18.29248046875]",0.7855782508850098,1
763,230618_4-1-1.tif,"[3997.079803466797, 6894.929840087891, 36.1229248046875, 17.07208251953125]",0.7855569124221802,1
764,230618_4-1-1.tif,"[8883.793212890625, 2732.651580810547, 39.01055908203125, 23.96337890625]",0.7854191660881042,1
765,230618_4-1-1.tif,"[1794.922607421875, 4828.328887939453, 18.95306396484375, 31.334716796875]",0.7852901220321655,1
766,230618_4-1-1.tif,"[9981.57177734375, 2419.0323486328125, 18.42822265625, 27.06591796875]",0.7851791381835938,1
767,230618_4-1-1.tif,"[9049.959411621094, 2115.5069580078125, 27.175048828125, 23.45856475830078]",0.7851581573486328,1
768,230618_4-1-1.tif,"[9925.781982421875, 9763.333312988281, 41.825927734375, 18.822998046875]",0.7851448655128479,1
769,230618_4-1-1.tif,"[4043.990478515625, 9117.886657714844, 22.7073974609375, 33.79168701171875]",0.7851046919822693,1
770,230618_4-1-1.tif,"[5956.0328369140625, 9188.425842285156, 20.2314453125, 39.821173667907715]",0.7850530743598938,1
771,230618_4-1-1.tif,"[6925.352478027344, 3999.8729248046875, 16.4493408203125, 33.2830810546875]",0.7849313020706177,1
772,230618_4-1-1.tif,"[3645.336925506592, 8118.9434814453125, 16.539676666259766, 36.077880859375]",0.7847925424575806,1
773,230618_4-1-1.tif,"[9339.737228393555, 3364.2177124023438, 27.49761962890625, 19.7529296875]",0.7847911715507507,1
774,230618_4-1-1.tif,"[2162.3995361328125, 7708.10758972168, 21.080734252929688, 40.75599670410156]",0.7847905158996582,1
775,230618_4-1-1.tif,"[5696.338073730469, 2207.6509704589844, 29.03204345703125, 20.05328369140625]",0.7847796082496643,1
776,230618_4-1-1.tif,"[8253.631477355957, 8055.5338134765625, 18.400131225585938, 37.524658203125]",0.7847570776939392,1
777,230618_4-1-1.tif,"[6685.859130859375, 2708.1969451904297, 19.46044921875, 32.923675537109375]",0.7846606969833374,1
778,230618_4-1-1.tif,"[9897.065185546875, 3059.29736328125, 38.52294921875, 19.424196243286133]",0.7846553921699524,1
779,230618_4-1-1.tif,"[9413.449310302734, 7442.3043212890625, 30.09942626953125, 34.23968505859375]",0.7846307158470154,1
780,230618_4-1-1.tif,"[8090.872894287109, 3551.7551879882812, 36.968505859375, 19.9188232421875]",0.7845506072044373,1
781,230618_4-1-1.tif,"[1123.46826171875, 8418.393035888672, 42.700714111328125, 17.611572265625]",0.7844867706298828,1
782,230618_4-1-1.tif,"[7902.421630859375, 2774.6329345703125, 17.21038818359375, 34.562774658203125]",0.7844136953353882,1
783,230618_4-1-1.tif,"[5877.184326171875, 6943.921569824219, 38.8729248046875, 23.170654296875]",0.784408688545227,1
784,230618_4-1-1.tif,"[9645.00845336914, 4912.948181152344, 19.53778076171875, 31.7161865234375]",0.7844048738479614,1
785,230618_4-1-1.tif,"[7479.718811035156, 6182.847671508789, 30.47869873046875, 31.13214111328125]",0.784278929233551,1
786,230618_4-1-1.tif,"[7408.012054443359, 5447.28759765625, 22.013885498046875, 37.29736328125]",0.7842276096343994,1
787,230618_4-1-1.tif,"[4120.7723388671875, 7142.093048095703, 33.69346618652344, 21.919647216796875]",0.7840899229049683,1
788,230618_4-1-1.tif,"[8551.967102050781, 8666.148498535156, 38.830078125, 20.52484130859375]",0.7839906811714172,1
789,230618_4-1-1.tif,"[615.8969116210938, 7828.113586425781, 17.41876220703125, 40.40045166015625]",0.7838584184646606,1
790,230618_4-1-1.tif,"[7370.822814941406, 2638.3602294921875, 21.10919189453125, 34.080322265625]",0.7838249802589417,1
791,230618_4-1-1.tif,"[4560.050842285156, 6438.391265869141, 20.2506103515625, 33.523681640625]",0.783690333366394,1
792,230618_4-1-1.tif,"[7587.5479736328125, 3268.9471130371094, 25.3260498046875, 31.3226318359375]",0.7836843729019165,1
793,230618_4-1-1.tif,"[6177.950744628906, 2051.4919509887695, 16.26947021484375, 40.80113983154297]",0.783621609210968,1
794,230618_4-1-1.tif,"[1789.1802062988281, 7823.15771484375, 33.43292236328125, 20.833984375]",0.7835132479667664,1
795,230618_4-1-1.tif,"[4343.799255371094, 5888.78955078125, 16.91375732421875, 33.39691162109375]",0.7834789156913757,1
796,230618_4-1-1.tif,"[7307.7562255859375, 2659.9127197265625, 17.05743408203125, 40.457244873046875]",0.7833383083343506,1
797,230618_4-1-1.tif,"[6371.494812011719, 4643.431823730469, 18.80535888671875, 42.760009765625]",0.7833197712898254,1
798,230618_4-1-1.tif,"[8023.8953857421875, 6322.871276855469, 41.44012451171875, 18.58544921875]",0.7831870317459106,1
799,230618_4-1-1.tif,"[9886.051879882812, 5853.1461181640625, 17.3798828125, 38.6224365234375]",0.7831502556800842,1
800,230618_4-1-1.tif,"[6633.524230957031, 5515.382019042969, 32.566843032836914, 28.515869140625]",0.7830880284309387,1
801,230618_4-1-1.tif,"[3921.4109497070312, 6670.148433685303, 23.26690673828125, 34.107059478759766]",0.7830416560173035,1
802,230618_4-1-1.tif,"[2098.6545486450195, 6705.05086517334, 17.001319885253906, 33.54901123046875]",0.7830283641815186,1
803,230618_4-1-1.tif,"[1514.9329223632812, 8311.051704406738, 26.53318977355957, 31.50273895263672]",0.782922089099884,1
804,230618_4-1-1.tif,"[3796.069610595703, 6007.115539550781, 30.039093017578125, 22.8115234375]",0.7828830480575562,1
805,230618_4-1-1.tif,"[7602.978210449219, 9898.302001953125, 31.1029052734375, 28.181884765625]",0.7828478813171387,1
806,230618_4-1-1.tif,"[1066.6827697753906, 9739.666564941406, 35.13319396972656, 20.80316162109375]",0.7827879786491394,1
807,230618_4-1-1.tif,"[8315.672332763672, 3480.1920166015625, 33.63037109375, 20.13726806640625]",0.7827863693237305,1
808,230618_4-1-1.tif,"[8115.7122802734375, 7710.452392578125, 21.47906494140625, 33.40556335449219]",0.7827669382095337,1
809,230618_4-1-1.tif,"[7886.260040283203, 4623.594253540039, 34.000335693359375, 21.933761596679688]",0.7827271819114685,1
810,230618_4-1-1.tif,"[6167.435791015625, 3636.7783241271973, 19.035316467285156, 38.721134185791016]",0.782681941986084,1
811,230618_4-1-1.tif,"[2829.6854248046875, 7586.345031738281, 30.2691650390625, 20.879150390625]",0.7826809883117676,1
812,230618_4-1-1.tif,"[6952.240234375, 9664.166076660156, 17.605712890625, 39.846160888671875]",0.7825931906700134,1
813,230618_4-1-1.tif,"[3425.5150756835938, 4839.910797119141, 32.282958984375, 26.17950439453125]",0.7825772762298584,1
814,230618_4-1-1.tif,"[3311.0491638183594, 8185.587158203125, 18.00640869140625, 40.475685119628906]",0.7825307250022888,1
815,230618_4-1-1.tif,"[1084.810302734375, 7827.61279296875, 20.271728515625, 35.974029541015625]",0.7824581861495972,1
816,230618_4-1-1.tif,"[7168.481262207031, 2806.293487548828, 34.1148681640625, 25.215728759765625]",0.7823095917701721,1
817,230618_4-1-1.tif,"[9149.592956542969, 2523.98876953125, 18.6070556640625, 36.14984130859375]",0.78229159116745,1
818,230618_4-1-1.tif,"[7026.566558837891, 3979.5178833007812, 30.49066162109375, 22.5697021484375]",0.7822891473770142,1
819,230618_4-1-1.tif,"[4623.915250778198, 4501.462951660156, 35.95266914367676, 17.2745361328125]",0.782284140586853,1
820,230618_4-1-1.tif,"[8357.247772216797, 5154.8353271484375, 30.717041015625, 21.86231231689453]",0.7822816371917725,1
821,230618_4-1-1.tif,"[5779.869079589844, 3056.2390747070312, 32.93402099609375, 19.5784912109375]",0.7822322845458984,1
822,230618_4-1-1.tif,"[1255.3702392578125, 9372.032791137695, 37.96673583984375, 35.18593215942383]",0.7821484804153442,1
823,230618_4-1-1.tif,"[7079.775573730469, 4858.903778076172, 31.087646484375, 25.61431884765625]",0.7820174098014832,1
824,230618_4-1-1.tif,"[7261.461463928223, 9704.063110351562, 19.5364990234375, 35.37298583984375]",0.7819927334785461,1
825,230618_4-1-1.tif,"[4038.1996459960938, 5028.435455322266, 28.28125, 21.40234375]",0.7818880677223206,1
826,230618_4-1-1.tif,"[4680.754150390625, 7445.398132324219, 36.8848876953125, 18.68310546875]",0.7817927002906799,1
827,230618_4-1-1.tif,"[6954.694396972656, 5130.47198009491, 33.4912109375, 23.48048496246338]",0.7817370891571045,1
828,230618_4-1-1.tif,"[8824.690002441406, 3465.4873046875, 29.947433471679688, 39.037994384765625]",0.7816412448883057,1
829,230618_4-1-1.tif,"[7887.330490112305, 5581.017333984375, 33.081268310546875, 26.4405517578125]",0.7816292643547058,1
830,230618_4-1-1.tif,"[6413.419494628906, 3849.6199951171875, 27.98382568359375, 31.0126953125]",0.7815882563591003,1
831,230618_4-1-1.tif,"[7945.762023925781, 6071.676055908203, 16.931396484375, 34.440673828125]",0.781539261341095,1
832,230618_4-1-1.tif,"[3311.9016723632812, 8703.21728515625, 40.5977783203125, 18.97689437866211]",0.7815088629722595,1
833,230618_4-1-1.tif,"[8823.191040039062, 5785.932891845703, 18.944915771484375, 41.02606201171875]",0.7813995480537415,1
834,230618_4-1-1.tif,"[5524.010925292969, 4954.631408691406, 18.45166015625, 36.6339111328125]",0.7813957929611206,1
835,230618_4-1-1.tif,"[7923.945343017578, 4159.313381195068, 24.77923583984375, 35.87436294555664]",0.7812584638595581,1
836,230618_4-1-1.tif,"[7959.718505859375, 5437.463562011719, 37.0040283203125, 19.4290771484375]",0.7812286019325256,1
837,230618_4-1-1.tif,"[1459.306884765625, 7533.592224121094, 20.028076171875, 31.6248779296875]",0.7811267375946045,1
838,230618_4-1-1.tif,"[2564.4744873046875, 9681.307434082031, 18.133285522460938, 37.751983642578125]",0.7810887694358826,1
839,230618_4-1-1.tif,"[7712.545066833496, 2192.8436584472656, 35.651954650878906, 18.006988525390625]",0.7810280919075012,1
840,230618_4-1-1.tif,"[2312.6097106933594, 8186.273681640625, 16.620330810546875, 39.1507568359375]",0.7810108065605164,1
841,230618_4-1-1.tif,"[3849.3355102539062, 6120.515319824219, 30.2958984375, 29.741943359375]",0.7809838652610779,1
842,230618_4-1-1.tif,"[8059.808441162109, 7248.5634765625, 29.73187255859375, 19.180694580078125]",0.7809569239616394,1
843,230618_4-1-1.tif,"[4254.092056274414, 9675.921142578125, 19.395538330078125, 40.1287841796875]",0.7808064818382263,1
844,230618_4-1-1.tif,"[458.6298828125, 7846.962310791016, 38.2435302734375, 18.690673828125]",0.7807478904724121,1
845,230618_4-1-1.tif,"[2668.7471313476562, 9364.206176757812, 36.316162109375, 19.788375854492188]",0.7806732654571533,1
846,230618_4-1-1.tif,"[6878.592956542969, 5258.876495361328, 21.26788330078125, 35.0020751953125]",0.7806714177131653,1
847,230618_4-1-1.tif,"[1687.616455078125, 8114.243225097656, 40.66973876953125, 17.64501953125]",0.7806567549705505,1
848,230618_4-1-1.tif,"[9521.223983764648, 4307.852844238281, 22.386016845703125, 40.090301513671875]",0.7805594205856323,1
849,230618_4-1-1.tif,"[3106.645263671875, 4401.545104980469, 27.0400390625, 27.8968505859375]",0.7805442214012146,1
850,230618_4-1-1.tif,"[9242.33568763733, 2698.6470642089844, 33.402143478393555, 18.10955810546875]",0.7805413007736206,1
851,230618_4-1-1.tif,"[5491.477600097656, 5525.744567871094, 20.9541015625, 30.08709716796875]",0.7805032134056091,1
852,230618_4-1-1.tif,"[4581.11669921875, 6330.4833984375, 19.5838623046875, 38.03155517578125]",0.78047776222229,1
853,230618_4-1-1.tif,"[6663.264572143555, 6635.583312988281, 22.148513793945312, 34.656142234802246]",0.7804639935493469,1
854,230618_4-1-1.tif,"[3966.5491943359375, 7049.5814208984375, 35.73187255859375, 21.90087890625]",0.7804494500160217,1
855,230618_4-1-1.tif,"[7506.97900390625, 3452.249267578125, 35.67791748046875, 19.2989501953125]",0.7804343104362488,1
856,230618_4-1-1.tif,"[7477.5537109375, 3401.7254028320312, 33.929931640625, 22.47186279296875]",0.7804277539253235,1
857,230618_4-1-1.tif,"[5701.067420959473, 5975.420104980469, 19.315170288085938, 39.1904296875]",0.7803174257278442,1
858,230618_4-1-1.tif,"[5940.973937988281, 595.640625, 34.4541015625, 20.03466796875]",0.7803154587745667,1
859,230618_4-1-1.tif,"[7696.131660461426, 8129.27978515625, 16.39661407470703, 35.07000732421875]",0.7801969051361084,1
860,230618_4-1-1.tif,"[5925.712646484375, 3099.41015625, 18.106201171875, 30.1964111328125]",0.7801581025123596,1
861,230618_4-1-1.tif,"[6872.769439697266, 8565.159423828125, 37.6514892578125, 19.0850830078125]",0.7800841927528381,1
862,230618_4-1-1.tif,"[7023.9296875, 5156.5244140625, 19.93597412109375, 41.316650390625]",0.7800102829933167,1
863,230618_4-1-1.tif,"[2836.6544189453125, 7064.722625732422, 32.27459716796875, 16.594482421875]",0.7799232006072998,1
864,230618_4-1-1.tif,"[4722.0126953125, 8046.767486572266, 23.182098388671875, 32.81781005859375]",0.7797513008117676,1
865,230618_4-1-1.tif,"[9417.633987426758, 7326.462463378906, 28.817779541015625, 19.649932861328125]",0.7796335816383362,1
866,230618_4-1-1.tif,"[8489.420532226562, 2333.9224243164062, 15.290771484375, 33.4837646484375]",0.7795426845550537,1
867,230618_4-1-1.tif,"[5738.5770263671875, 2734.4847106933594, 19.9326171875, 39.43878173828125]",0.7794323563575745,1
868,230618_4-1-1.tif,"[2616.507537841797, 9607.413711547852, 23.274612426757812, 34.62962341308594]",0.7793700695037842,1
869,230618_4-1-1.tif,"[748.5553131103516, 7924.883056640625, 17.751983642578125, 34.646240234375]",0.7793160676956177,1
870,230618_4-1-1.tif,"[6764.96044921875, 5400.758605957031, 20.030349731445312, 35.3494873046875]",0.779246985912323,1
871,230618_4-1-1.tif,"[8518.155334472656, 3096.1852283477783, 18.22723388671875, 41.01777458190918]",0.7791789770126343,1
872,230618_4-1-1.tif,"[7556.9754638671875, 8430.095520019531, 22.4595947265625, 31.74847412109375]",0.7790297269821167,1
873,230618_4-1-1.tif,"[4638.4222412109375, 6639.68994140625, 18.620361328125, 35.45654296875]",0.7788747549057007,1
874,230618_4-1-1.tif,"[1228.0558471679688, 8718.462524414062, 35.74578857421875, 21.615478515625]",0.7788597941398621,1
875,230618_4-1-1.tif,"[4383.949890136719, 6797.944671630859, 19.3822021484375, 30.027435302734375]",0.77885502576828,1
876,230618_4-1-1.tif,"[5365.351165771484, 1151.154525756836, 24.943359375, 28.850555419921875]",0.7788258194923401,1
877,230618_4-1-1.tif,"[9301.870246887207, 8670.404113769531, 17.65838623046875, 37.3204345703125]",0.7783829569816589,1
878,230618_4-1-1.tif,"[603.6767578125, 6716.098449707031, 37.92399597167969, 17.15814208984375]",0.7781199216842651,1
879,230618_4-1-1.tif,"[8320.520446777344, 5651.744934082031, 34.60504150390625, 17.0047607421875]",0.7780748009681702,1
880,230618_4-1-1.tif,"[2198.7817993164062, 8692.687438964844, 41.437652587890625, 18.257256984710693]",0.7780309915542603,1
881,230618_4-1-1.tif,"[7884.290985107422, 5543.6546630859375, 26.1241455078125, 28.231689453125]",0.7779889702796936,1
882,230618_4-1-1.tif,"[8307.969932556152, 6221.916580200195, 24.10535430908203, 32.88280487060547]",0.7779863476753235,1
883,230618_4-1-1.tif,"[6588.741058349609, 4406.821105957031, 34.6510009765625, 16.1864013671875]",0.7779673933982849,1
884,230618_4-1-1.tif,"[7849.587951660156, 4019.6814575195312, 20.26702880859375, 33.49365234375]",0.7779476642608643,1
885,230618_4-1-1.tif,"[9597.816101074219, 9952.27783203125, 18.11669921875, 38.243896484375]",0.77791827917099,1
886,230618_4-1-1.tif,"[2455.6126403808594, 7888.467742919922, 17.8851318359375, 36.66619873046875]",0.777887225151062,1
887,230618_4-1-1.tif,"[4095.9004516601562, 4507.804626464844, 18.9013671875, 38.2926025390625]",0.7777853608131409,1
888,230618_4-1-1.tif,"[5002.4365234375, 5912.285339355469, 38.4229736328125, 16.93994140625]",0.7777268290519714,1
889,230618_4-1-1.tif,"[9710.990173339844, 1881.6913757324219, 17.9725341796875, 41.111328125]",0.7776984572410583,1
890,230618_4-1-1.tif,"[8860.627182006836, 997.0198364257812, 30.789825439453125, 22.7271728515625]",0.7775672078132629,1
891,230618_4-1-1.tif,"[5015.1322021484375, 5745.5208740234375, 35.033203125, 18.955978393554688]",0.7775371670722961,1
892,230618_4-1-1.tif,"[8558.643859863281, 9735.226196289062, 34.150146484375, 21.707763671875]",0.7775018215179443,1
893,230618_4-1-1.tif,"[5363.390777587891, 5646.325355529785, 18.30767822265625, 35.60840606689453]",0.777499258518219,1
894,230618_4-1-1.tif,"[8121.819885253906, 1509.8980102539062, 17.13934326171875, 35.58935546875]",0.7774291038513184,1
895,230618_4-1-1.tif,"[5833.965759277344, 5630.545715332031, 18.483001708984375, 34.7176513671875]",0.7772883176803589,1
896,230618_4-1-1.tif,"[1896.8602294921875, 6133.897277832031, 16.31982421875, 35.7169189453125]",0.7772741317749023,1
897,230618_4-1-1.tif,"[6041.8604736328125, 6327.811004638672, 34.4832763671875, 18.43719482421875]",0.7772191166877747,1
898,230618_4-1-1.tif,"[9122.353698730469, 8575.305206298828, 28.6300048828125, 23.85321044921875]",0.777182936668396,1
899,230618_4-1-1.tif,"[9033.51171875, 5382.7138671875, 19.3133544921875, 29.03302001953125]",0.7771469354629517,1
900,230618_4-1-1.tif,"[7367.041412353516, 9736.539611816406, 19.773712158203125, 39.5635986328125]",0.7770881056785583,1
901,230618_4-1-1.tif,"[3051.0509033203125, 8201.847030639648, 41.983524322509766, 34.62303924560547]",0.7770773768424988,1
902,230618_4-1-1.tif,"[1134.9736785888672, 4536.116058349609, 18.2388916015625, 39.103546142578125]",0.7770100831985474,1
903,230618_4-1-1.tif,"[5627.600341796875, 6752.716087341309, 19.029296875, 30.984962463378906]",0.7769857048988342,1
904,230618_4-1-1.tif,"[8771.590240478516, 1371.2816162109375, 18.142425537109375, 31.9605712890625]",0.7768693566322327,1
905,230618_4-1-1.tif,"[7806.795227050781, 8775.345520019531, 38.52728271484375, 19.1558837890625]",0.7768488526344299,1
906,230618_4-1-1.tif,"[9344.522109985352, 9915.23095703125, 18.92645263671875, 30.64453125]",0.7767691612243652,1
907,230618_4-1-1.tif,"[7744.791259765625, 1721.5758056640625, 31.872802734375, 17.847671508789062]",0.7767562866210938,1
908,230618_4-1-1.tif,"[426.1114196777344, 1948.0726318359375, 22.78094482421875, 38.77587890625]",0.77663654088974,1
909,230618_4-1-1.tif,"[1580.788070678711, 7247.364303588867, 36.35786437988281, 22.253738403320312]",0.7766338586807251,1
910,230618_4-1-1.tif,"[8190.9449462890625, 4111.891181945801, 18.446382522583008, 34.286163330078125]",0.7765910029411316,1
911,230618_4-1-1.tif,"[4850.011566162109, 5853.871795654297, 20.9952392578125, 33.67236328125]",0.7765474915504456,1
912,230618_4-1-1.tif,"[7407.590469360352, 5904.376647949219, 38.49192810058594, 17.3682861328125]",0.7765167355537415,1
913,230618_4-1-1.tif,"[4754.930480957031, 6158.501049041748, 32.752960205078125, 21.968555450439453]",0.776475191116333,1
914,230618_4-1-1.tif,"[9242.359985351562, 5359.504791259766, 25.142333984375, 27.4632568359375]",0.7764597535133362,1
915,230618_4-1-1.tif,"[8264.403991699219, 8714.174682617188, 37.12982177734375, 19.6263427734375]",0.7764561176300049,1
916,230618_4-1-1.tif,"[9117.393676757812, 3227.7698822021484, 19.60693359375, 35.94049072265625]",0.776443600654602,1
917,230618_4-1-1.tif,"[5037.6190185546875, 7327.852294921875, 35.91412353515625, 23.25177001953125]",0.7763954997062683,1
918,230618_4-1-1.tif,"[3364.9828491210938, 9396.820617675781, 24.7657470703125, 36.234100341796875]",0.7763286232948303,1
919,230618_4-1-1.tif,"[3640.195453643799, 9643.188537597656, 17.14657211303711, 31.11175537109375]",0.7762933373451233,1
920,230618_4-1-1.tif,"[2114.393325805664, 9953.703186035156, 34.1260986328125, 16.19110107421875]",0.7762274742126465,1
921,230618_4-1-1.tif,"[7694.945373535156, 1923.6458129882812, 17.60757064819336, 28.81549072265625]",0.7762269973754883,1
922,230618_4-1-1.tif,"[2228.7645874023438, 8446.684814453125, 18.47430419921875, 35.8458251953125]",0.776218831539154,1
923,230618_4-1-1.tif,"[4715.75244140625, 6309.412628173828, 21.716766357421875, 27.893341064453125]",0.7761145830154419,1
924,230618_4-1-1.tif,"[8268.895080566406, 4186.962707519531, 36.66473388671875, 17.16790771484375]",0.7760908603668213,1
925,230618_4-1-1.tif,"[4896.445007324219, 6788.710266113281, 33.03515625, 16.954681396484375]",0.776063859462738,1
926,230618_4-1-1.tif,"[7057.701843261719, 2821.3447265625, 17.03778076171875, 37.478759765625]",0.7759753465652466,1
927,230618_4-1-1.tif,"[4247.887985229492, 6143.656433105469, 35.9061279296875, 19.306777954101562]",0.775860607624054,1
928,230618_4-1-1.tif,"[7716.094970703125, 7867.959442138672, 22.303924560546875, 29.69171142578125]",0.7758261561393738,1
929,230618_4-1-1.tif,"[2791.534637451172, 8682.682800292969, 22.39154052734375, 35.46931457519531]",0.7757886648178101,1
930,230618_4-1-1.tif,"[1562.003345489502, 8007.107330322266, 23.523876190185547, 32.6961669921875]",0.7757395505905151,1
931,230618_4-1-1.tif,"[1555.6746826171875, 8453.932830810547, 17.1630859375, 34.308319091796875]",0.7755959630012512,1
932,230618_4-1-1.tif,"[2586.072998046875, 9428.385147094727, 19.3963623046875, 37.86622619628906]",0.7755630016326904,1
933,230618_4-1-1.tif,"[3766.670684814453, 6221.934265136719, 18.2813720703125, 39.18254089355469]",0.7755419015884399,1
934,230618_4-1-1.tif,"[2639.1581115722656, 3940.51318359375, 40.127899169921875, 20.40960693359375]",0.7754318118095398,1
935,230618_4-1-1.tif,"[7382.38916015625, 9870.162902832031, 17.2203369140625, 31.7540283203125]",0.7754291296005249,1
936,230618_4-1-1.tif,"[7804.443405151367, 3377.754180908203, 17.579193115234375, 38.0213623046875]",0.7753866314888,1
937,230618_4-1-1.tif,"[8726.923767089844, 9399.0345993042, 16.8487548828125, 34.27405548095703]",0.7753730416297913,1
938,230618_4-1-1.tif,"[2239.0880126953125, 8585.685241699219, 36.940185546875, 16.19189453125]",0.7752548456192017,1
939,230618_4-1-1.tif,"[9028.397521972656, 9634.388610839844, 18.599700927734375, 39.11553955078125]",0.7752065658569336,1
940,230618_4-1-1.tif,"[9912.941528320312, 8461.458251953125, 35.3275146484375, 20.6575927734375]",0.774975597858429,1
941,230618_4-1-1.tif,"[1222.52734375, 997.4765014648438, 34.11077880859375, 41.3250732421875]",0.7749388813972473,1
942,230618_4-1-1.tif,"[7481.4102783203125, 7983.495697021484, 43.65081787109375, 22.4793701171875]",0.7749364972114563,1
943,230618_4-1-1.tif,"[990.3196411132812, 5381.549987792969, 21.9891357421875, 35.50604248046875]",0.7749267220497131,1
944,230618_4-1-1.tif,"[5595.759979248047, 8939.70492553711, 31.63446044921875, 24.2132568359375]",0.7749184370040894,1
945,230618_4-1-1.tif,"[2023.7076721191406, 6499.48828125, 21.1011962890625, 33.630126953125]",0.7749142646789551,1
946,230618_4-1-1.tif,"[4458.2705078125, 6331.111999511719, 18.746337890625, 35.1571044921875]",0.7748960852622986,1
947,230618_4-1-1.tif,"[8720.845703125, 2773.00146484375, 182.837890625, 233.87515258789062]",0.774878978729248,1
948,230618_4-1-1.tif,"[3667.1177978515625, 5669.944580078125, 32.80322265625, 22.507080078125]",0.7747352123260498,1
949,230618_4-1-1.tif,"[3271.2877655029297, 6567.001953125, 18.850555419921875, 33.8612060546875]",0.774678111076355,1
950,230618_4-1-1.tif,"[2483.13427734375, 3916.7515258789062, 36.5771484375, 24.941162109375]",0.774625301361084,1
951,230618_4-1-1.tif,"[8686.431457519531, 330.97015380859375, 20.01605224609375, 34.6695556640625]",0.774616003036499,1
952,230618_4-1-1.tif,"[2441.9407653808594, 2880.072265625, 38.78466796875, 22.55322265625]",0.7746049761772156,1
953,230618_4-1-1.tif,"[9047.537109375, 61.322391510009766, 29.82421875, 18.434566497802734]",0.7745948433876038,1
954,230618_4-1-1.tif,"[6489.3236083984375, 6307.910293579102, 39.615234375, 24.978057861328125]",0.7745462656021118,1
955,230618_4-1-1.tif,"[2797.9348907470703, 3617.9421997070312, 37.32139587402344, 17.631160736083984]",0.7745025753974915,1
956,230618_4-1-1.tif,"[7221.164215087891, 8743.295585632324, 19.280487060546875, 32.94416046142578]",0.7744366526603699,1
957,230618_4-1-1.tif,"[5496.675964355469, 8960.92514038086, 34.716064453125, 24.2840576171875]",0.7744177579879761,1
958,230618_4-1-1.tif,"[8431.152313232422, 2130.922187805176, 17.42388916015625, 36.83287048339844]",0.7743818163871765,1
959,230618_4-1-1.tif,"[8651.368957519531, 4019.8418579101562, 38.273681640625, 24.0677490234375]",0.7743139863014221,1
960,230618_4-1-1.tif,"[1689.2564086914062, 3857.2444458007812, 18.379150390625, 31.594482421875]",0.7742760181427002,1
961,230618_4-1-1.tif,"[3396.0364379882812, 6567.074401855469, 19.68994140625, 33.135498046875]",0.7742616534233093,1
962,230618_4-1-1.tif,"[5323.832763671875, 6980.3447265625, 35.286712646484375, 17.59716796875]",0.7742424011230469,1
963,230618_4-1-1.tif,"[4465.349426269531, 6026.274719238281, 32.0406494140625, 20.405029296875]",0.7741948366165161,1
964,230618_4-1-1.tif,"[1989.9462280273438, 6801.564880371094, 24.92938232421875, 32.16552734375]",0.7740906476974487,1
965,230618_4-1-1.tif,"[640.3276977539062, 1569.5986328125, 19.442474365234375, 37.7049560546875]",0.7740894556045532,1
966,230618_4-1-1.tif,"[7080.697448730469, 4099.975902557373, 37.01324462890625, 17.521533966064453]",0.7740784883499146,1
967,230618_4-1-1.tif,"[3250.7761840820312, 6947.937683105469, 15.662078857421875, 32.704833984375]",0.774040937423706,1
968,230618_4-1-1.tif,"[3566.5931396484375, 8142.273498535156, 25.6630859375, 43.7572021484375]",0.7739696502685547,1
969,230618_4-1-1.tif,"[4712.931137084961, 5187.9747314453125, 27.428756713867188, 23.157958984375]",0.7737302184104919,1
970,230618_4-1-1.tif,"[7356.078598022461, 4421.035400390625, 32.087005615234375, 18.1998291015625]",0.7737023234367371,1
971,230618_4-1-1.tif,"[1770.3463134765625, 7713.584983825684, 37.2025146484375, 19.313026428222656]",0.773692786693573,1
972,230618_4-1-1.tif,"[8994.287078857422, 1830.7821044921875, 22.95318603515625, 31.2950439453125]",0.7736047506332397,1
973,230618_4-1-1.tif,"[5371.8985595703125, 6866.580718994141, 36.70184326171875, 16.39178466796875]",0.7735902070999146,1
974,230618_4-1-1.tif,"[6678.47607421875, 4985.648742675781, 39.75224304199219, 17.4219970703125]",0.7735745310783386,1
975,230618_4-1-1.tif,"[9459.287612915039, 242.3475799560547, 22.043350219726562, 35.01380920410156]",0.7735506892204285,1
976,230618_4-1-1.tif,"[3474.638427734375, 6273.421188354492, 39.1351318359375, 19.480926513671875]",0.7735031843185425,1
977,230618_4-1-1.tif,"[5592.618743896484, 7854.643798828125, 22.03814697265625, 32.551605224609375]",0.7734795212745667,1
978,230618_4-1-1.tif,"[7885.3890380859375, 9723.522766113281, 19.94873046875, 41.28057861328125]",0.7734296321868896,1
979,230618_4-1-1.tif,"[5433.3734130859375, 6894.737640380859, 33.524658203125, 18.308685302734375]",0.7732142210006714,1
980,230618_4-1-1.tif,"[4060.7341918945312, 9920.293273925781, 31.9935302734375, 22.3753662109375]",0.773129403591156,1
981,230618_4-1-1.tif,"[3350.8484497070312, 7215.436706542969, 36.9957275390625, 18.23291015625]",0.773112952709198,1
982,230618_4-1-1.tif,"[2893.5421447753906, 3820.1148986816406, 19.79241943359375, 31.082061767578125]",0.772990345954895,1
983,230618_4-1-1.tif,"[9036.733032226562, 3864.298828125, 33.743408203125, 20.5836181640625]",0.7729880213737488,1
984,230618_4-1-1.tif,"[5440.53466796875, 1495.991455078125, 23.55322265625, 30.20208740234375]",0.7729873657226562,1
985,230618_4-1-1.tif,"[9156.13998413086, 2042.4984741210938, 27.70599365234375, 28.566682815551758]",0.7728838920593262,1
986,230618_4-1-1.tif,"[9867.14956665039, 3830.135971069336, 16.940643310546875, 35.19593811035156]",0.7728716731071472,1
987,230618_4-1-1.tif,"[9446.01042175293, 1481.7257080078125, 36.97676086425781, 20.2353515625]",0.772715151309967,1
988,230618_4-1-1.tif,"[5344.002868652344, 2876.5089721679688, 36.172698974609375, 20.0699462890625]",0.7726899981498718,1
989,230618_4-1-1.tif,"[9366.000778198242, 5979.972900390625, 40.41450500488281, 19.5682373046875]",0.7726626992225647,1
990,230618_4-1-1.tif,"[8885.361938476562, 3557.6760864257812, 25.312469482421875, 34.96870517730713]",0.77265864610672,1
991,230618_4-1-1.tif,"[8604.944061279297, 1311.9365234375, 30.919677734375, 19.16986083984375]",0.7725940346717834,1
992,230618_4-1-1.tif,"[8817.196899414062, 2580.243896484375, 17.57159423828125, 39.134361267089844]",0.7725621461868286,1
993,230618_4-1-1.tif,"[7288.283721923828, 3203.017059326172, 36.4813232421875, 16.37109375]",0.7725343704223633,1
994,230618_4-1-1.tif,"[7922.029968261719, 4360.337707519531, 20.71923828125, 34.52923583984375]",0.7725166082382202,1
995,230618_4-1-1.tif,"[3609.413646697998, 8671.814758300781, 26.797340393066406, 27.916259765625]",0.7724793553352356,1
996,230618_4-1-1.tif,"[9221.121912002563, 2650.041015625, 22.192113876342773, 27.77490234375]",0.7723531723022461,1
997,230618_4-1-1.tif,"[2583.5241203308105, 8582.395782470703, 38.01103591918945, 17.459686279296875]",0.7722060680389404,1
998,230618_4-1-1.tif,"[8298.025512695312, 2263.2752532958984, 22.992324829101562, 29.084869384765625]",0.7721916437149048,1
999,230618_4-1-1.tif,"[4863.182769775391, 5928.577087402344, 30.4171142578125, 20.276123046875]",0.7721264958381653,1
1000,230618_4-1-1.tif,"[510.8397216796875, 1869.5200805664062, 17.9775390625, 36.626922607421875]",0.7721089124679565,1
1001,230618_4-1-1.tif,"[6681.605895996094, 9122.22802734375, 17.783748626708984, 30.912109375]",0.7720133662223816,1
1002,230618_4-1-1.tif,"[567.2191734313965, 6664.994728088379, 21.54452896118164, 32.34420394897461]",0.7718890309333801,1
1003,230618_4-1-1.tif,"[8095.0135498046875, 7512.3045654296875, 26.59228515625, 28.51513671875]",0.7718251347541809,1
1004,230618_4-1-1.tif,"[4127.864562988281, 5193.523681640625, 16.8563232421875, 34.06556701660156]",0.7718045711517334,1
1005,230618_4-1-1.tif,"[6242.007141113281, 5842.431533813477, 30.784103393554688, 24.321044921875]",0.771704375743866,1
1006,230618_4-1-1.tif,"[708.1227722167969, 1281.9081420898438, 18.43829345703125, 40.382080078125]",0.7715131640434265,1
1007,230618_4-1-1.tif,"[9745.619812011719, 9854.095458984375, 24.093017578125, 35.8387451171875]",0.771503746509552,1
1008,230618_4-1-1.tif,"[5756.507881164551, 5118.085052490234, 33.32061004638672, 17.117372512817383]",0.7713594436645508,1
1009,230618_4-1-1.tif,"[9089.159240722656, 2327.8622436523438, 40.906982421875, 18.5670166015625]",0.771340548992157,1
1010,230618_4-1-1.tif,"[7169.4810791015625, 5553.2032470703125, 17.21474838256836, 39.9144287109375]",0.7710595726966858,1
1011,230618_4-1-1.tif,"[8156.8553466796875, 2199.4353942871094, 37.9532470703125, 17.06201171875]",0.7710269093513489,1
1012,230618_4-1-1.tif,"[8554.708862304688, 4329.85009765625, 29.490234375, 24.5972900390625]",0.7709895968437195,1
1013,230618_4-1-1.tif,"[937.05908203125, 1397.4586181640625, 16.5867919921875, 30.1915283203125]",0.770938515663147,1
1014,230618_4-1-1.tif,"[4229.898880004883, 6495.053314208984, 21.9288330078125, 33.87725830078125]",0.7708503007888794,1
1015,230618_4-1-1.tif,"[3965.9581298828125, 6238.5042724609375, 23.0540771484375, 28.29901123046875]",0.7708359360694885,1
1016,230618_4-1-1.tif,"[2480.7742919921875, 6777.4847412109375, 21.1309814453125, 33.817047119140625]",0.7706896662712097,1
1017,230618_4-1-1.tif,"[1488.9085693359375, 7094.019073486328, 18.477783203125, 38.03118896484375]",0.7706597447395325,1
1018,230618_4-1-1.tif,"[9547.487182617188, 5091.507659912109, 18.16107177734375, 26.8516845703125]",0.7706326842308044,1
1019,230618_4-1-1.tif,"[9266.309753417969, 4321.994354248047, 16.6776123046875, 41.068603515625]",0.7705389857292175,1
1020,230618_4-1-1.tif,"[4676.207870483398, 6975.186767578125, 31.047622680664062, 19.719146728515625]",0.7704823613166809,1
1021,230618_4-1-1.tif,"[9078.996765136719, 4102.578863143921, 30.28900146484375, 17.4038028717041]",0.7703374624252319,1
1022,230618_4-1-1.tif,"[6595.7877197265625, 4848.722595214844, 32.42877197265625, 23.1578369140625]",0.7702542543411255,1
1023,230618_4-1-1.tif,"[5174.836486816406, 7020.679382324219, 17.32891845703125, 37.500732421875]",0.77022385597229,1
1024,230618_4-1-1.tif,"[983.546142578125, 4108.3438720703125, 20.1600341796875, 29.78466796875]",0.7699818015098572,1
1025,230618_4-1-1.tif,"[2155.0282592773438, 5976.257629394531, 20.063720703125, 40.28973388671875]",0.7699469327926636,1
1026,230618_4-1-1.tif,"[7584.53564453125, 2060.926378250122, 36.61749267578125, 17.24848747253418]",0.7698401808738708,1
1027,230618_4-1-1.tif,"[1750.833251953125, 7441.5277099609375, 19.917236328125, 31.3795166015625]",0.7697891592979431,1
1028,230618_4-1-1.tif,"[7801.665466308594, 8898.836669921875, 22.986785888671875, 39.05723571777344]",0.7696764469146729,1
1029,230618_4-1-1.tif,"[3633.4251708984375, 9160.180236816406, 16.896728515625, 33.3779296875]",0.7695515751838684,1
1030,230618_4-1-1.tif,"[3676.154571533203, 6477.371673583984, 20.195159912109375, 34.447967529296875]",0.7695094347000122,1
1031,230618_4-1-1.tif,"[6195.3858642578125, 4970.959045410156, 33.21180725097656, 20.90966796875]",0.7695084810256958,1
1032,230618_4-1-1.tif,"[3525.354736328125, 5997.728912353516, 16.90509033203125, 28.60821533203125]",0.7694910168647766,1
1033,230618_4-1-1.tif,"[6219.3310546875, 6966.229095458984, 17.0557861328125, 26.9541015625]",0.7694607377052307,1
1034,230618_4-1-1.tif,"[3253.3273010253906, 4453.475158691406, 17.7069091796875, 38.16162109375]",0.7694372534751892,1
1035,230618_4-1-1.tif,"[3577.1300659179688, 7983.689849853516, 18.650405883789062, 38.1304931640625]",0.7693954706192017,1
1036,230618_4-1-1.tif,"[6560.642181396484, 5458.576354980469, 16.069580078125, 42.109375]",0.7693729400634766,1
1037,230618_4-1-1.tif,"[9452.804725646973, 8158.620544433594, 31.247093200683594, 27.46673583984375]",0.7692810297012329,1
1038,230618_4-1-1.tif,"[7008.126892089844, 4709.656280517578, 33.983642578125, 18.432830810546875]",0.7692441344261169,1
1039,230618_4-1-1.tif,"[7764.775680541992, 5514.8173828125, 32.55464172363281, 19.2508544921875]",0.7691363096237183,1
1040,230618_4-1-1.tif,"[1600.222915649414, 3748.6918029785156, 20.523849487304688, 29.503509521484375]",0.7690163254737854,1
1041,230618_4-1-1.tif,"[1823.0879821777344, 8178.857513427734, 26.526580810546875, 29.56146240234375]",0.7689765095710754,1
1042,230618_4-1-1.tif,"[8948.470077514648, 5586.005187988281, 33.39820861816406, 24.45556640625]",0.7689379453659058,1
1043,230618_4-1-1.tif,"[5312.8812255859375, 4647.53630065918, 41.090545654296875, 19.406280517578125]",0.7688888311386108,1
1044,230618_4-1-1.tif,"[5785.576507568359, 5771.828720092773, 42.2581787109375, 19.7794189453125]",0.768880307674408,1
1045,230618_4-1-1.tif,"[5884.958160400391, 2608.549560546875, 20.5330810546875, 31.50341796875]",0.7688671350479126,1
1046,230618_4-1-1.tif,"[9061.08544921875, 2970.950897216797, 38.7288818359375, 19.6990966796875]",0.7688372731208801,1
1047,230618_4-1-1.tif,"[3805.5970458984375, 6181.9061279296875, 22.97601318359375, 33.911651611328125]",0.7688052654266357,1
1048,230618_4-1-1.tif,"[9541.232971191406, 7986.054840087891, 30.560638427734375, 26.98284912109375]",0.7687023282051086,1
1049,230618_4-1-1.tif,"[7960.638977050781, 1859.662353515625, 36.3370361328125, 18.635009765625]",0.7686609625816345,1
1050,230618_4-1-1.tif,"[6736.7913818359375, 5750.32568359375, 19.3563232421875, 42.411376953125]",0.7686352133750916,1
1051,230618_4-1-1.tif,"[8186.9093017578125, 6812.061737060547, 27.333118438720703, 33.818450927734375]",0.7685697078704834,1
1052,230618_4-1-1.tif,"[2552.8563842773438, 7273.249038696289, 25.891386032104492, 26.054046630859375]",0.7684352993965149,1
1053,230618_4-1-1.tif,"[8808.965057373047, 5424.101806640625, 34.8160400390625, 18.35101318359375]",0.768399715423584,1
1054,230618_4-1-1.tif,"[8621.257202148438, 1577.9092102050781, 24.8619384765625, 25.36394500732422]",0.7683820128440857,1
1055,230618_4-1-1.tif,"[1667.7219848632812, 7360.274719238281, 16.24005126953125, 36.6365966796875]",0.7683132886886597,1
1056,230618_4-1-1.tif,"[2949.5043334960938, 3381.1598510742188, 36.9798583984375, 44.2861328125]",0.7683079838752747,1
1057,230618_4-1-1.tif,"[5314.866073608398, 4997.591003417969, 38.79296875, 18.74163818359375]",0.7682790160179138,1
1058,230618_4-1-1.tif,"[2418.9302978515625, 3686.115509033203, 24.726318359375, 31.74212646484375]",0.7682633996009827,1
1059,230618_4-1-1.tif,"[903.8192749023438, 8100.973083496094, 19.79193115234375, 33.1187744140625]",0.7681962847709656,1
1060,230618_4-1-1.tif,"[6527.498962402344, 5336.27717590332, 19.5224609375, 36.37725830078125]",0.7679378986358643,1
1061,230618_4-1-1.tif,"[7784.5233154296875, 2941.5817260742188, 21.206787109375, 33.7105712890625]",0.7678976058959961,1
1062,230618_4-1-1.tif,"[7595.4139404296875, 9382.07861328125, 17.16754150390625, 36.685516357421875]",0.7678864598274231,1
1063,230618_4-1-1.tif,"[7559.2255859375, 3650.95751953125, 28.08941650390625, 26.4688720703125]",0.7678666710853577,1
1064,230618_4-1-1.tif,"[3415.7898559570312, 9886.540771484375, 28.56549072265625, 23.118896484375]",0.7678341865539551,1
1065,230618_4-1-1.tif,"[8379.1123046875, 2495.452880859375, 18.56829833984375, 32.99755859375]",0.7678024768829346,1
1066,230618_4-1-1.tif,"[9480.30941772461, 9749.719604492188, 33.157196044921875, 21.775726318359375]",0.7677184343338013,1
1067,230618_4-1-1.tif,"[2795.7144317626953, 9844.023864746094, 19.36785888671875, 30.926025390625]",0.7677070498466492,1
1068,230618_4-1-1.tif,"[1651.2642517089844, 8547.041442871094, 24.1151123046875, 28.287841796875]",0.7676922082901001,1
1069,230618_4-1-1.tif,"[4193.19465637207, 9111.207122802734, 17.365890502929688, 34.84503173828125]",0.7676666975021362,1
1070,230618_4-1-1.tif,"[379.97552490234375, 6533.491973876953, 33.4964599609375, 19.4749755859375]",0.7675119042396545,1
1071,230618_4-1-1.tif,"[8773.423568725586, 2032.095947265625, 20.83154296875, 41.87689399719238]",0.7674894332885742,1
1072,230618_4-1-1.tif,"[5574.512481689453, 2349.2449951171875, 34.90106201171875, 17.99462890625]",0.7674666047096252,1
1073,230618_4-1-1.tif,"[877.2293090820312, 7942.6392822265625, 34.3818359375, 20.6649169921875]",0.7674659490585327,1
1074,230618_4-1-1.tif,"[9504.77670288086, 7490.452941894531, 32.09893798828125, 18.130096435546875]",0.7674298882484436,1
1075,230618_4-1-1.tif,"[5958.664489746094, 4736.481170654297, 31.2587890625, 23.27508544921875]",0.7673634886741638,1
1076,230618_4-1-1.tif,"[1274.998291015625, 8156.440673828125, 21.99322509765625, 36.1583251953125]",0.7673457860946655,1
1077,230618_4-1-1.tif,"[4176.164939880371, 7703.093276977539, 17.06989288330078, 36.29380798339844]",0.7673355937004089,1
1078,230618_4-1-1.tif,"[3794.0768127441406, 8351.921203613281, 29.62103271484375, 19.966552734375]",0.7673355937004089,1
1079,230618_4-1-1.tif,"[1378.627685546875, 7654.427551269531, 18.9564208984375, 34.5062255859375]",0.7673162817955017,1
1080,230618_4-1-1.tif,"[2106.17333984375, 7917.436706542969, 32.20655822753906, 24.263702392578125]",0.7673154473304749,1
1081,230618_4-1-1.tif,"[9105.649688720703, 2877.719940185547, 19.3861083984375, 35.98193359375]",0.7672873735427856,1
1082,230618_4-1-1.tif,"[4880.186309814453, 4701.823379516602, 38.98321533203125, 18.9613037109375]",0.76726233959198,1
1083,230618_4-1-1.tif,"[5075.828063964844, 8165.638854980469, 20.07037353515625, 42.48818588256836]",0.767246663570404,1
1084,230618_4-1-1.tif,"[3763.9407958984375, 5902.071441650391, 18.446197509765625, 35.54974365234375]",0.7671870589256287,1
1085,230618_4-1-1.tif,"[3623.7362060546875, 5040.935485839844, 33.0498046875, 22.5550537109375]",0.7670173645019531,1
1086,230618_4-1-1.tif,"[1647.792236328125, 7143.894714355469, 36.31219482421875, 23.1002197265625]",0.766983151435852,1
1087,230618_4-1-1.tif,"[9079.612121582031, 2652.3944549560547, 16.48486328125, 37.88645935058594]",0.7669616937637329,1
1088,230618_4-1-1.tif,"[9118.977233886719, 7733.4311447143555, 31.48382568359375, 28.45618438720703]",0.7669151425361633,1
1089,230618_4-1-1.tif,"[5507.4993896484375, 4645.240196228027, 17.363037109375, 35.192420959472656]",0.766906201839447,1
1090,230618_4-1-1.tif,"[2327.3070678710938, 9878.98779296875, 36.360107421875, 19.34326171875]",0.7668547630310059,1
1091,230618_4-1-1.tif,"[4389.017883300781, 6088.109375, 25.4315185546875, 26.5833740234375]",0.7667983174324036,1
1092,230618_4-1-1.tif,"[9621.8671875, 1905.02978515625, 34.35009765625, 22.087158203125]",0.7666236162185669,1
1093,230618_4-1-1.tif,"[6790.416839599609, 5935.9796142578125, 44.6688232421875, 18.908447265625]",0.7666094899177551,1
1094,230618_4-1-1.tif,"[1177.3860473632812, 7982.250946044922, 30.97900390625, 28.54449462890625]",0.7665933966636658,1
1095,230618_4-1-1.tif,"[6958.4158935546875, 8753.187377929688, 17.3780517578125, 40.29542541503906]",0.766569197177887,1
1096,230618_4-1-1.tif,"[9408.103553771973, 7230.25390625, 18.900718688964844, 38.657958984375]",0.7663445472717285,1
1097,230618_4-1-1.tif,"[4548.007629394531, 9206.694519042969, 41.4444580078125, 17.641510009765625]",0.766286313533783,1
1098,230618_4-1-1.tif,"[3550.196990966797, 4445.17431640625, 19.03265380859375, 37.6749267578125]",0.7662049531936646,1
1099,230618_4-1-1.tif,"[3722.9938049316406, 6732.046630859375, 22.436279296875, 31.101730346679688]",0.7660495042800903,1
1100,230618_4-1-1.tif,"[1337.1907958984375, 6759.477813720703, 34.928955078125, 18.899383544921875]",0.7659624814987183,1
1101,230618_4-1-1.tif,"[557.8908309936523, 5874.854095458984, 22.519638061523438, 33.76116943359375]",0.7658737301826477,1
1102,230618_4-1-1.tif,"[9427.36750793457, 1007.1172790527344, 36.9383544921875, 16.8408203125]",0.7658209204673767,1
1103,230618_4-1-1.tif,"[9910.170776367188, 5174.94571685791, 35.8251953125, 17.041946411132812]",0.7657903432846069,1
1104,230618_4-1-1.tif,"[7440.836120605469, 2127.134002685547, 22.5166015625, 33.120758056640625]",0.7657505869865417,1
1105,230618_4-1-1.tif,"[9889.06005859375, 6270.398223876953, 29.575439453125, 24.752410888671875]",0.7657454609870911,1
1106,230618_4-1-1.tif,"[623.6335296630859, 9927.070190429688, 16.976654052734375, 37.0362548828125]",0.7657445669174194,1
1107,230618_4-1-1.tif,"[1460.66015625, 9106.293518066406, 18.0928955078125, 33.5994873046875]",0.7656481266021729,1
1108,230618_4-1-1.tif,"[3148.11083984375, 7739.4398193359375, 38.3009033203125, 18.25201416015625]",0.7656053304672241,1
1109,230618_4-1-1.tif,"[7814.507720947266, 2209.6489868164062, 18.76904296875, 30.89935302734375]",0.765541672706604,1
1110,230618_4-1-1.tif,"[719.3501586914062, 8161.651580810547, 35.69549560546875, 20.972900390625]",0.765532910823822,1
1111,230618_4-1-1.tif,"[6762.514190673828, 4530.248260498047, 24.200775146484375, 31.793426513671875]",0.7654967904090881,1
1112,230618_4-1-1.tif,"[9487.522407531738, 3365.073974609375, 37.39421844482422, 17.3199462890625]",0.7653568983078003,1
1113,230618_4-1-1.tif,"[3017.7684936523438, 6740.6756591796875, 15.9814453125, 37.31056213378906]",0.7653127312660217,1
1114,230618_4-1-1.tif,"[4811.794723510742, 7272.6322021484375, 20.838424682617188, 43.46717834472656]",0.7652640342712402,1
1115,230618_4-1-1.tif,"[3045.6072387695312, 4307.730712890625, 18.7052001953125, 30.81561279296875]",0.7649636268615723,1
1116,230618_4-1-1.tif,"[3387.5892333984375, 9733.418762207031, 28.10345458984375, 26.066497802734375]",0.7649125456809998,1
1117,230618_4-1-1.tif,"[1057.8882446289062, 7572.173156738281, 24.812744140625, 32.72528076171875]",0.7648991942405701,1
1118,230618_4-1-1.tif,"[8550.536560058594, 7619.8931884765625, 26.5079345703125, 30.7740478515625]",0.7648687958717346,1
1119,230618_4-1-1.tif,"[9400.135208129883, 2688.3407592773438, 22.18121337890625, 26.88555908203125]",0.764821469783783,1
1120,230618_4-1-1.tif,"[2747.0850219726562, 7214.813034057617, 20.17681884765625, 30.073562622070312]",0.764454185962677,1
1121,230618_4-1-1.tif,"[7794.054748535156, 3067.0389404296875, 21.70623779296875, 29.577363967895508]",0.7644299268722534,1
1122,230618_4-1-1.tif,"[8747.506492614746, 879.4412231445312, 22.432273864746094, 33.04339599609375]",0.764253556728363,1
1123,230618_4-1-1.tif,"[7447.916595458984, 9511.061599731445, 19.01153564453125, 31.500274658203125]",0.7642440795898438,1
1124,230618_4-1-1.tif,"[6673.877910614014, 9327.072509765625, 26.748371124267578, 36.218414306640625]",0.7642270922660828,1
1125,230618_4-1-1.tif,"[7905.39599609375, 8243.061462402344, 29.72100830078125, 23.8697509765625]",0.7642093896865845,1
1126,230618_4-1-1.tif,"[7246.1893310546875, 8785.6015625, 237.8707275390625, 188.16015625]",0.764208197593689,1
1127,230618_4-1-1.tif,"[5962.632995605469, 8357.679962158203, 34.75775146484375, 20.18890380859375]",0.7641865015029907,1
1128,230618_4-1-1.tif,"[8995.1328125, 4114.367877960205, 34.1287841796875, 19.883960723876953]",0.7641263604164124,1
1129,230618_4-1-1.tif,"[5001.1412353515625, 5532.841339111328, 15.3834228515625, 35.16448974609375]",0.7641009092330933,1
1130,230618_4-1-1.tif,"[3388.4876708984375, 8953.948715209961, 16.35430908203125, 34.41163635253906]",0.7640952467918396,1
1131,230618_4-1-1.tif,"[8734.694702148438, 7761.8348388671875, 34.0982666015625, 26.41015625]",0.7640020251274109,1
1132,230618_4-1-1.tif,"[7596.623291015625, 8837.308792114258, 24.2222900390625, 22.229278564453125]",0.7639989852905273,1
1133,230618_4-1-1.tif,"[3065.1673583984375, 8583.623596191406, 25.81025505065918, 34.0009765625]",0.7638677954673767,1
1134,230618_4-1-1.tif,"[989.195556640625, 6825.100494384766, 17.2923583984375, 37.4642333984375]",0.7638599872589111,1
1135,230618_4-1-1.tif,"[7263.691223144531, 4906.86279296875, 21.962081909179688, 32.0433349609375]",0.7638190984725952,1
1136,230618_4-1-1.tif,"[7382.896545410156, 4909.109191894531, 25.838043212890625, 30.37310791015625]",0.763696551322937,1
1137,230618_4-1-1.tif,"[9466.429809570312, 932.6028442382812, 17.25128173828125, 36.564453125]",0.7636318206787109,1
1138,230618_4-1-1.tif,"[7125.309997558594, 7799.2113037109375, 27.1907958984375, 36.73423767089844]",0.7636156678199768,1
1139,230618_4-1-1.tif,"[790.2750244140625, 6402.860168457031, 41.7884521484375, 19.4449462890625]",0.7635594606399536,1
1140,230618_4-1-1.tif,"[941.3299560546875, 8498.278076171875, 39.31201171875, 20.892822265625]",0.7634210586547852,1
1141,230618_4-1-1.tif,"[8288.802780151367, 1763.6571960449219, 15.75775146484375, 31.9951171875]",0.7634126543998718,1
1142,230618_4-1-1.tif,"[4172.175918579102, 6027.246154785156, 23.607940673828125, 32.275634765625]",0.7634041905403137,1
1143,230618_4-1-1.tif,"[2978.2501831054688, 7565.96875, 24.92138671875, 31.3082275390625]",0.7632496356964111,1
1144,230618_4-1-1.tif,"[6633.741455078125, 5902.449127197266, 24.069091796875, 25.91131591796875]",0.7632315754890442,1
1145,230618_4-1-1.tif,"[6296.692108154297, 6806.806091308594, 36.51007080078125, 18.401336669921875]",0.7631658911705017,1
1146,230618_4-1-1.tif,"[9930.24169921875, 5322.602401733398, 32.4150390625, 20.00823974609375]",0.7630516290664673,1
1147,230618_4-1-1.tif,"[1126.7277221679688, 6090.799560546875, 46.50212097167969, 20.14910888671875]",0.7628596425056458,1
1148,230618_4-1-1.tif,"[2849.2700805664062, 7995.666320800781, 17.335205078125, 37.115966796875]",0.7628279328346252,1
1149,230618_4-1-1.tif,"[4961.211242675781, 5666.187400817871, 17.2744140625, 34.994415283203125]",0.7628245949745178,1
1150,230618_4-1-1.tif,"[6748.836273193359, 3951.1342163085938, 37.672271728515625, 17.787445068359375]",0.7627102136611938,1
1151,230618_4-1-1.tif,"[3662.160369873047, 6879.821868896484, 35.899383544921875, 21.291412353515625]",0.7624878287315369,1
1152,230618_4-1-1.tif,"[9488.012481689453, 7605.617523193359, 20.981292724609375, 35.15142822265625]",0.762476921081543,1
1153,230618_4-1-1.tif,"[5051.948913574219, 2755.4898986816406, 35.2822265625, 45.57366943359375]",0.7623206377029419,1
1154,230618_4-1-1.tif,"[574.57177734375, 8108.237976074219, 17.360107421875, 41.55126953125]",0.7622613310813904,1
1155,230618_4-1-1.tif,"[7527.361022949219, 8415.016571044922, 19.088623046875, 35.756256103515625]",0.7621956467628479,1
1156,230618_4-1-1.tif,"[9156.30712890625, 6471.1859130859375, 41.4200439453125, 18.3697509765625]",0.7619746327400208,1
1157,230618_4-1-1.tif,"[3738.6654205322266, 6138.232452392578, 23.164230346679688, 30.046186447143555]",0.7619632482528687,1
1158,230618_4-1-1.tif,"[8234.15673828125, 9822.920104980469, 24.685546875, 32.76959228515625]",0.761843204498291,1
1159,230618_4-1-1.tif,"[3625.6867141723633, 8037.621643066406, 26.166519165039062, 30.929443359375]",0.7618127465248108,1
1160,230618_4-1-1.tif,"[4886.5511474609375, 4618.9296875, 23.67791748046875, 35.14886474609375]",0.7617881298065186,1
1161,230618_4-1-1.tif,"[4524.45654296875, 5680.6669845581055, 31.676025390625, 19.65894317626953]",0.7617875933647156,1
1162,230618_4-1-1.tif,"[9419.72170639038, 1720.1394653320312, 20.70230484008789, 32.608673095703125]",0.7615743279457092,1
1163,230618_4-1-1.tif,"[6796.658050537109, 5130.0654296875, 23.812332153320312, 24.207763671875]",0.761249840259552,1
1164,230618_4-1-1.tif,"[1518.73583984375, 5272.282806396484, 38.348876953125, 20.39141845703125]",0.7612246870994568,1
1165,230618_4-1-1.tif,"[9853.762084960938, 4813.632080078125, 37.955322265625, 16.87109375]",0.7611975073814392,1
1166,230618_4-1-1.tif,"[5810.699249267578, 933.8547973632812, 33.3834228515625, 24.74432373046875]",0.7611310482025146,1
1167,230618_4-1-1.tif,"[1077.3309326171875, 8690.079223632812, 37.976806640625, 17.68212890625]",0.7608098387718201,1
1168,230618_4-1-1.tif,"[7701.198181152344, 3166.8015747070312, 18.05124282836914, 33.115631103515625]",0.760748565196991,1
1169,230618_4-1-1.tif,"[5330.6845703125, 5956.652648925781, 32.669189453125, 15.7945556640625]",0.7606106996536255,1
1170,230618_4-1-1.tif,"[8598.1904296875, 1421.9944458007812, 17.92352294921875, 37.5269775390625]",0.7605080604553223,1
1171,230618_4-1-1.tif,"[9773.936004638672, 1621.16552734375, 25.015625, 37.40260314941406]",0.7604219317436218,1
1172,230618_4-1-1.tif,"[1524.1651611328125, 9841.721923828125, 37.1693115234375, 38.5054931640625]",0.7603498101234436,1
1173,230618_4-1-1.tif,"[6969.301025390625, 1904.6062622070312, 38.9869384765625, 19.4676513671875]",0.7602565288543701,1
1174,230618_4-1-1.tif,"[5367.235412597656, 8936.242431640625, 15.1689453125, 24.037994384765625]",0.7602155804634094,1
1175,230618_4-1-1.tif,"[1556.7510261535645, 9533.662414550781, 18.712955474853516, 37.2393798828125]",0.7601982355117798,1
1176,230618_4-1-1.tif,"[3588.869846343994, 7112.25927734375, 38.12972640991211, 23.989013671875]",0.7601133584976196,1
1177,230618_4-1-1.tif,"[7610.939758300781, 9633.266418457031, 39.2099609375, 27.00714111328125]",0.7599269151687622,1
1178,230618_4-1-1.tif,"[5416.482177734375, 5862.372406005859, 28.681640625, 18.956329345703125]",0.7597077488899231,1
1179,230618_4-1-1.tif,"[6721.261787414551, 4385.176208496094, 29.007034301757812, 21.2591552734375]",0.7596905827522278,1
1180,230618_4-1-1.tif,"[3916.6578369140625, 5792.940490722656, 27.820556640625, 27.360595703125]",0.7593362927436829,1
1181,230618_4-1-1.tif,"[4430.548065185547, 5491.9678955078125, 31.82708740234375, 15.3182373046875]",0.7593346834182739,1
1182,230618_4-1-1.tif,"[5775.501327514648, 6548.0006103515625, 21.26171875, 45.8314208984375]",0.7593212723731995,1
1183,230618_4-1-1.tif,"[4112.889516830444, 8774.198219299316, 37.25399208068848, 24.601097106933594]",0.7592291831970215,1
1184,230618_4-1-1.tif,"[9607.665740966797, 3388.396759033203, 21.62493896484375, 26.3333740234375]",0.759167492389679,1
1185,230618_4-1-1.tif,"[9416.61254119873, 3590.9082412719727, 19.456878662109375, 39.558921813964844]",0.7590935826301575,1
1186,230618_4-1-1.tif,"[3256.791961669922, 6867.041198730469, 35.9937744140625, 16.67071533203125]",0.7588884234428406,1
1187,230618_4-1-1.tif,"[1118.2587890625, 9402.323963165283, 35.33555603027344, 17.915203094482422]",0.7588783502578735,1
1188,230618_4-1-1.tif,"[3201.1812133789062, 8052.297180175781, 19.2965087890625, 38.2113037109375]",0.7588742971420288,1
1189,230618_4-1-1.tif,"[1051.5715942382812, 8620.829223632812, 29.5467529296875, 26.32366943359375]",0.7587885856628418,1
1190,230618_4-1-1.tif,"[1446.3683471679688, 7754.017303466797, 33.90191650390625, 19.050872802734375]",0.7586944699287415,1
1191,230618_4-1-1.tif,"[2865.8697509765625, 6521.536682128906, 32.8931884765625, 30.6884765625]",0.75849449634552,1
1192,230618_4-1-1.tif,"[5976.363220214844, 4572.064697265625, 15.12384033203125, 33.33367919921875]",0.7583256959915161,1
1193,230618_4-1-1.tif,"[4529.107025146484, 9896.492248535156, 38.20745849609375, 18.8177490234375]",0.7582733035087585,1
1194,230618_4-1-1.tif,"[1181.2713317871094, 8153.7965087890625, 37.11083984375, 17.699951171875]",0.7582698464393616,1
1195,230618_4-1-1.tif,"[9333.325424194336, 7655.231628417969, 30.201278686523438, 33.21649169921875]",0.7582657933235168,1
1196,230618_4-1-1.tif,"[9035.649108886719, 9896.048217773438, 30.67376708984375, 22.1661376953125]",0.7582322359085083,1
1197,230618_4-1-1.tif,"[2204.1019287109375, 8189.958190917969, 18.375701904296875, 34.6153564453125]",0.7582257390022278,1
1198,230618_4-1-1.tif,"[5179.956817626953, 6749.622589111328, 17.554901123046875, 38.87358093261719]",0.7581213116645813,1
1199,230618_4-1-1.tif,"[2366.787109375, 9178.2236328125, 169.054443359375, 163.345703125]",0.757935106754303,1
1200,230618_4-1-1.tif,"[7149.094299316406, 2162.7757568359375, 37.04535102844238, 29.102828979492188]",0.757760763168335,1
1201,230618_4-1-1.tif,"[1990.7198486328125, 6305.855133056641, 17.8831787109375, 36.66650390625]",0.7576975226402283,1
1202,230618_4-1-1.tif,"[8442.505584716797, 8175.5135498046875, 38.60791015625, 18.0067138671875]",0.7575287222862244,1
1203,230618_4-1-1.tif,"[7985.468566894531, 7632.294677734375, 22.73388671875, 30.8656005859375]",0.757520318031311,1
1204,230618_4-1-1.tif,"[382.8531494140625, 8006.207611083984, 25.17138671875, 31.78302001953125]",0.7575052380561829,1
1205,230618_4-1-1.tif,"[7028.341369628906, 8321.195220947266, 17.787353515625, 36.941619873046875]",0.7575050592422485,1
1206,230618_4-1-1.tif,"[3194.689125061035, 7916.187042236328, 33.69811248779297, 19.47625732421875]",0.7574647665023804,1
1207,230618_4-1-1.tif,"[1664.5929870605469, 9418.374294281006, 33.667755126953125, 20.70645523071289]",0.7573780417442322,1
1208,230618_4-1-1.tif,"[5466.88330078125, 3654.171875, 181.958984375, 181.567626953125]",0.757261335849762,1
1209,230618_4-1-1.tif,"[6075.908935546875, 2347.6265258789062, 38.78564453125, 20.400634765625]",0.7568424344062805,1
1210,230618_4-1-1.tif,"[4873.187408447266, 8285.404541015625, 23.82281494140625, 29.086181640625]",0.756725013256073,1
1211,230618_4-1-1.tif,"[2587.3453979492188, 3847.3946228027344, 20.588424682617188, 33.9322509765625]",0.7565920948982239,1
1212,230618_4-1-1.tif,"[7846.026184082031, 959.4908447265625, 19.784332275390625, 34.80120849609375]",0.7565262317657471,1
1213,230618_4-1-1.tif,"[4790.669616699219, 6423.497375488281, 24.851806640625, 29.7012939453125]",0.7563907504081726,1
1214,230618_4-1-1.tif,"[2805.1830444335938, 7318.2939453125, 19.873992919921875, 28.509033203125]",0.7563498616218567,1
1215,230618_4-1-1.tif,"[1020.0574951171875, 7484.442535400391, 36.152099609375, 20.439727783203125]",0.7560735940933228,1
1216,230618_4-1-1.tif,"[3124.890640258789, 8125.806396484375, 19.103286743164062, 33.4422607421875]",0.7560439109802246,1
1217,230618_4-1-1.tif,"[2663.2889404296875, 6553.196716308594, 29.37713623046875, 26.734954833984375]",0.7560343742370605,1
1218,230618_4-1-1.tif,"[3327.8546142578125, 8394.362548828125, 30.94586181640625, 22.56451416015625]",0.7560238838195801,1
1219,230618_4-1-1.tif,"[6407.2591552734375, 5052.1900634765625, 36.8367919921875, 17.6248779296875]",0.7559720873832703,1
1220,230618_4-1-1.tif,"[635.6894073486328, 2189.491424560547, 19.45086669921875, 37.78369140625]",0.7554368376731873,1
1221,230618_4-1-1.tif,"[6885.786224365234, 7991.63623046875, 40.256011962890625, 17.16412353515625]",0.7553914189338684,1
1222,230618_4-1-1.tif,"[6244.757766723633, 4789.854766845703, 46.64898681640625, 24.72344970703125]",0.7553333044052124,1
1223,230618_4-1-1.tif,"[5970.6649169921875, 5348.166107177734, 30.086181640625, 23.660888671875]",0.7552671432495117,1
1224,230618_4-1-1.tif,"[5576.719177246094, 2216.1242065429688, 25.4423828125, 25.9339599609375]",0.7551905512809753,1
1225,230618_4-1-1.tif,"[8478.291809082031, 2843.9143676757812, 37.921142578125, 19.8321533203125]",0.7551776170730591,1
1226,230618_4-1-1.tif,"[4435.809417724609, 5605.374938964844, 18.15301513671875, 37.9832763671875]",0.7551621198654175,1
1227,230618_4-1-1.tif,"[1319.2018432617188, 3733.327911376953, 34.575927734375, 25.65179443359375]",0.7551446557044983,1
1228,230618_4-1-1.tif,"[2616.8574829101562, 5107.8956298828125, 38.98193359375, 20.165409088134766]",0.7551026940345764,1
1229,230618_4-1-1.tif,"[204.07688903808594, 7543.659973144531, 31.99273681640625, 15.5244140625]",0.7550148963928223,1
1230,230618_4-1-1.tif,"[5316.949600219727, 802.14794921875, 18.9998779296875, 36.76544189453125]",0.7545916438102722,1
1231,230618_4-1-1.tif,"[9229.074975013733, 7679.394348144531, 18.43674373626709, 26.31573486328125]",0.754332423210144,1
1232,230618_4-1-1.tif,"[3109.6981811523438, 9377.139389038086, 30.42529296875, 27.992767333984375]",0.7542903423309326,1
1233,230618_4-1-1.tif,"[6023.025146484375, 4261.650451660156, 21.78271484375, 32.949951171875]",0.7541918754577637,1
1234,230618_4-1-1.tif,"[871.5712280273438, 992.5430908203125, 23.926513671875, 48.976318359375]",0.7539807558059692,1
1235,230618_4-1-1.tif,"[9244.774047851562, 3512.87646484375, 40.49029541015625, 17.278076171875]",0.753675639629364,1
1236,230618_4-1-1.tif,"[1392.9110717773438, 3941.2964477539062, 24.6026611328125, 33.27996826171875]",0.7535704970359802,1
1237,230618_4-1-1.tif,"[3002.776397705078, 8447.144836425781, 32.35089111328125, 23.27496337890625]",0.7534524202346802,1
1238,230618_4-1-1.tif,"[1778.8194580078125, 8277.855331420898, 21.515228271484375, 50.333038330078125]",0.7534340620040894,1
1239,230618_4-1-1.tif,"[8758.495658874512, 9073.075439453125, 21.07099151611328, 24.08868408203125]",0.7533762454986572,1
1240,230618_4-1-1.tif,"[2871.9644775390625, 4223.734649658203, 30.96826171875, 24.282135009765625]",0.7533606886863708,1
1241,230618_4-1-1.tif,"[7975.459289550781, 1096.8031005859375, 17.5399169921875, 35.1961669921875]",0.7532600164413452,1
1242,230618_4-1-1.tif,"[7487.7587890625, 8613.093231201172, 30.163330078125, 19.2354736328125]",0.7532579302787781,1
1243,230618_4-1-1.tif,"[9788.47280883789, 9562.899841308594, 20.519256591796875, 40.230255126953125]",0.7532283067703247,1
1244,230618_4-1-1.tif,"[9933.392822265625, 7297.604187011719, 32.9921875, 20.612060546875]",0.753128170967102,1
1245,230618_4-1-1.tif,"[6977.586242675781, 2859.9338989257812, 38.4598388671875, 19.8531494140625]",0.7530598640441895,1
1246,230618_4-1-1.tif,"[3119.922607421875, 4493.693450927734, 34.39794921875, 16.72296142578125]",0.7530063390731812,1
1247,230618_4-1-1.tif,"[5876.8353271484375, 5033.863037109375, 34.28369140625, 15.99237060546875]",0.7529845237731934,1
1248,230618_4-1-1.tif,"[6052.233245849609, 7021.167144775391, 29.427490234375, 26.84765625]",0.7529273629188538,1
1249,230618_4-1-1.tif,"[7953.181976318359, 7966.659118652344, 18.31793212890625, 35.6251220703125]",0.752849280834198,1
1250,230618_4-1-1.tif,"[2839.5633850097656, 3791.7987365722656, 21.0517578125, 32.400634765625]",0.7528228759765625,1
1251,230618_4-1-1.tif,"[1882.5858459472656, 6567.886199951172, 40.0994873046875, 39.69000244140625]",0.7527934312820435,1
1252,230618_4-1-1.tif,"[4950.8956298828125, 5603.8692626953125, 36.6468505859375, 21.1416015625]",0.7526862025260925,1
1253,230618_4-1-1.tif,"[4759.925231933594, 7199.577697753906, 36.44036865234375, 19.204833984375]",0.7525367140769958,1
1254,230618_4-1-1.tif,"[5386.244445800781, 5336.315460205078, 22.90081787109375, 37.34619140625]",0.7525323629379272,1
1255,230618_4-1-1.tif,"[2639.340133666992, 8235.356185913086, 17.08050537109375, 33.743377685546875]",0.7519454956054688,1
1256,230618_4-1-1.tif,"[5016.726989746094, 4970.401550292969, 38.962646484375, 21.447509765625]",0.7518466114997864,1
1257,230618_4-1-1.tif,"[2368.3121948242188, 3806.7557067871094, 18.4696044921875, 41.220428466796875]",0.7518457174301147,1
1258,230618_4-1-1.tif,"[7127.255798339844, 3917.754669189453, 35.8623046875, 17.46295166015625]",0.751838207244873,1
1259,230618_4-1-1.tif,"[2238.2937622070312, 3405.4480590820312, 16.66595458984375, 34.351806640625]",0.7517443299293518,1
1260,230618_4-1-1.tif,"[1312.226806640625, 7374.460906982422, 20.709228515625, 36.887359619140625]",0.7516940832138062,1
1261,230618_4-1-1.tif,"[8084.025146484375, 9496.860626220703, 36.93798828125, 17.5732421875]",0.7516463994979858,1
1262,230618_4-1-1.tif,"[8278.599296569824, 8522.102813720703, 24.755088806152344, 36.13800048828125]",0.7515238523483276,1
1263,230618_4-1-1.tif,"[3603.067138671875, 8327.084823608398, 38.4140625, 21.283355712890625]",0.7514891624450684,1
1264,230618_4-1-1.tif,"[9003.156433105469, 1743.3012084960938, 23.0849609375, 26.9976806640625]",0.7514301538467407,1
1265,230618_4-1-1.tif,"[3325.236114501953, 8031.534484863281, 22.8258056640625, 33.97802734375]",0.7513730525970459,1
1266,230618_4-1-1.tif,"[844.3740234375, 4850.36572265625, 18.3953857421875, 33.2630615234375]",0.7512459754943848,1
1267,230618_4-1-1.tif,"[8022.0316162109375, 1492.1739501953125, 24.6719970703125, 30.1375732421875]",0.751212477684021,1
1268,230618_4-1-1.tif,"[5197.6146240234375, 6659.45458984375, 23.084747314453125, 36.265380859375]",0.7511584758758545,1
1269,230618_4-1-1.tif,"[6334.307861328125, 9601.020446777344, 42.235015869140625, 27.672210693359375]",0.7510815858840942,1
1270,230618_4-1-1.tif,"[8114.728332519531, 1349.2854614257812, 24.199462890625, 25.2618408203125]",0.7510110139846802,1
1271,230618_4-1-1.tif,"[7946.577209472656, 4899.092498779297, 28.7469482421875, 15.485595703125]",0.7509753704071045,1
1272,230618_4-1-1.tif,"[5807.672180175781, 4351.162353515625, 16.615020751953125, 31.58978271484375]",0.750969648361206,1
1273,230618_4-1-1.tif,"[9798.431182861328, 4613.540824890137, 19.300994873046875, 36.14203643798828]",0.7508293986320496,1
1274,230618_4-1-1.tif,"[2753.6719665527344, 4287.391845703125, 19.5489501953125, 37.705810546875]",0.7505056262016296,1
1275,230618_4-1-1.tif,"[1451.045654296875, 9466.900848388672, 38.742767333984375, 33.86907958984375]",0.750257134437561,1
1276,230618_4-1-1.tif,"[7928.982666015625, 8577.08999633789, 28.48297119140625, 26.83648681640625]",0.7501575946807861,1
1277,230618_4-1-1.tif,"[3391.8553161621094, 5911.83056640625, 16.562255859375, 37.980224609375]",0.7499685883522034,1
1278,230618_4-1-1.tif,"[2815.2118530273438, 4475.121643066406, 28.7423095703125, 27.47021484375]",0.7497926354408264,1
1279,230618_4-1-1.tif,"[8990.683959960938, 2639.774383544922, 39.8289794921875, 19.022918701171875]",0.7496762871742249,1
1280,230618_4-1-1.tif,"[8134.797546386719, 9219.753662109375, 37.52923583984375, 19.7294921875]",0.7494692206382751,1
1281,230618_4-1-1.tif,"[4145.175918579102, 5793.902679443359, 37.20335388183594, 19.83636474609375]",0.7494454979896545,1
1282,230618_4-1-1.tif,"[3545.730987548828, 7084.088714599609, 28.03790283203125, 31.6270751953125]",0.7494199275970459,1
1283,230618_4-1-1.tif,"[9645.468688964844, 1981.462890625, 22.22540283203125, 28.943603515625]",0.7493215799331665,1
1284,230618_4-1-1.tif,"[7047.6007080078125, 4264.399124145508, 24.9310302734375, 26.302734375]",0.7491760849952698,1
1285,230618_4-1-1.tif,"[8281.303527832031, 1980.2203369140625, 28.571182250976562, 26.83172607421875]",0.7488664984703064,1
1286,230618_4-1-1.tif,"[283.7920227050781, 1374.5389404296875, 28.0439453125, 45.4622802734375]",0.7487264275550842,1
1287,230618_4-1-1.tif,"[4059.2513122558594, 5564.3494873046875, 18.855712890625, 37.07440185546875]",0.7486696839332581,1
1288,230618_4-1-1.tif,"[2996.536346435547, 7628.6453857421875, 24.463134765625, 25.8638916015625]",0.7484073638916016,1
1289,230618_4-1-1.tif,"[8426.805938720703, 2801.6135864257812, 15.9718017578125, 33.37274169921875]",0.7482876181602478,1
1290,230618_4-1-1.tif,"[1499.3148803710938, 6589.4915771484375, 38.1002197265625, 17.157470703125]",0.7481722831726074,1
1291,230618_4-1-1.tif,"[9432.172866821289, 3255.856460571289, 18.503265380859375, 33.301971435546875]",0.7480257749557495,1
1292,230618_4-1-1.tif,"[3247.714080810547, 4629.939678192139, 20.2470703125, 32.46821594238281]",0.7480003237724304,1
1293,230618_4-1-1.tif,"[7831.214447021484, 2061.7062044143677, 35.30364990234375, 18.300101280212402]",0.7479713559150696,1
1294,230618_4-1-1.tif,"[5105.272521972656, 5581.684112548828, 20.924269676208496, 35.183929443359375]",0.747671365737915,1
1295,230618_4-1-1.tif,"[7260.624938964844, 3117.6657104492188, 18.0899658203125, 35.05859375]",0.7476543188095093,1
1296,230618_4-1-1.tif,"[7796.4727783203125, 4598.4205322265625, 23.3238525390625, 36.92095947265625]",0.7473522424697876,1
1297,230618_4-1-1.tif,"[8699.072082519531, 5801.443084716797, 29.899169921875, 28.118438720703125]",0.74732506275177,1
1298,230618_4-1-1.tif,"[1866.8542175292969, 7894.279846191406, 18.89898681640625, 39.27496337890625]",0.7472721338272095,1
1299,230618_4-1-1.tif,"[8860.208251953125, 9919.743835449219, 27.9149169921875, 30.7060546875]",0.7472350001335144,1
1300,230618_4-1-1.tif,"[5748.1142578125, 5594.612884521484, 40.014739990234375, 30.9779052734375]",0.7471436858177185,1
1301,230618_4-1-1.tif,"[8540.820220947266, 1344.5021362304688, 23.057373046875, 34.242919921875]",0.7470681667327881,1
1302,230618_4-1-1.tif,"[3887.0774841308594, 6981.638000488281, 28.3975830078125, 23.2767333984375]",0.7469712495803833,1
1303,230618_4-1-1.tif,"[617.59619140625, 6371.6492919921875, 40.52311706542969, 17.85626220703125]",0.7468013763427734,1
1304,230618_4-1-1.tif,"[9353.558486938477, 9144.030792236328, 16.740570068359375, 37.29901123046875]",0.7467308640480042,1
1305,230618_4-1-1.tif,"[897.4151000976562, 1625.0299530029297, 18.465667724609375, 39.3687744140625]",0.7466987371444702,1
1306,230618_4-1-1.tif,"[736.8639831542969, 7721.53205871582, 19.073944091796875, 35.58976745605469]",0.7462105751037598,1
1307,230618_4-1-1.tif,"[187.14407348632812, 1793.62744140625, 20.394775390625, 40.73876953125]",0.7461004853248596,1
1308,230618_4-1-1.tif,"[8737.4638671875, 1529.5015258789062, 35.31348419189453, 18.1756591796875]",0.7459962964057922,1
1309,230618_4-1-1.tif,"[8838.271926879883, 7889.144622802734, 33.51031494140625, 21.531005859375]",0.7458128333091736,1
1310,230618_4-1-1.tif,"[512.2223510742188, 1960.56689453125, 17.2269287109375, 42.31805419921875]",0.7457236647605896,1
1311,230618_4-1-1.tif,"[1853.5909423828125, 7357.8382568359375, 17.81396484375, 32.50982666015625]",0.7454173564910889,1
1312,230618_4-1-1.tif,"[798.174072265625, 9908.734130859375, 38.03277587890625, 18.16748046875]",0.7453607320785522,1
1313,230618_4-1-1.tif,"[5066.298919677734, 1053.146484375, 19.8876953125, 41.13008117675781]",0.7453370094299316,1
1314,230618_4-1-1.tif,"[7377.843475341797, 8609.551727294922, 22.696044921875, 30.53045654296875]",0.7452901601791382,1
1315,230618_4-1-1.tif,"[3429.8871459960938, 8749.294334411621, 30.1964111328125, 20.193824768066406]",0.7449416518211365,1
1316,230618_4-1-1.tif,"[7908.939117431641, 2856.2911071777344, 34.6304931640625, 17.3182373046875]",0.7449318766593933,1
1317,230618_4-1-1.tif,"[8708.784851074219, 1865.9208068847656, 37.5408935546875, 40.4122314453125]",0.7448854446411133,1
1318,230618_4-1-1.tif,"[755.8773803710938, 2002.21240234375, 25.28466796875, 29.834228515625]",0.744792640209198,1
1319,230618_4-1-1.tif,"[6961.914947509766, 2953.014892578125, 34.45343017578125, 24.441162109375]",0.7445148229598999,1
1320,230618_4-1-1.tif,"[6191.3675537109375, 5191.11198425293, 35.33856201171875, 19.821701049804688]",0.7444971203804016,1
1321,230618_4-1-1.tif,"[8208.423614501953, 9183.355590820312, 33.518646240234375, 23.09259033203125]",0.7444520592689514,1
1322,230618_4-1-1.tif,"[4753.9117431640625, 5435.326019287109, 32.768829345703125, 19.081298828125]",0.7440052032470703,1
1323,230618_4-1-1.tif,"[8855.938598632812, 8706.974460601807, 28.23248291015625, 36.359375]",0.7438939809799194,1
1324,230618_4-1-1.tif,"[5280.885177612305, 8885.55874633789, 27.436248779296875, 23.110931396484375]",0.7436253428459167,1
1325,230618_4-1-1.tif,"[6189.049705505371, 448.43035888671875, 18.484169006347656, 37.4586181640625]",0.7436251640319824,1
1326,230618_4-1-1.tif,"[5702.8153076171875, 5431.608245849609, 31.832000732421875, 20.41107177734375]",0.7436174154281616,1
1327,230618_4-1-1.tif,"[2506.8976440429688, 7120.849792480469, 21.45843505859375, 33.7802734375]",0.7433656454086304,1
1328,230618_4-1-1.tif,"[2431.9954833984375, 3761.2164611816406, 37.7982177734375, 18.30377197265625]",0.742935299873352,1
1329,230618_4-1-1.tif,"[941.3817749023438, 7736.702041625977, 20.10772705078125, 33.86395263671875]",0.7428497076034546,1
1330,230618_4-1-1.tif,"[9816.063781738281, 3195.4219360351562, 27.91558837890625, 30.867279052734375]",0.7427611947059631,1
1331,230618_4-1-1.tif,"[5922.140686035156, 5401.827606201172, 22.615478515625, 29.0107421875]",0.7424216866493225,1
1332,230618_4-1-1.tif,"[2225.2538146972656, 9497.569427490234, 35.802581787109375, 19.38671875]",0.7424118518829346,1
1333,230618_4-1-1.tif,"[1451.8261108398438, 3797.877655029297, 29.4195556640625, 20.37017822265625]",0.7424018383026123,1
1334,230618_4-1-1.tif,"[9777.96337890625, 5231.629165649414, 32.50286865234375, 25.836395263671875]",0.7421279549598694,1
1335,230618_4-1-1.tif,"[3588.271022796631, 6194.252655029297, 29.141464233398438, 29.376312255859375]",0.7421279549598694,1
1336,230618_4-1-1.tif,"[2467.023223876953, 3181.6796875, 33.40496826171875, 25.271499633789062]",0.7420219779014587,1
1337,230618_4-1-1.tif,"[2660.7666015625, 8179.558349609375, 32.62104797363281, 32.97639465332031]",0.7419403195381165,1
1338,230618_4-1-1.tif,"[5228.091842651367, 3089.024461746216, 19.486297607421875, 35.75227165222168]",0.7419037818908691,1
1339,230618_4-1-1.tif,"[2149.474365234375, 9910.617919921875, 36.13873291015625, 24.1641845703125]",0.7418818473815918,1
1340,230618_4-1-1.tif,"[9519.713195800781, 2868.5394897460938, 17.743896484375, 32.7508544921875]",0.7418767809867859,1
1341,230618_4-1-1.tif,"[1722.6576232910156, 8036.4935302734375, 18.01318359375, 32.03125]",0.741814374923706,1
1342,230618_4-1-1.tif,"[6578.773010253906, 4553.822235107422, 18.16357421875, 37.44384765625]",0.7412843108177185,1
1343,230618_4-1-1.tif,"[7724.323425292969, 7390.578811645508, 40.420166015625, 18.0596923828125]",0.7410940527915955,1
1344,230618_4-1-1.tif,"[9974.777893066406, 4654.7784423828125, 19.43310546875, 36.50244140625]",0.7410916090011597,1
1345,230618_4-1-1.tif,"[9480.704475402832, 1619.4610137939453, 32.03716278076172, 17.093612670898438]",0.7410703897476196,1
1346,230618_4-1-1.tif,"[9209.292419433594, 8070.16845703125, 18.303226470947266, 40.0880126953125]",0.7410508394241333,1
1347,230618_4-1-1.tif,"[7610.2939453125, 3109.6956787109375, 28.946533203125, 26.033615112304688]",0.7409192323684692,1
1348,230618_4-1-1.tif,"[1458.8510131835938, 3209.9678955078125, 20.640380859375, 32.68975830078125]",0.7408822178840637,1
1349,230618_4-1-1.tif,"[7318.573059082031, 2054.9769792556763, 21.993362426757812, 30.38666820526123]",0.7407568097114563,1
1350,230618_4-1-1.tif,"[9306.432006835938, 2845.8016967773438, 26.964324951171875, 27.458984375]",0.7407084703445435,1
1351,230618_4-1-1.tif,"[6832.373626708984, 3594.114112854004, 36.459686279296875, 22.489078521728516]",0.7406978011131287,1
1352,230618_4-1-1.tif,"[8675.624633789062, 2777.9588623046875, 40.620744705200195, 21.41998291015625]",0.7405611276626587,1
1353,230618_4-1-1.tif,"[715.2294311523438, 7373.983825683594, 32.01824951171875, 26.3546142578125]",0.7404060959815979,1
1354,230618_4-1-1.tif,"[7380.165924072266, 8823.892822265625, 42.722412109375, 23.3460693359375]",0.7403412461280823,1
1355,230618_4-1-1.tif,"[4435.833557128906, 5545.071044921875, 31.245849609375, 17.1513671875]",0.7399828433990479,1
1356,230618_4-1-1.tif,"[5666.461578369141, 2455.259521484375, 33.30097961425781, 45.461669921875]",0.7398959994316101,1
1357,230618_4-1-1.tif,"[8475.259826660156, 1840.65673828125, 15.7113037109375, 32.803955078125]",0.7398552894592285,1
1358,230618_4-1-1.tif,"[7173.911865234375, 9350.411422729492, 35.1005859375, 40.229976654052734]",0.7398286461830139,1
1359,230618_4-1-1.tif,"[2822.2051391601562, 7175.786376953125, 18.9129638671875, 34.1153564453125]",0.7398083209991455,1
1360,230618_4-1-1.tif,"[8186.638580322266, 1854.1356811523438, 19.549346923828125, 33.805908203125]",0.7397365570068359,1
1361,230618_4-1-1.tif,"[8812.589431762695, 8857.216659545898, 24.337371826171875, 33.38179016113281]",0.7393913865089417,1
1362,230618_4-1-1.tif,"[2670.5791549682617, 2773.2213439941406, 35.43305206298828, 35.50616455078125]",0.7389923930168152,1
1363,230618_4-1-1.tif,"[2986.5713500976562, 4722.059623718262, 42.862548828125, 39.55493927001953]",0.7387335300445557,1
1364,230618_4-1-1.tif,"[8921.323120117188, 1695.7400817871094, 18.447021484375, 35.81060791015625]",0.7384794354438782,1
1365,230618_4-1-1.tif,"[607.8223266601562, 2318.546875, 19.365798950195312, 33.286773681640625]",0.7382376790046692,1
1366,230618_4-1-1.tif,"[8184.2301025390625, 8993.334838867188, 24.362548828125, 31.271240234375]",0.7382175922393799,1
1367,230618_4-1-1.tif,"[1823.0733642578125, 6829.87077331543, 17.54241943359375, 35.0897216796875]",0.7382107973098755,1
1368,230618_4-1-1.tif,"[7046.616851806641, 6261.4608154296875, 23.592559814453125, 32.27494812011719]",0.738093912601471,1
1369,230618_4-1-1.tif,"[9481.6064453125, 3703.2348022460938, 28.942062377929688, 31.765716552734375]",0.7380509972572327,1
1370,230618_4-1-1.tif,"[8047.783752441406, 4416.504577636719, 27.4910888671875, 24.2672119140625]",0.7380458116531372,1
1371,230618_4-1-1.tif,"[7845.511291503906, 3692.512939453125, 20.8502197265625, 37.51399230957031]",0.7379207611083984,1
1372,230618_4-1-1.tif,"[1929.6314697265625, 7039.1839599609375, 26.58221435546875, 31.118408203125]",0.7378939986228943,1
1373,230618_4-1-1.tif,"[9200.262512207031, 8964.82421875, 16.54931640625, 39.18701171875]",0.7377394437789917,1
1374,230618_4-1-1.tif,"[6849.384124755859, 2242.3050537109375, 37.43231201171875, 20.871002197265625]",0.7376729846000671,1
1375,230618_4-1-1.tif,"[1995.225341796875, 3924.9330444335938, 29.120849609375, 38.3775634765625]",0.7375692129135132,1
1376,230618_4-1-1.tif,"[3989.6825561523438, 8315.421371459961, 41.161865234375, 20.09716796875]",0.7374352216720581,1
1377,230618_4-1-1.tif,"[7826.172653198242, 2866.4465942382812, 41.072479248046875, 16.29345703125]",0.7372341156005859,1
1378,230618_4-1-1.tif,"[7480.459014892578, 6285.421203613281, 31.49505615234375, 17.64990234375]",0.7371795773506165,1
1379,230618_4-1-1.tif,"[5800.026885986328, 6049.089111328125, 23.55810546875, 27.2047119140625]",0.7368844151496887,1
1380,230618_4-1-1.tif,"[1458.943603515625, 6849.355743408203, 25.94970703125, 31.79443359375]",0.7366541624069214,1
1381,230618_4-1-1.tif,"[6102.669616699219, 3693.0814208984375, 19.5941162109375, 37.9132080078125]",0.7364572286605835,1
1382,230618_4-1-1.tif,"[2878.9783630371094, 5987.474822998047, 18.3587646484375, 33.97412109375]",0.7364470958709717,1
1383,230618_4-1-1.tif,"[7329.511871337891, 8622.341979980469, 29.31646728515625, 26.971435546875]",0.7362813353538513,1
1384,230618_4-1-1.tif,"[9671.112731933594, 2188.489501953125, 40.00244140625, 23.56341552734375]",0.7361867427825928,1
1385,230618_4-1-1.tif,"[5098.326904296875, 5994.510498046875, 32.37546730041504, 36.02398681640625]",0.7361135482788086,1
1386,230618_4-1-1.tif,"[3226.6326904296875, 8471.97640991211, 20.877685546875, 29.24151611328125]",0.7359323501586914,1
1387,230618_4-1-1.tif,"[8361.88833618164, 8009.794189453125, 32.676727294921875, 16.4344482421875]",0.7359126806259155,1
1388,230618_4-1-1.tif,"[4652.244140625, 6152.6607666015625, 16.443115234375, 35.1422119140625]",0.7359095811843872,1
1389,230618_4-1-1.tif,"[2109.5537109375, 2944.3466796875, 263.619384765625, 179.1611328125]",0.7357378602027893,1
1390,230618_4-1-1.tif,"[6888.931823730469, 4589.083923339844, 29.378875732421875, 23.8773193359375]",0.7357000708580017,1
1391,230618_4-1-1.tif,"[4059.1162109375, 5635.240234375, 32.648712158203125, 17.6402587890625]",0.7356167435646057,1
1392,230618_4-1-1.tif,"[2513.502197265625, 8982.309875488281, 27.5892333984375, 24.7279052734375]",0.735552191734314,1
1393,230618_4-1-1.tif,"[5229.331977844238, 2554.7113647460938, 62.64958953857422, 24.136756896972656]",0.735515296459198,1
1394,230618_4-1-1.tif,"[7680.629821777344, 1829.048828125, 22.0032958984375, 52.919921875]",0.735511064529419,1
1395,230618_4-1-1.tif,"[3181.3084106445312, 4540.356262207031, 30.322097778320312, 20.294189453125]",0.7355095744132996,1
1396,230618_4-1-1.tif,"[1356.8616333007812, 5210.296630859375, 21.4718017578125, 30.5245361328125]",0.7353991866111755,1
1397,230618_4-1-1.tif,"[6999.4156494140625, 8859.985473632812, 28.21380615234375, 29.07318115234375]",0.7352909445762634,1
1398,230618_4-1-1.tif,"[7930.015060424805, 1742.4056701660156, 36.39137268066406, 18.40679931640625]",0.7352540493011475,1
1399,230618_4-1-1.tif,"[6067.024200439453, 3090.3230361938477, 33.4290771484375, 19.246299743652344]",0.7350926995277405,1
1400,230618_4-1-1.tif,"[3514.6502685546875, 8201.942375183105, 23.672607421875, 42.77141571044922]",0.7350592613220215,1
1401,230618_4-1-1.tif,"[1277.1265869140625, 1263.8450927734375, 18.4261474609375, 43.010498046875]",0.7350016832351685,1
1402,230618_4-1-1.tif,"[1824.9871215820312, 3580.0940856933594, 23.950439453125, 36.882568359375]",0.7346013188362122,1
1403,230618_4-1-1.tif,"[3121.196388244629, 9529.940124511719, 16.142295837402344, 34.59941101074219]",0.7345671057701111,1
1404,230618_4-1-1.tif,"[9886.584106445312, 4918.426483154297, 34.7108154296875, 18.95867919921875]",0.7344629764556885,1
1405,230618_4-1-1.tif,"[9945.513000488281, 9073.175354003906, 17.592041015625, 35.4423828125]",0.7339932918548584,1
1406,230618_4-1-1.tif,"[6685.779479980469, 2166.2802734375, 32.534912109375, 29.746551513671875]",0.7339617013931274,1
1407,230618_4-1-1.tif,"[8418.530303955078, 7081.3778076171875, 17.55450439453125, 38.59881591796875]",0.7339474558830261,1
1408,230618_4-1-1.tif,"[8562.072723388672, 6170.09130859375, 26.655853271484375, 27.8135986328125]",0.733788251876831,1
1409,230618_4-1-1.tif,"[2729.6350708007812, 8140.475158691406, 20.99188232421875, 33.830322265625]",0.7336870431900024,1
1410,230618_4-1-1.tif,"[1341.4964599609375, 9752.660034179688, 39.3623046875, 36.09320068359375]",0.7335708141326904,1
1411,230618_4-1-1.tif,"[7395.470611572266, 8071.746734619141, 29.486114501953125, 32.52874755859375]",0.7334591150283813,1
1412,230618_4-1-1.tif,"[4668.834228515625, 4778.901031494141, 19.06165313720703, 33.323455810546875]",0.7334132790565491,1
1413,230618_4-1-1.tif,"[5278.472381591797, 904.84716796875, 28.04925537109375, 29.3619384765625]",0.7333882451057434,1
1414,230618_4-1-1.tif,"[1319.5888061523438, 6497.9501953125, 20.458740234375, 31.51953125]",0.7332834601402283,1
1415,230618_4-1-1.tif,"[3933.0931396484375, 6027.142150878906, 35.52008056640625, 21.9696044921875]",0.7331698536872864,1
1416,230618_4-1-1.tif,"[1441.5018920898438, 9635.456176757812, 31.134185791015625, 22.28887939453125]",0.7331265807151794,1
1417,230618_4-1-1.tif,"[6057.923431396484, 8784.175903320312, 27.1641845703125, 41.2568359375]",0.7327955961227417,1
1418,230618_4-1-1.tif,"[7026.140380859375, 2586.80615234375, 17.4471435546875, 35.16753005981445]",0.7327654957771301,1
1419,230618_4-1-1.tif,"[1563.5120868682861, 3349.6517944335938, 28.285154342651367, 40.57696533203125]",0.7325920462608337,1
1420,230618_4-1-1.tif,"[2471.078826904297, 3540.171173095703, 36.6529541015625, 20.63671875]",0.7325703501701355,1
1421,230618_4-1-1.tif,"[4312.323104858398, 6188.019241333008, 16.613723754882812, 35.32109069824219]",0.732567548751831,1
1422,230618_4-1-1.tif,"[3154.727752685547, 8162.0447998046875, 20.388580322265625, 30.1722412109375]",0.7325364947319031,1
1423,230618_4-1-1.tif,"[1409.5491333007812, 3406.4651489257812, 24.5576171875, 36.407958984375]",0.7325352430343628,1
1424,230618_4-1-1.tif,"[2562.9090995788574, 6702.572509765625, 20.507404327392578, 30.8037109375]",0.7322371006011963,1
1425,230618_4-1-1.tif,"[9015.318359375, 8749.263553619385, 33.240234375, 16.380592346191406]",0.7320470809936523,1
1426,230618_4-1-1.tif,"[9591.644165039062, 5796.878692626953, 31.987548828125, 21.875946044921875]",0.7319813966751099,1
1427,230618_4-1-1.tif,"[854.4755554199219, 2073.764741897583, 33.2117919921875, 17.532743453979492]",0.7314490079879761,1
1428,230618_4-1-1.tif,"[9856.658264160156, 7437.952575683594, 33.199951171875, 18.164306640625]",0.731196403503418,1
1429,230618_4-1-1.tif,"[8097.4398193359375, 2230.826873779297, 32.187255859375, 19.4798583984375]",0.7306807637214661,1
1430,230618_4-1-1.tif,"[1314.2573547363281, 7039.202453613281, 37.70556640625, 17.5528564453125]",0.7306021451950073,1
1431,230618_4-1-1.tif,"[7397.7799072265625, 1501.0274047851562, 24.39617919921875, 30.6329345703125]",0.7305548191070557,1
1432,230618_4-1-1.tif,"[3714.198989868164, 6932.250793457031, 39.865142822265625, 22.7744140625]",0.730505108833313,1
1433,230618_4-1-1.tif,"[334.6570739746094, 1920.5405883789062, 20.89990234375, 30.80029296875]",0.7304791808128357,1
1434,230618_4-1-1.tif,"[722.0159606933594, 2351.8131103515625, 36.35687255859375, 20.818603515625]",0.7304568290710449,1
1435,230618_4-1-1.tif,"[8095.924499511719, 8395.898803710938, 17.1923828125, 35.1910400390625]",0.7301146388053894,1
1436,230618_4-1-1.tif,"[8379.03677368164, 8479.41665649414, 28.29913330078125, 24.46484375]",0.7300499081611633,1
1437,230618_4-1-1.tif,"[343.23199462890625, 8312.081047058105, 31.249755859375, 27.84705352783203]",0.7299976944923401,1
1438,230618_4-1-1.tif,"[1105.3486938476562, 9287.400756835938, 36.59846496582031, 22.3160400390625]",0.729834258556366,1
1439,230618_4-1-1.tif,"[6606.927581787109, 7859.156494140625, 21.41143798828125, 43.7813720703125]",0.7296723127365112,1
1440,230618_4-1-1.tif,"[9977.498046875, 3771.2529907226562, 22.1318359375, 18.34259033203125]",0.7293311357498169,1
1441,230618_4-1-1.tif,"[9541.708801269531, 8569.761627197266, 27.0928955078125, 28.79791259765625]",0.7293206453323364,1
1442,230618_4-1-1.tif,"[9981.820190429688, 3202.5838775634766, 17.607177734375, 38.0439453125]",0.7292053699493408,1
1443,230618_4-1-1.tif,"[766.1947326660156, 7497.087341308594, 16.21923828125, 32.17724609375]",0.7288815379142761,1
1444,230618_4-1-1.tif,"[8245.271339416504, 3292.8646850585938, 19.181060791015625, 26.584991455078125]",0.7288252711296082,1
1445,230618_4-1-1.tif,"[7447.7705078125, 1699.7306823730469, 31.8720703125, 27.25848388671875]",0.7285974621772766,1
1446,230618_4-1-1.tif,"[9146.641784667969, 2630.784812927246, 33.326904296875, 19.915802001953125]",0.7284165024757385,1
1447,230618_4-1-1.tif,"[6422.0059814453125, 2238.911834716797, 31.054443359375, 21.456298828125]",0.7283278107643127,1
1448,230618_4-1-1.tif,"[4140.036911010742, 5054.792633056641, 27.684951782226562, 26.033447265625]",0.7283245921134949,1
1449,230618_4-1-1.tif,"[8963.384521484375, 6847.379425048828, 28.81689453125, 22.184234619140625]",0.7283101677894592,1
1450,230618_4-1-1.tif,"[2626.589111328125, 7029.874572753906, 36.71681213378906, 19.22088623046875]",0.7282825708389282,1
1451,230618_4-1-1.tif,"[8498.483093261719, 6927.274230957031, 23.83056640625, 18.7802734375]",0.7281542420387268,1
1452,230618_4-1-1.tif,"[3572.5355834960938, 6119.670959472656, 28.9207763671875, 22.0233154296875]",0.727981686592102,1
1453,230618_4-1-1.tif,"[8251.348754882812, 2361.4089965820312, 36.805908203125, 21.79248046875]",0.7278677821159363,1
1454,230618_4-1-1.tif,"[6007.31396484375, 4455.1845703125, 26.9661865234375, 26.38165283203125]",0.7276791334152222,1
1455,230618_4-1-1.tif,"[2354.37646484375, 7036.559509277344, 18.31317138671875, 38.03216552734375]",0.7274954915046692,1
1456,230618_4-1-1.tif,"[1280.5960083007812, 8639.93603515625, 18.8131103515625, 33.856689453125]",0.7267987728118896,1
1457,230618_4-1-1.tif,"[1698.5138549804688, 6368.6513671875, 17.88751220703125, 33.02630615234375]",0.7266422510147095,1
1458,230618_4-1-1.tif,"[9971.486694335938, 7864.988464355469, 27.89697265625, 23.49188232421875]",0.7266285419464111,1
1459,230618_4-1-1.tif,"[6506.323089599609, 8215.865310668945, 29.1898193359375, 27.40361785888672]",0.7264863848686218,1
1460,230618_4-1-1.tif,"[8560.770111083984, 777.6235961914062, 38.98394775390625, 16.90771484375]",0.7261528968811035,1
1461,230618_4-1-1.tif,"[6821.018127441406, 2101.6578369140625, 35.9420166015625, 17.19677734375]",0.7261393070220947,1
1462,230618_4-1-1.tif,"[9293.09065246582, 2316.4113159179688, 31.221603393554688, 26.7994384765625]",0.7255335450172424,1
1463,230618_4-1-1.tif,"[6655.3856201171875, 3158.8984375, 20.309303283691406, 42.767822265625]",0.7255008816719055,1
1464,230618_4-1-1.tif,"[7198.413644790649, 9842.391967773438, 22.045217514038086, 35.29913330078125]",0.7252558469772339,1
1465,230618_4-1-1.tif,"[9118.73974609375, 4022.095489501953, 30.99560546875, 25.259033203125]",0.7252392768859863,1
1466,230618_4-1-1.tif,"[2920.96484375, 4528.560974121094, 18.08782958984375, 32.71136474609375]",0.725229024887085,1
1467,230618_4-1-1.tif,"[1246.7282409667969, 7766.590881347656, 16.955093383789062, 33.90582275390625]",0.7249908447265625,1
1468,230618_4-1-1.tif,"[575.3829345703125, 9372.987289428711, 30.34033203125, 23.90149688720703]",0.7245857119560242,1
1469,230618_4-1-1.tif,"[2653.356132507324, 8695.699951171875, 33.88385772705078, 23.28976535797119]",0.7245734930038452,1
1470,230618_4-1-1.tif,"[7447.921936035156, 7268.175827026367, 21.9896240234375, 26.127578735351562]",0.7243432998657227,1
1471,230618_4-1-1.tif,"[9654.33251953125, 6443.328826904297, 18.0069580078125, 39.850830078125]",0.7242825627326965,1
1472,230618_4-1-1.tif,"[9080.474243164062, 4873.710632324219, 30.1214599609375, 20.0565185546875]",0.7239593267440796,1
1473,230618_4-1-1.tif,"[1546.7060890197754, 9002.90560913086, 37.33882522583008, 25.4207763671875]",0.7236835956573486,1
1474,230618_4-1-1.tif,"[9096.936462402344, 9465.157516479492, 22.66058349609375, 29.383834838867188]",0.7236181497573853,1
1475,230618_4-1-1.tif,"[9778.424377441406, 1940.6532592773438, 51.3419189453125, 24.077392578125]",0.7235490083694458,1
1476,230618_4-1-1.tif,"[3126.2244186401367, 6603.032043457031, 26.819381713867188, 29.448699951171875]",0.7234820127487183,1
1477,230618_4-1-1.tif,"[3456.0634765625, 6053.131317138672, 23.451904296875, 28.91015625]",0.7234269976615906,1
1478,230618_4-1-1.tif,"[631.787353515625, 2094.18798828125, 17.812881469726562, 43.286376953125]",0.7233524322509766,1
1479,230618_4-1-1.tif,"[3712.3560791015625, 6043.34375, 24.163818359375, 27.055908203125]",0.7233148217201233,1
1480,230618_4-1-1.tif,"[9639.613098144531, 1746.2316131591797, 17.27587890625, 32.61732482910156]",0.7232502102851868,1
1481,230618_4-1-1.tif,"[1048.786262512207, 1684.1866607666016, 18.450973510742188, 28.82952880859375]",0.7229716777801514,1
1482,230618_4-1-1.tif,"[2759.639404296875, 8296.448516845703, 20.613510131835938, 27.2301025390625]",0.7220905423164368,1
1483,230618_4-1-1.tif,"[8830.529090881348, 5605.746826171875, 28.56591033935547, 49.024810791015625]",0.7219304442405701,1
1484,230618_4-1-1.tif,"[5296.597381591797, 7131.562805175781, 36.32879638671875, 18.9566650390625]",0.7219162583351135,1
1485,230618_4-1-1.tif,"[9071.162109375, 3027.1481018066406, 24.51116943359375, 30.474853515625]",0.721808671951294,1
1486,230618_4-1-1.tif,"[6365.899963378906, 4830.015609741211, 19.38232421875, 25.058837890625]",0.721681535243988,1
1487,230618_4-1-1.tif,"[5073.027679443359, 5338.511962890625, 41.31414794921875, 19.7393798828125]",0.721433162689209,1
1488,230618_4-1-1.tif,"[2173.5975036621094, 9419.695037841797, 25.0943603515625, 27.142791748046875]",0.7213671803474426,1
1489,230618_4-1-1.tif,"[9095.925018310547, 1251.3565063476562, 29.0631103515625, 23.55572509765625]",0.7213469743728638,1
1490,230618_4-1-1.tif,"[241.419677734375, 1570.7304077148438, 24.045501708984375, 49.767578125]",0.7208924889564514,1
1491,230618_4-1-1.tif,"[9099.139129638672, 8145.690002441406, 31.206787109375, 20.87786865234375]",0.7205785512924194,1
1492,230618_4-1-1.tif,"[7161.7337646484375, 3781.3211975097656, 30.093017578125, 25.172332763671875]",0.7205247282981873,1
1493,230618_4-1-1.tif,"[977.7965698242188, 6145.606559753418, 24.731689453125, 32.27998352050781]",0.7201463580131531,1
1494,230618_4-1-1.tif,"[6461.363922119141, 3851.1693115234375, 30.47027587890625, 14.5965576171875]",0.7194212675094604,1
1495,230618_4-1-1.tif,"[2966.7369995117188, 6264.0755615234375, 41.1883544921875, 22.135757446289062]",0.7193343639373779,1
1496,230618_4-1-1.tif,"[1316.2741394042969, 9618.522491455078, 21.466033935546875, 38.776123046875]",0.7191796898841858,1
1497,230618_4-1-1.tif,"[4171.7117919921875, 5942.340881347656, 18.97119140625, 31.63519287109375]",0.719163715839386,1
1498,230618_4-1-1.tif,"[401.73040771484375, 1241.3297424316406, 28.68756103515625, 41.820037841796875]",0.7189059257507324,1
1499,230618_4-1-1.tif,"[2923.443359375, 4690.071067810059, 20.3953857421875, 33.832740783691406]",0.7185245752334595,1
1500,230618_4-1-1.tif,"[1350.1067504882812, 9079.62905883789, 37.7301025390625, 18.9954833984375]",0.7184192538261414,1
1501,230618_4-1-1.tif,"[2395.9034423828125, 7303.2537841796875, 36.3966064453125, 17.02154541015625]",0.7183311581611633,1
1502,230618_4-1-1.tif,"[6733.425231933594, 4217.0443115234375, 43.330413818359375, 17.37176513671875]",0.7182717323303223,1
1503,230618_4-1-1.tif,"[7617.189453125, 1346.8265380859375, 30.9058837890625, 21.84246826171875]",0.7182710766792297,1
1504,230618_4-1-1.tif,"[569.9368286132812, 1274.708251953125, 30.805908203125, 28.56549072265625]",0.7180587649345398,1
1505,230618_4-1-1.tif,"[4054.0128784179688, 7990.825866699219, 30.48760986328125, 25.40777587890625]",0.718026876449585,1
1506,230618_4-1-1.tif,"[8780.950805664062, 4060.0040893554688, 18.890594482421875, 37.26202392578125]",0.7178910970687866,1
1507,230618_4-1-1.tif,"[5986.786682128906, 6064.8961181640625, 32.2001953125, 22.02777099609375]",0.7175597548484802,1
1508,230618_4-1-1.tif,"[272.4954833984375, 7931.3427734375, 18.386962890625, 41.6793212890625]",0.7174603939056396,1
1509,230618_4-1-1.tif,"[9277.558715820312, 2946.235076904297, 18.258544921875, 36.03265380859375]",0.7173733115196228,1
1510,230618_4-1-1.tif,"[4214.9122314453125, 4341.3541259765625, 18.35760498046875, 39.6845703125]",0.7172821760177612,1
1511,230618_4-1-1.tif,"[2388.3848876953125, 8274.318359375, 31.138916015625, 24.42529296875]",0.7172226309776306,1
1512,230618_4-1-1.tif,"[6595.091827392578, 9508.762878417969, 17.2840576171875, 37.38427734375]",0.7172130942344666,1
1513,230618_4-1-1.tif,"[629.5737915039062, 1696.136962890625, 19.559310913085938, 40.2955322265625]",0.7170461416244507,1
1514,230618_4-1-1.tif,"[5645.897064208984, 3940.841796875, 19.427215576171875, 36.5947265625]",0.7169002294540405,1
1515,230618_4-1-1.tif,"[7921.203186035156, 3476.2421264648438, 33.207763671875, 17.84912109375]",0.7167277336120605,1
1516,230618_4-1-1.tif,"[6646.418701171875, 5373.142837524414, 32.7332706451416, 22.897781372070312]",0.7165694832801819,1
1517,230618_4-1-1.tif,"[2242.2947998046875, 4055.681640625, 29.897674560546875, 49.1405029296875]",0.7164604067802429,1
1518,230618_4-1-1.tif,"[9225.5132522583, 7449.6993408203125, 34.65901184082031, 29.3353271484375]",0.7164400815963745,1
1519,230618_4-1-1.tif,"[9577.682067871094, 2650.508346557617, 32.280609130859375, 24.436996459960938]",0.7157644033432007,1
1520,230618_4-1-1.tif,"[8018.962097167969, 9922.417724609375, 32.07342529296875, 17.32177734375]",0.7155174612998962,1
1521,230618_4-1-1.tif,"[7244.199111938477, 3550.6746215820312, 34.40303039550781, 20.153564453125]",0.7153461575508118,1
1522,230618_4-1-1.tif,"[8159.0086669921875, 7162.3388671875, 33.90557861328125, 25.072139739990234]",0.7152979373931885,1
1523,230618_4-1-1.tif,"[4374.536804199219, 4863.073181152344, 17.7830810546875, 32.976318359375]",0.7149018049240112,1
1524,230618_4-1-1.tif,"[5529.80126953125, 3684.223373413086, 23.13323974609375, 27.73541259765625]",0.714844822883606,1
1525,230618_4-1-1.tif,"[1509.7239990234375, 9438.808349609375, 17.302337646484375, 38.343841552734375]",0.714351236820221,1
1526,230618_4-1-1.tif,"[6534.025695800781, 8029.6507568359375, 34.47705078125, 25.3577880859375]",0.7142651677131653,1
1527,230618_4-1-1.tif,"[542.9240341186523, 9831.900177001953, 36.090858459472656, 35.70245361328125]",0.7141453623771667,1
1528,230618_4-1-1.tif,"[2309.3348388671875, 6877.752136230469, 38.315673828125, 18.51641845703125]",0.7138605117797852,1
1529,230618_4-1-1.tif,"[9650.810729980469, 1484.7332763671875, 35.39410400390625, 18.0567626953125]",0.7138603329658508,1
1530,230618_4-1-1.tif,"[7139.185546875, 8808.597457885742, 18.2301025390625, 30.503036499023438]",0.7136918306350708,1
1531,230618_4-1-1.tif,"[8921.889709472656, 4520.706604003906, 17.90142822265625, 40.6307373046875]",0.7136856317520142,1
1532,230618_4-1-1.tif,"[6859.501419067383, 4288.003234863281, 16.9979248046875, 35.333221435546875]",0.7132987976074219,1
1533,230618_4-1-1.tif,"[6917.9144287109375, 4605.780944824219, 17.36700439453125, 36.72544860839844]",0.7130058407783508,1
1534,230618_4-1-1.tif,"[958.5460205078125, 8321.473358154297, 40.531005859375, 23.281005859375]",0.7129995226860046,1
1535,230618_4-1-1.tif,"[5796.778121948242, 3680.2184295654297, 44.94032287597656, 49.36027526855469]",0.712020218372345,1
1536,230618_4-1-1.tif,"[5918.619415283203, 4349.39892578125, 24.54034423828125, 30.68560791015625]",0.7119715213775635,1
1537,230618_4-1-1.tif,"[4850.278182983398, 8759.325820922852, 38.83888244628906, 22.053146362304688]",0.7113578915596008,1
1538,230618_4-1-1.tif,"[8285.005798339844, 1465.8558349609375, 52.29103088378906, 22.6634521484375]",0.7112973928451538,1
1539,230618_4-1-1.tif,"[7272.873748779297, 9581.168823242188, 18.559906005859375, 38.615966796875]",0.7111513018608093,1
1540,230618_4-1-1.tif,"[3117.9034423828125, 9790.305053710938, 34.24267578125, 16.506103515625]",0.7110879421234131,1
1541,230618_4-1-1.tif,"[4586.588928222656, 8047.766326904297, 33.060546875, 23.9559326171875]",0.7106391787528992,1
1542,230618_4-1-1.tif,"[5596.600830078125, 5961.241668701172, 38.447509765625, 19.99951171875]",0.7100761532783508,1
1543,230618_4-1-1.tif,"[5244.203353881836, 5774.359619140625, 23.92572021484375, 32.01995849609375]",0.7100268602371216,1
1544,230618_4-1-1.tif,"[3206.5899200439453, 5950.325012207031, 22.101287841796875, 33.751953125]",0.7099502682685852,1
1545,230618_4-1-1.tif,"[884.9320678710938, 1111.5870361328125, 17.89666748046875, 36.586669921875]",0.7098264098167419,1
1546,230618_4-1-1.tif,"[7863.941345214844, 9127.056579589844, 19.83538818359375, 30.11077880859375]",0.7096927165985107,1
1547,230618_4-1-1.tif,"[3652.555679321289, 7458.565612792969, 21.741806030273438, 36.3837890625]",0.7095978260040283,1
1548,230618_4-1-1.tif,"[362.3688659667969, 2017.832763671875, 24.49951171875, 31.321533203125]",0.7095182538032532,1
1549,230618_4-1-1.tif,"[9019.779296875, 7313.114227294922, 17.791015625, 36.9183349609375]",0.7092850804328918,1
1550,230618_4-1-1.tif,"[6708.472511291504, 3592.4568786621094, 30.382614135742188, 32.579612731933594]",0.709253191947937,1
1551,230618_4-1-1.tif,"[2730.602828979492, 8030.936279296875, 20.546173095703125, 33.7939453125]",0.7091348171234131,1
1552,230618_4-1-1.tif,"[1755.8030395507812, 9457.313400268555, 22.06353759765625, 35.05580139160156]",0.7090510129928589,1
1553,230618_4-1-1.tif,"[6447.208557128906, 5541.653533935547, 22.565185546875, 28.00286865234375]",0.7090452909469604,1
1554,230618_4-1-1.tif,"[7496.937774658203, 3286.1873626708984, 35.6507568359375, 17.571044921875]",0.7089594602584839,1
1555,230618_4-1-1.tif,"[4148.243469238281, 6892.942169189453, 25.73260498046875, 26.7337646484375]",0.7085456848144531,1
1556,230618_4-1-1.tif,"[9255.210430145264, 7955.929992675781, 17.50225067138672, 31.28466796875]",0.7084718942642212,1
1557,230618_4-1-1.tif,"[6989.786437988281, 1234.4801025390625, 27.6556396484375, 23.154541015625]",0.7079891562461853,1
1558,230618_4-1-1.tif,"[198.47579956054688, 6910.564636230469, 17.660369873046875, 39.1915283203125]",0.7077870965003967,1
1559,230618_4-1-1.tif,"[3271.6480712890625, 9711.852478027344, 32.32464599609375, 24.533203125]",0.707489550113678,1
1560,230618_4-1-1.tif,"[5250.194549560547, 7518.009979248047, 18.994384765625, 36.3421630859375]",0.7071664333343506,1
1561,230618_4-1-1.tif,"[1968.8423461914062, 9526.63623046875, 25.82122802734375, 47.917205810546875]",0.7071017622947693,1
1562,230618_4-1-1.tif,"[9698.012939453125, 2795.339813232422, 23.46136474609375, 34.468780517578125]",0.7067928314208984,1
1563,230618_4-1-1.tif,"[6295.115997314453, 3846.12939453125, 19.96636962890625, 30.2371826171875]",0.7066125869750977,1
1564,230618_4-1-1.tif,"[3275.4219665527344, 4300.322570800781, 16.97528076171875, 39.44610595703125]",0.7065455913543701,1
1565,230618_4-1-1.tif,"[7978.7403564453125, 9068.750671386719, 39.6536865234375, 19.326171875]",0.706541895866394,1
1566,230618_4-1-1.tif,"[9454.973388671875, 2568.533447265625, 24.66619873046875, 26.82025146484375]",0.7062893509864807,1
1567,230618_4-1-1.tif,"[1653.4698791503906, 9633.831329345703, 20.585922241210938, 39.457733154296875]",0.7059046626091003,1
1568,230618_4-1-1.tif,"[8809.51089477539, 9822.003784179688, 23.040374755859375, 36.130096435546875]",0.7058923244476318,1
1569,230618_4-1-1.tif,"[1338.3358459472656, 744.7617492675781, 18.20343017578125, 32.707489013671875]",0.7057527303695679,1
1570,230618_4-1-1.tif,"[3342.7263793945312, 5795.806991577148, 18.50531005859375, 36.16864013671875]",0.7057223320007324,1
1571,230618_4-1-1.tif,"[3212.505340576172, 3373.0612182617188, 38.384613037109375, 19.31201171875]",0.7055180668830872,1
1572,230618_4-1-1.tif,"[1468.6440734863281, 3917.796844482422, 20.47607421875, 35.0648193359375]",0.7053436040878296,1
1573,230618_4-1-1.tif,"[1260.4624938964844, 1164.8253784179688, 19.201904296875, 37.54010009765625]",0.7053294777870178,1
1574,230618_4-1-1.tif,"[9457.852233886719, 4889.753265380859, 38.19024658203125, 20.189117431640625]",0.7051514983177185,1
1575,230618_4-1-1.tif,"[2700.02685546875, 4348.99348449707, 27.54901123046875, 47.65025329589844]",0.7050516605377197,1
1576,230618_4-1-1.tif,"[1120.5667724609375, 4239.001556396484, 40.5150146484375, 26.1800537109375]",0.7049441933631897,1
1577,230618_4-1-1.tif,"[6240.57430267334, 654.6841735839844, 22.2462158203125, 31.62432861328125]",0.7047983407974243,1
1578,230618_4-1-1.tif,"[2307.8494873046875, 3290.1853637695312, 21.9451904296875, 50.7938232421875]",0.7047947645187378,1
1579,230618_4-1-1.tif,"[5857.2537841796875, 9347.374969482422, 30.41259765625, 22.5751953125]",0.7046400904655457,1
1580,230618_4-1-1.tif,"[6345.884765625, 2101.5264434814453, 26.0557861328125, 44.554931640625]",0.7045580744743347,1
1581,230618_4-1-1.tif,"[8087.361419677734, 9411.595947265625, 19.516998291015625, 32.287330627441406]",0.7045231461524963,1
1582,230618_4-1-1.tif,"[7104.6744384765625, 3419.1925659179688, 16.617919921875, 33.69305419921875]",0.7044761180877686,1
1583,230618_4-1-1.tif,"[7110.202087402344, 1894.0982666015625, 42.219970703125, 26.2838134765625]",0.7041746377944946,1
1584,230618_4-1-1.tif,"[7967.043640136719, 2166.8471908569336, 26.28662109375, 23.02893829345703]",0.7041545510292053,1
1585,230618_4-1-1.tif,"[3684.1070556640625, 6595.908020019531, 17.9652099609375, 16.69488525390625]",0.7039374113082886,1
1586,230618_4-1-1.tif,"[8942.715026855469, 2816.8494873046875, 27.670074462890625, 23.9359130859375]",0.703913152217865,1
1587,230618_4-1-1.tif,"[6847.856552124023, 6672.74559211731, 28.514801025390625, 39.848615646362305]",0.703605592250824,1
1588,230618_4-1-1.tif,"[4141.489524841309, 6713.348785400391, 31.684303283691406, 21.922698974609375]",0.7031974792480469,1
1589,230618_4-1-1.tif,"[4644.820472717285, 4914.082763671875, 36.17340850830078, 17.5599365234375]",0.7031129002571106,1
1590,230618_4-1-1.tif,"[9672.432189941406, 4027.732452392578, 22.8441162109375, 37.5565185546875]",0.7029966115951538,1
1591,230618_4-1-1.tif,"[6996.749694824219, 3724.622589111328, 17.1363525390625, 32.00927734375]",0.7025543451309204,1
1592,230618_4-1-1.tif,"[6892.83447265625, 9261.079040527344, 28.241607666015625, 31.8502197265625]",0.7025165557861328,1
1593,230618_4-1-1.tif,"[8079.958068847656, 8618.834930419922, 29.1400146484375, 29.72979736328125]",0.7021414637565613,1
1594,230618_4-1-1.tif,"[2759.2423706054688, 7106.033050537109, 17.8099365234375, 34.3314208984375]",0.7019861340522766,1
1595,230618_4-1-1.tif,"[935.0980224609375, 9576.562774658203, 36.3946533203125, 20.4366455078125]",0.7015413641929626,1
1596,230618_4-1-1.tif,"[7046.450744628906, 7343.9864501953125, 25.28271484375, 26.60638427734375]",0.7014588713645935,1
1597,230618_4-1-1.tif,"[2505.6749267578125, 9189.416564941406, 38.786376953125, 17.5140380859375]",0.7014009356498718,1
1598,230618_4-1-1.tif,"[3046.6375732421875, 6101.48095703125, 30.99169921875, 21.9095458984375]",0.7012853026390076,1
1599,230618_4-1-1.tif,"[8899.519287109375, 1777.7211303710938, 19.34552001953125, 33.02587890625]",0.7010553479194641,1
1600,230618_4-1-1.tif,"[7807.232635498047, 138.855712890625, 34.2952880859375, 44.030029296875]",0.7010536193847656,1
1601,230618_4-1-1.tif,"[508.905029296875, 1752.6963806152344, 24.3167724609375, 31.916763305664062]",0.7010284662246704,1
1602,230618_4-1-1.tif,"[9301.09001159668, 1067.1073608398438, 44.68817138671875, 21.26416015625]",0.7010155320167542,1
1603,230618_4-1-1.tif,"[9147.834838867188, 2471.3472900390625, 29.34991455078125, 25.2767333984375]",0.7009509801864624,1
1604,230618_4-1-1.tif,"[1173.402603149414, 924.9819946289062, 17.11083984375, 32.8226318359375]",0.7009361982345581,1
1605,230618_4-1-1.tif,"[4280.148361206055, 7500.529541015625, 17.31390380859375, 38.78662109375]",0.7002289295196533,1
1606,230618_4-1-1.tif,"[2646.6248779296875, 7271.1300048828125, 36.11503601074219, 18.50872802734375]",0.7000531554222107,1
1607,230618_4-1-1.tif,"[1934.9932250976562, 3142.0963592529297, 17.31341552734375, 35.81428527832031]",0.6999838948249817,1
1608,230618_4-1-1.tif,"[4874.928771972656, 6456.208679199219, 28.8123779296875, 33.0648193359375]",0.6997233629226685,1
1609,230618_4-1-1.tif,"[2072.2296447753906, 2519.5166015625, 29.344329833984375, 41.2716064453125]",0.6995017528533936,1
1610,230618_4-1-1.tif,"[8459.682373046875, 4955.539489746094, 35.0296630859375, 22.2110595703125]",0.6993564963340759,1
1611,230618_4-1-1.tif,"[8515.872802734375, 2620.1762084960938, 33.0712890625, 31.016281127929688]",0.6992560029029846,1
1612,230618_4-1-1.tif,"[5694.777648925781, 3796.7183227539062, 20.6943359375, 30.521942138671875]",0.6989995241165161,1
1613,230618_4-1-1.tif,"[2632.1148223876953, 9208.800903320312, 25.067169189453125, 33.34044075012207]",0.6988134384155273,1
1614,230618_4-1-1.tif,"[940.7333068847656, 1008.660400390625, 30.9002685546875, 44.61462211608887]",0.698639988899231,1
1615,230618_4-1-1.tif,"[7194.828380584717, 3830.647674560547, 20.437976837158203, 38.982757568359375]",0.6985676884651184,1
1616,230618_4-1-1.tif,"[7530.464996337891, 3583.4547424316406, 34.25244140625, 23.02312660217285]",0.6984845399856567,1
1617,230618_4-1-1.tif,"[7418.181060791016, 1851.8543395996094, 27.9100341796875, 29.90631103515625]",0.6984624266624451,1
1618,230618_4-1-1.tif,"[7135.998199462891, 9308.405151367188, 20.13067626953125, 29.318115234375]",0.698280930519104,1
1619,230618_4-1-1.tif,"[584.1048431396484, 5694.915176391602, 33.95570373535156, 22.274551391601562]",0.6982205510139465,1
1620,230618_4-1-1.tif,"[511.09820556640625, 2113.350341796875, 23.9403076171875, 42.1668701171875]",0.6980677843093872,1
1621,230618_4-1-1.tif,"[2155.869140625, 6334.492156982422, 24.21759033203125, 31.239532470703125]",0.6979444622993469,1
1622,230618_4-1-1.tif,"[7520.335205078125, 9627.316101074219, 34.42218017578125, 29.82452392578125]",0.6978042125701904,1
1623,230618_4-1-1.tif,"[725.3186645507812, 4536.174072265625, 44.51397705078125, 22.4544677734375]",0.6976187229156494,1
1624,230618_4-1-1.tif,"[1602.6959075927734, 4209.130950927734, 29.571609497070312, 27.5223388671875]",0.6975415349006653,1
1625,230618_4-1-1.tif,"[5481.820037841797, 9815.879516601562, 38.086944580078125, 19.07958984375]",0.6974915862083435,1
1626,230618_4-1-1.tif,"[1752.0780487060547, 9629.489318847656, 30.44451904296875, 16.23736572265625]",0.697404682636261,1
1627,230618_4-1-1.tif,"[966.84912109375, 6257.138931274414, 25.61248779296875, 30.858551025390625]",0.697266161441803,1
1628,230618_4-1-1.tif,"[8326.422149658203, 7203.0263671875, 17.660858154296875, 40.06201171875]",0.6970333456993103,1
1629,230618_4-1-1.tif,"[6247.4842529296875, 4700.993103027344, 34.72740173339844, 24.186859130859375]",0.6969013214111328,1
1630,230618_4-1-1.tif,"[6539.422424316406, 1381.2493896484375, 25.0640869140625, 42.31787109375]",0.6968315839767456,1
1631,230618_4-1-1.tif,"[3126.6107177734375, 8735.01904296875, 20.816390991210938, 33.14747619628906]",0.6962042450904846,1
1632,230618_4-1-1.tif,"[7379.9193115234375, 2191.094207763672, 18.85162353515625, 31.27813720703125]",0.6958372592926025,1
1633,230618_4-1-1.tif,"[3259.007843017578, 8154.43896484375, 42.49835205078125, 18.13916015625]",0.6954787969589233,1
1634,230618_4-1-1.tif,"[7342.338073730469, 3012.3816528320312, 49.6204833984375, 19.6009521484375]",0.6950786113739014,1
1635,230618_4-1-1.tif,"[8143.673400878906, 2625.6787109375, 35.79052734375, 21.697341918945312]",0.694953441619873,1
1636,230618_4-1-1.tif,"[9797.357055664062, 1337.7603149414062, 38.923828125, 20.9425048828125]",0.6948159337043762,1
1637,230618_4-1-1.tif,"[9148.301574707031, 1148.0593338012695, 27.667724609375, 27.93230438232422]",0.6945933699607849,1
1638,230618_4-1-1.tif,"[5261.068695068359, 5607.173278808594, 34.077178955078125, 18.100830078125]",0.6945653557777405,1
1639,230618_4-1-1.tif,"[2697.524627685547, 4724.013916015625, 20.168914794921875, 34.36578369140625]",0.6940182447433472,1
1640,230618_4-1-1.tif,"[9489.311828613281, 7303.2777099609375, 21.89892578125, 21.709716796875]",0.6938695311546326,1
1641,230618_4-1-1.tif,"[4520.612457275391, 8763.539672851562, 15.97247314453125, 29.8466796875]",0.6930077075958252,1
1642,230618_4-1-1.tif,"[5578.745422363281, 5645.593608856201, 28.1220703125, 28.777828216552734]",0.6928653120994568,1
1643,230618_4-1-1.tif,"[1184.4794311523438, 9715.018493652344, 18.312957763671875, 36.155517578125]",0.6927397847175598,1
1644,230618_4-1-1.tif,"[4918.907470703125, 4627.6280517578125, 17.92236328125, 34.619163513183594]",0.6924664974212646,1
1645,230618_4-1-1.tif,"[6324.789031982422, 3766.9493713378906, 42.76434326171875, 37.81805419921875]",0.6924360394477844,1
1646,230618_4-1-1.tif,"[7996.892578125, 1680.4371643066406, 25.6387939453125, 43.60888671875]",0.6923788189888,1
1647,230618_4-1-1.tif,"[9961.110107421875, 728.8495178222656, 22.3935546875, 50.789337158203125]",0.6921237111091614,1
1648,230618_4-1-1.tif,"[4908.4345703125, 4917.455078125, 17.36956787109375, 38.4595947265625]",0.6920769810676575,1
1649,230618_4-1-1.tif,"[8457.135040283203, 8843.033233642578, 24.22552490234375, 27.446807861328125]",0.6917571425437927,1
1650,230618_4-1-1.tif,"[1917.1080627441406, 6686.83988571167, 26.5306396484375, 22.170490264892578]",0.6916704177856445,1
1651,230618_4-1-1.tif,"[5582.947326660156, 1342.9261474609375, 21.689697265625, 45.37451171875]",0.6916545629501343,1
1652,230618_4-1-1.tif,"[8743.558994293213, 2008.4113159179688, 18.255661010742188, 29.1085205078125]",0.6913671493530273,1
1653,230618_4-1-1.tif,"[2223.4837951660156, 6815.37614440918, 17.8662109375, 34.99407958984375]",0.6913067698478699,1
1654,230618_4-1-1.tif,"[9088.506958007812, 2259.5817260742188, 30.2734375, 27.13763427734375]",0.6908825635910034,1
1655,230618_4-1-1.tif,"[9573.919464111328, 2967.7521362304688, 25.003631591796875, 33.65130615234375]",0.6907793283462524,1
1656,230618_4-1-1.tif,"[9189.91015625, 7817.813385009766, 18.6729736328125, 37.79705810546875]",0.6904004216194153,1
1657,230618_4-1-1.tif,"[9151.948608398438, 2676.7384033203125, 44.35675048828125, 18.931167602539062]",0.6900675296783447,1
1658,230618_4-1-1.tif,"[6519.670867919922, 447.41156005859375, 21.16748046875, 43.68084716796875]",0.6900479793548584,1
1659,230618_4-1-1.tif,"[8169.888366699219, 8425.21044921875, 19.963134765625, 26.114013671875]",0.6899988055229187,1
1660,230618_4-1-1.tif,"[5016.531036376953, 9734.018005371094, 21.41546630859375, 37.218017578125]",0.6899871826171875,1
1661,230618_4-1-1.tif,"[3693.90283203125, 5067.07958984375, 141.9248046875, 179.63134765625]",0.6899120807647705,1
1662,230618_4-1-1.tif,"[8414.480728149414, 2358.668914794922, 18.70953369140625, 30.95489501953125]",0.6894685626029968,1
1663,230618_4-1-1.tif,"[353.39111328125, 6984.9893798828125, 28.0712890625, 28.2095947265625]",0.6893446445465088,1
1664,230618_4-1-1.tif,"[3396.043914794922, 4659.742919921875, 35.07635498046875, 50.338623046875]",0.6892099976539612,1
1665,230618_4-1-1.tif,"[2818.0607299804688, 3440.8280029296875, 36.3228759765625, 39.1917724609375]",0.6890233159065247,1
1666,230618_4-1-1.tif,"[1767.0675659179688, 3135.182373046875, 28.00848388671875, 29.36328125]",0.6889106631278992,1
1667,230618_4-1-1.tif,"[7171.356201171875, 5115.451110839844, 23.118408203125, 39.3812370300293]",0.6884345412254333,1
1668,230618_4-1-1.tif,"[2730.2880859375, 9346.553039550781, 41.3472900390625, 30.77496337890625]",0.6883553862571716,1
1669,230618_4-1-1.tif,"[9105.010559082031, 7993.7994384765625, 18.92144775390625, 37.3697509765625]",0.6873076558113098,1
1670,230618_4-1-1.tif,"[1850.5947265625, 8108.0615234375, 17.588134765625, 32.20440673828125]",0.6867102980613708,1
1671,230618_4-1-1.tif,"[6646.055480957031, 8625.30859375, 20.241015434265137, 48.138824462890625]",0.6866346001625061,1
1672,230618_4-1-1.tif,"[2346.0770263671875, 4484.600189208984, 36.8150634765625, 18.20928955078125]",0.6864012479782104,1
1673,230618_4-1-1.tif,"[2510.8718872070312, 8770.4453125, 39.93359375, 16.622283935546875]",0.686232328414917,1
1674,230618_4-1-1.tif,"[7571.123779296875, 8126.110931396484, 25.1904296875, 30.31494140625]",0.6860814690589905,1
1675,230618_4-1-1.tif,"[9569.598052978516, 2519.2793884277344, 46.01080322265625, 23.0316162109375]",0.6858965158462524,1
1676,230618_4-1-1.tif,"[6428.444488525391, 1890.9874877929688, 24.0836181640625, 41.5762939453125]",0.685846209526062,1
1677,230618_4-1-1.tif,"[4981.339141845703, 6277.03564453125, 30.10467529296875, 28.092437744140625]",0.6854999661445618,1
1678,230618_4-1-1.tif,"[7433.66162109375, 7562.538757324219, 21.3603515625, 36.5833740234375]",0.6854570508003235,1
1679,230618_4-1-1.tif,"[5370.574645996094, 3675.6964111328125, 32.6435546875, 18.689697265625]",0.6850723028182983,1
1680,230618_4-1-1.tif,"[2233.43994140625, 9941.869567871094, 22.95123291015625, 34.572021484375]",0.6848204135894775,1
1681,230618_4-1-1.tif,"[8377.620544433594, 9340.814712524414, 17.590667724609375, 35.32032775878906]",0.6847317814826965,1
1682,230618_4-1-1.tif,"[9235.335357666016, 8204.41718673706, 19.026824951171875, 33.49980926513672]",0.6845058798789978,1
1683,230618_4-1-1.tif,"[5364.192672729492, 4240.825546264648, 34.20057678222656, 33.21514892578125]",0.6844416260719299,1
1684,230618_4-1-1.tif,"[6171.27197265625, 9365.44827079773, 15.587158203125, 20.392335891723633]",0.6836379170417786,1
1685,230618_4-1-1.tif,"[6906.184478759766, 2697.225082397461, 39.47900390625, 19.8858642578125]",0.6835617423057556,1
1686,230618_4-1-1.tif,"[5102.86181640625, 5159.645797729492, 33.874813079833984, 28.99829864501953]",0.6831902861595154,1
1687,230618_4-1-1.tif,"[6537.960540771484, 2406.9915771484375, 34.1849365234375, 19.213134765625]",0.6829923391342163,1
1688,230618_4-1-1.tif,"[8192.61181640625, 649.8790435791016, 26.08027458190918, 27.438980102539062]",0.6827714443206787,1
1689,230618_4-1-1.tif,"[1935.9085388183594, 7609.989929199219, 36.4232177734375, 24.019287109375]",0.6827136278152466,1
1690,230618_4-1-1.tif,"[6748.520233154297, 2604.9375610351562, 39.75421142578125, 18.57232666015625]",0.6827036738395691,1
1691,230618_4-1-1.tif,"[3832.131072998047, 7102.324615478516, 27.1107177734375, 27.98138427734375]",0.6823500990867615,1
1692,230618_4-1-1.tif,"[5269.970474243164, 2669.943405151367, 27.3955078125, 38.93121337890625]",0.6822704672813416,1
1693,230618_4-1-1.tif,"[5265.205123901367, 6138.528991699219, 16.055831909179688, 33.73004913330078]",0.682134211063385,1
1694,230618_4-1-1.tif,"[5602.804443359375, 4944.693328857422, 42.8676700592041, 20.88360595703125]",0.6812914609909058,1
1695,230618_4-1-1.tif,"[9799.341064453125, 3289.44482421875, 30.3143310546875, 34.02606201171875]",0.6812553405761719,1
1696,230618_4-1-1.tif,"[6700.749755859375, 1634.0194091796875, 26.8935546875, 28.7491455078125]",0.6811907887458801,1
1697,230618_4-1-1.tif,"[8229.286010742188, 4547.194366455078, 17.570068359375, 34.56829833984375]",0.6811542510986328,1
1698,230618_4-1-1.tif,"[9966.608032226562, 6747.367477416992, 27.975830078125, 17.358840942382812]",0.6811309456825256,1
1699,230618_4-1-1.tif,"[6111.4833984375, 954.7803955078125, 37.830322265625, 20.15008544921875]",0.6810030937194824,1
1700,230618_4-1-1.tif,"[4438.589508056641, 5318.230682373047, 26.9649658203125, 28.9617919921875]",0.6808632612228394,1
1701,230618_4-1-1.tif,"[7986.724304199219, 5729.932952880859, 21.411346435546875, 26.243865966796875]",0.6806885004043579,1
1702,230618_4-1-1.tif,"[1808.3031005859375, 4694.790878295898, 34.69256591796875, 22.186965942382812]",0.6805048584938049,1
1703,230618_4-1-1.tif,"[2005.6367492675781, 9182.787200927734, 18.00030517578125, 33.06591796875]",0.6804779171943665,1
1704,230618_4-1-1.tif,"[2304.6755981445312, 8285.622680664062, 30.8798828125, 53.343780517578125]",0.6801813840866089,1
1705,230618_4-1-1.tif,"[6827.993072509766, 2942.108642578125, 26.8760986328125, 25.78466796875]",0.680117666721344,1
1706,230618_4-1-1.tif,"[4957.309967041016, 7959.097259521484, 23.03607177734375, 22.72991943359375]",0.6800583600997925,1
1707,230618_4-1-1.tif,"[2653.757553100586, 7595.788818359375, 19.91925048828125, 46.2490234375]",0.6797394752502441,1
1708,230618_4-1-1.tif,"[1481.731689453125, 6327.166931152344, 40.26416015625, 17.5328369140625]",0.6792450547218323,1
1709,230618_4-1-1.tif,"[9309.67626953125, 3777.8731994628906, 22.25244140625, 32.649871826171875]",0.6791325807571411,1
1710,230618_4-1-1.tif,"[8249.768394470215, 3982.6881713867188, 19.296180725097656, 26.06219482421875]",0.6788395643234253,1
1711,230618_4-1-1.tif,"[6296.450469970703, 8784.877563476562, 36.589630126953125, 17.0872802734375]",0.6784694790840149,1
1712,230618_4-1-1.tif,"[5088.406982421875, 5077.3013916015625, 22.9503173828125, 31.4808349609375]",0.6784474849700928,1
1713,230618_4-1-1.tif,"[1102.8050994873047, 1614.734130859375, 27.176467895507812, 39.3193359375]",0.6784054040908813,1
1714,230618_4-1-1.tif,"[969.1853637695312, 8240.993385314941, 28.4671630859375, 29.86573028564453]",0.6781001687049866,1
1715,230618_4-1-1.tif,"[7203.857421875, 1844.1537780761719, 21.05029296875, 47.49267578125]",0.6779874563217163,1
1716,230618_4-1-1.tif,"[2033.9832763671875, 7233.675399780273, 39.33984375, 27.955474853515625]",0.6779289245605469,1
1717,230618_4-1-1.tif,"[878.0596313476562, 4523.363464355469, 29.57275390625, 53.9208984375]",0.6777171492576599,1
1718,230618_4-1-1.tif,"[9845.310180664062, 9083.747100830078, 19.099853515625, 38.30426025390625]",0.6774085760116577,1
1719,230618_4-1-1.tif,"[3550.1201171875, 5714.555419921875, 18.92535400390625, 48.87744140625]",0.6772161722183228,1
1720,230618_4-1-1.tif,"[3518.5542602539062, 4824.836395263672, 36.2574462890625, 29.72955322265625]",0.6771478056907654,1
1721,230618_4-1-1.tif,"[6323.2294921875, 3708.45263671875, 34.916717529296875, 21.47601318359375]",0.6771427989006042,1
1722,230618_4-1-1.tif,"[9319.7275390625, 5029.550109863281, 47.61238193511963, 19.89239501953125]",0.6769399046897888,1
1723,230618_4-1-1.tif,"[2252.70458984375, 2830.554229736328, 18.78546142578125, 41.3348388671875]",0.6768621206283569,1
1724,230618_4-1-1.tif,"[5550.8360595703125, 1489.9017028808594, 20.7607421875, 45.19940185546875]",0.6767707467079163,1
1725,230618_4-1-1.tif,"[5191.794860839844, 2860.4602661132812, 25.868743896484375, 25.907257080078125]",0.6764094233512878,1
1726,230618_4-1-1.tif,"[8464.191467285156, 2492.5350341796875, 28.9417724609375, 33.1405029296875]",0.6763427257537842,1
1727,230618_4-1-1.tif,"[5142.609092712402, 6578.3720703125, 29.418655395507812, 16.95013427734375]",0.6762811541557312,1
1728,230618_4-1-1.tif,"[7505.763916015625, 4887.80712890625, 32.79315185546875, 16.553955078125]",0.6762236952781677,1
1729,230618_4-1-1.tif,"[2714.7505950927734, 7848.5321044921875, 25.17822265625, 28.29779052734375]",0.6761514544487,1
1730,230618_4-1-1.tif,"[2132.004150390625, 6182.76993560791, 19.248046875, 44.845062255859375]",0.6759241819381714,1
1731,230618_4-1-1.tif,"[5227.8045654296875, 5446.551696777344, 18.697509765625, 36.43115234375]",0.6757455468177795,1
1732,230618_4-1-1.tif,"[6041.4053955078125, 3979.4982299804688, 26.80096435546875, 27.69140625]",0.6756841540336609,1
1733,230618_4-1-1.tif,"[4957.031036376953, 4380.300537109375, 19.52337646484375, 34.521484375]",0.6756064891815186,1
1734,230618_4-1-1.tif,"[6407.332794189453, 3735.9696044921875, 22.2801513671875, 48.21630859375]",0.6752656102180481,1
1735,230618_4-1-1.tif,"[2763.9545288085938, 3954.94140625, 33.109405517578125, 21.55084228515625]",0.6751890778541565,1
1736,230618_4-1-1.tif,"[3416.0345458984375, 8538.594116210938, 37.8958740234375, 39.55810546875]",0.6748424768447876,1
1737,230618_4-1-1.tif,"[6502.194610595703, 4682.2314453125, 23.353240966796875, 31.08856201171875]",0.6746912598609924,1
1738,230618_4-1-1.tif,"[8870.528625488281, 2107.872802734375, 25.3626708984375, 26.849609375]",0.6740989089012146,1
1739,230618_4-1-1.tif,"[2998.5999145507812, 4480.719940185547, 17.19189453125, 36.0521240234375]",0.6736851930618286,1
1740,230618_4-1-1.tif,"[232.02386474609375, 1718.9716339111328, 20.17364501953125, 44.84161376953125]",0.6736027598381042,1
1741,230618_4-1-1.tif,"[4844.3880615234375, 4915.222229003906, 19.23968505859375, 31.4302978515625]",0.6730562448501587,1
1742,230618_4-1-1.tif,"[8036.8670654296875, 2699.887176513672, 26.3883056640625, 30.81915283203125]",0.6728758215904236,1
1743,230618_4-1-1.tif,"[651.523193359375, 1859.0762634277344, 26.184356689453125, 55.891845703125]",0.6725310683250427,1
1744,230618_4-1-1.tif,"[975.137451171875, 1704.2455749511719, 31.9251708984375, 29.23016357421875]",0.6718465685844421,1
1745,230618_4-1-1.tif,"[6718.5267333984375, 4687.534088134766, 17.9078369140625, 32.15350341796875]",0.6711474061012268,1
1746,230618_4-1-1.tif,"[3199.3102111816406, 7634.366638183594, 22.6162109375, 31.81463623046875]",0.6711236238479614,1
1747,230618_4-1-1.tif,"[8065.969268798828, 9988.697875976562, 27.7193603515625, 11.275634765625]",0.6707818508148193,1
1748,230618_4-1-1.tif,"[3901.887451171875, 5999.741790771484, 18.7633056640625, 30.9322509765625]",0.6707762479782104,1
1749,230618_4-1-1.tif,"[3482.3998107910156, 5883.319000244141, 33.8612060546875, 33.60888671875]",0.6706179976463318,1
1750,230618_4-1-1.tif,"[7597.320068359375, 4663.65576171875, 17.2318115234375, 42.080810546875]",0.6705912351608276,1
1751,230618_4-1-1.tif,"[5417.172302246094, 1224.5661315917969, 22.5374755859375, 34.0672607421875]",0.6705073714256287,1
1752,230618_4-1-1.tif,"[3251.219512939453, 9877.477844238281, 34.566650390625, 19.89013671875]",0.670320451259613,1
1753,230618_4-1-1.tif,"[7586.072570800781, 8647.200744628906, 36.412841796875, 19.641845703125]",0.6702821254730225,1
1754,230618_4-1-1.tif,"[3594.837646484375, 4692.112854003906, 23.163330078125, 44.09368896484375]",0.6701962351799011,1
1755,230618_4-1-1.tif,"[482.5069274902344, 2324.9655151367188, 20.76214599609375, 43.1654052734375]",0.6700285077095032,1
1756,230618_4-1-1.tif,"[7579.630157470703, 2534.706787109375, 16.4639892578125, 33.57647705078125]",0.669650137424469,1
1757,230618_4-1-1.tif,"[6099.12353515625, 7007.480224609375, 30.106201171875, 22.4150390625]",0.6696272492408752,1
1758,230618_4-1-1.tif,"[953.613525390625, 1581.3163452148438, 30.994140625, 24.514923095703125]",0.6695353388786316,1
1759,230618_4-1-1.tif,"[4149.900577545166, 9846.213745117188, 26.541683197021484, 28.333984375]",0.6694675087928772,1
1760,230618_4-1-1.tif,"[4812.983337402344, 4080.0846557617188, 31.77117919921875, 16.8463134765625]",0.6693505644798279,1
1761,230618_4-1-1.tif,"[3215.0936889648438, 7568.615295410156, 34.76177978515625, 18.095703125]",0.6691539287567139,1
1762,230618_4-1-1.tif,"[9962.371704101562, 5028.356384277344, 37.241943359375, 18.070556640625]",0.6690913438796997,1
1763,230618_4-1-1.tif,"[4119.182655334473, 6538.477020263672, 40.175498962402344, 19.26776123046875]",0.6690325140953064,1
1764,230618_4-1-1.tif,"[6833.42219543457, 6560.36083984375, 38.4676513671875, 23.8917236328125]",0.6688868403434753,1
1765,230618_4-1-1.tif,"[2317.250732421875, 7707.9146728515625, 35.96142578125, 28.3876953125]",0.6687182188034058,1
1766,230618_4-1-1.tif,"[2155.516098022461, 7626.569580078125, 22.125701904296875, 37.384521484375]",0.6684702634811401,1
1767,230618_4-1-1.tif,"[8467.611572265625, 2129.3534545898438, 31.29638671875, 20.00904083251953]",0.6682318449020386,1
1768,230618_4-1-1.tif,"[8969.632202148438, 2363.957275390625, 19.14788818359375, 32.0108642578125]",0.6681678295135498,1
1769,230618_4-1-1.tif,"[8364.787628173828, 3330.7677001953125, 25.0628662109375, 41.6986083984375]",0.6681416630744934,1
1770,230618_4-1-1.tif,"[5333.463180541992, 6321.881927490234, 14.8580322265625, 35.53729248046875]",0.6674730777740479,1
1771,230618_4-1-1.tif,"[4618.223815917969, 1926.5098571777344, 21.538249969482422, 51.25848388671875]",0.6674119234085083,1
1772,230618_4-1-1.tif,"[7983.8853759765625, 2579.5997314453125, 19.74407958984375, 50.39501953125]",0.666796863079071,1
1773,230618_4-1-1.tif,"[5353.87126159668, 2780.133026123047, 20.4520263671875, 44.511383056640625]",0.666377604007721,1
1774,230618_4-1-1.tif,"[8147.412414550781, 8260.206298828125, 28.1820068359375, 27.695556640625]",0.6663744449615479,1
1775,230618_4-1-1.tif,"[6930.511291503906, 7362.239273071289, 35.9893798828125, 27.509674072265625]",0.6661626100540161,1
1776,230618_4-1-1.tif,"[1630.0978393554688, 9568.986450195312, 44.79502868652344, 29.55963134765625]",0.6657202839851379,1
1777,230618_4-1-1.tif,"[364.02874755859375, 6189.807464599609, 31.92138671875, 25.903594970703125]",0.665382981300354,1
1778,230618_4-1-1.tif,"[6949.079132080078, 5811.012344360352, 24.63592529296875, 43.622589111328125]",0.6653611063957214,1
1779,230618_4-1-1.tif,"[4924.335510253906, 2670.1714477539062, 35.84088134765625, 35.15202331542969]",0.6653570532798767,1
1780,230618_4-1-1.tif,"[689.923828125, 2161.036331176758, 30.7420654296875, 40.88916015625]",0.6652194261550903,1
1781,230618_4-1-1.tif,"[6853.919830322266, 6442.744079589844, 21.58197021484375, 29.7252197265625]",0.664995551109314,1
1782,230618_4-1-1.tif,"[690.0720520019531, 8679.143371582031, 30.8330078125, 31.70697021484375]",0.6648880243301392,1
1783,230618_4-1-1.tif,"[696.9871368408203, 2443.3031005859375, 25.1470947265625, 39.018798828125]",0.6645193696022034,1
1784,230618_4-1-1.tif,"[7971.242431640625, 8459.093139648438, 18.2030029296875, 34.1700439453125]",0.664076030254364,1
1785,230618_4-1-1.tif,"[5842.9835205078125, 2874.6256713867188, 20.32977294921875, 38.11572265625]",0.6640697121620178,1
1786,230618_4-1-1.tif,"[130.4979705810547, 1670.7914733886719, 41.10101318359375, 30.07098388671875]",0.6636127233505249,1
1787,230618_4-1-1.tif,"[5763.745758056641, 1338.4386596679688, 29.9095458984375, 28.4588623046875]",0.66310054063797,1
1788,230618_4-1-1.tif,"[2736.962677001953, 9370.616230010986, 24.334548950195312, 42.715755462646484]",0.6628663539886475,1
1789,230618_4-1-1.tif,"[2492.2381591796875, 9210.082153320312, 54.22344970703125, 30.20990562438965]",0.6628047823905945,1
1790,230618_4-1-1.tif,"[9875.087524414062, 2899.0889282226562, 14.40185546875, 33.698974609375]",0.6626982688903809,1
1791,230618_4-1-1.tif,"[6018.321533203125, 5463.125793457031, 27.73785400390625, 23.9482421875]",0.6624994874000549,1
1792,230618_4-1-1.tif,"[2509.3789672851562, 7354.5032958984375, 43.44305419921875, 22.36285400390625]",0.6620371341705322,1
1793,230618_4-1-1.tif,"[3795.367950439453, 4839.765243530273, 28.061279296875, 51.37623596191406]",0.6616994738578796,1
1794,230618_4-1-1.tif,"[3748.796905517578, 4496.713562011719, 18.12249755859375, 32.38421630859375]",0.6616857051849365,1
1795,230618_4-1-1.tif,"[5794.397018432617, 2951.80712890625, 20.4095458984375, 38.62158203125]",0.6616653800010681,1
1796,230618_4-1-1.tif,"[7356.501983642578, 3480.0787963867188, 18.935394287109375, 32.6527099609375]",0.6616357564926147,1
1797,230618_4-1-1.tif,"[1961.0498657226562, 6479.2060546875, 18.0009765625, 32.9161376953125]",0.6614730358123779,1
1798,230618_4-1-1.tif,"[4351.235260009766, 6473.601623535156, 32.45416259765625, 28.09783935546875]",0.6612352132797241,1
1799,230618_4-1-1.tif,"[9643.446655273438, 3609.60009765625, 22.508544921875, 40.298095703125]",0.6611692905426025,1
1800,230618_4-1-1.tif,"[3501.1754150390625, 9740.956359863281, 35.371337890625, 21.22930908203125]",0.6605250835418701,1
1801,230618_4-1-1.tif,"[5939.908874511719, 3902.0963134765625, 37.3740234375, 23.2611083984375]",0.6601771712303162,1
1802,230618_4-1-1.tif,"[3839.836395263672, 8812.933364868164, 18.5819091796875, 43.139404296875]",0.6600863933563232,1
1803,230618_4-1-1.tif,"[7759.835205078125, 4720.878631591797, 31.60357666015625, 31.680419921875]",0.6600151062011719,1
1804,230618_4-1-1.tif,"[9848.387023925781, 9277.273071289062, 16.394287109375, 42.6502685546875]",0.6600008606910706,1
1805,230618_4-1-1.tif,"[285.0303649902344, 5119.445861816406, 20.2806396484375, 49.71630859375]",0.6597456336021423,1
1806,230618_4-1-1.tif,"[6210.541313171387, 540.818603515625, 23.489585876464844, 41.45318603515625]",0.6597167253494263,1
1807,230618_4-1-1.tif,"[5513.393218994141, 720.1123046875, 28.0379638671875, 25.51214599609375]",0.6596315503120422,1
1808,230618_4-1-1.tif,"[840.5654602050781, 1993.4859924316406, 31.30389404296875, 42.043212890625]",0.6594021320343018,1
1809,230618_4-1-1.tif,"[1167.3270111083984, 1632.243896484375, 49.267059326171875, 31.203369140625]",0.659335196018219,1
1810,230618_4-1-1.tif,"[9848.991821289062, 4371.481384277344, 25.6015625, 30.09478759765625]",0.6592402458190918,1
1811,230618_4-1-1.tif,"[7650.588623046875, 9744.784912109375, 24.6832275390625, 21.0751953125]",0.6592166423797607,1
1812,230618_4-1-1.tif,"[7521.8843994140625, 7873.780059814453, 35.3173828125, 20.80316162109375]",0.6590861678123474,1
1813,230618_4-1-1.tif,"[2628.7825317382812, 6690.5081787109375, 46.96551513671875, 24.178001403808594]",0.6590188145637512,1
1814,230618_4-1-1.tif,"[1796.8202514648438, 9876.676330566406, 47.8331298828125, 28.348388671875]",0.6586663126945496,1
1815,230618_4-1-1.tif,"[8297.824310302734, 4601.9832763671875, 29.803878784179688, 31.3634033203125]",0.6581399440765381,1
1816,230618_4-1-1.tif,"[3708.9540100097656, 5425.969909667969, 20.011688232421875, 36.877685546875]",0.6580977439880371,1
1817,230618_4-1-1.tif,"[8105.9749755859375, 2795.699493408203, 26.98388671875, 27.74700927734375]",0.6578444838523865,1
1818,230618_4-1-1.tif,"[1737.2944030761719, 7348.233642578125, 34.504669189453125, 36.63031005859375]",0.6572022438049316,1
1819,230618_4-1-1.tif,"[25.235157012939453, 6629.016662597656, 13.905647277832031, 30.9251708984375]",0.6571483612060547,1
1820,230618_4-1-1.tif,"[8391.181640625, 1725.2530822753906, 24.32220458984375, 28.125518798828125]",0.656906008720398,1
1821,230618_4-1-1.tif,"[7518.8154296875, 1886.6035766601562, 27.5771484375, 16.723388671875]",0.6565565466880798,1
1822,230618_4-1-1.tif,"[1105.7158203125, 6493.3475341796875, 20.94921875, 37.92144775390625]",0.6562575697898865,1
1823,230618_4-1-1.tif,"[229.62960815429688, 1411.9384765625, 29.1015625, 48.4910888671875]",0.6560921669006348,1
1824,230618_4-1-1.tif,"[2740.625015258789, 6455.620697021484, 21.654266357421875, 34.510009765625]",0.6555028557777405,1
1825,230618_4-1-1.tif,"[8817.217651367188, 1738.1055603027344, 26.467681884765625, 45.188720703125]",0.6554609537124634,1
1826,230618_4-1-1.tif,"[7124.144073486328, 9849.889526367188, 31.3294677734375, 40.781005859375]",0.655192494392395,1
1827,230618_4-1-1.tif,"[3712.771530151367, 7536.1539306640625, 32.9122314453125, 21.7730712890625]",0.6551106572151184,1
1828,230618_4-1-1.tif,"[789.86572265625, 4282.592590332031, 35.89990234375, 19.20269775390625]",0.6550137400627136,1
1829,230618_4-1-1.tif,"[4805.131286621094, 4632.74397277832, 43.334930419921875, 22.781906127929688]",0.6547313332557678,1
1830,230618_4-1-1.tif,"[7225.462295532227, 9384.834548950195, 28.5413818359375, 24.39801788330078]",0.6544235348701477,1
1831,230618_4-1-1.tif,"[715.865478515625, 5869.554718017578, 43.489013671875, 20.96795654296875]",0.6542735695838928,1
1832,230618_4-1-1.tif,"[8368.611846923828, 8360.792465209961, 36.02117919921875, 16.472869873046875]",0.6542668342590332,1
1833,230618_4-1-1.tif,"[6659.4002685546875, 9192.503723144531, 41.849365234375, 20.66522216796875]",0.6538304090499878,1
1834,230618_4-1-1.tif,"[391.31573486328125, 9670.187133789062, 38.13897705078125, 34.94403076171875]",0.6535505056381226,1
1835,230618_4-1-1.tif,"[5452.9144287109375, 4539.249053955078, 22.04461669921875, 40.78106689453125]",0.6532070636749268,1
1836,230618_4-1-1.tif,"[3969.5880126953125, 5942.312561035156, 18.4595947265625, 29.9033203125]",0.6529868841171265,1
1837,230618_4-1-1.tif,"[2802.5795288085938, 8215.084228515625, 21.1187744140625, 31.565521240234375]",0.6525253653526306,1
1838,230618_4-1-1.tif,"[2676.78621673584, 9921.953857421875, 23.29663848876953, 31.6904296875]",0.652445375919342,1
1839,230618_4-1-1.tif,"[7855.436187744141, 2608.8248291015625, 35.14434814453125, 19.037307739257812]",0.6522266864776611,1
1840,230618_4-1-1.tif,"[817.4891357421875, 1731.4961700439453, 35.107177734375, 19.935577392578125]",0.6521934866905212,1
1841,230618_4-1-1.tif,"[9203.55224609375, 8495.430725097656, 19.7203369140625, 36.628753662109375]",0.6521717309951782,1
1842,230618_4-1-1.tif,"[7582.490478515625, 7128.221374511719, 17.3779296875, 27.947509765625]",0.6519318222999573,1
1843,230618_4-1-1.tif,"[3829.4466552734375, 5741.508529663086, 16.7489013671875, 31.749176025390625]",0.6515238881111145,1
1844,230618_4-1-1.tif,"[7161.477355957031, 3026.7455444335938, 28.24995231628418, 38.75927734375]",0.6513251066207886,1
1845,230618_4-1-1.tif,"[5158.6820068359375, 967.7234191894531, 32.3291015625, 23.19024658203125]",0.651282787322998,1
1846,230618_4-1-1.tif,"[7754.703674316406, 8041.306579589844, 21.884490966796875, 41.5931396484375]",0.6512688994407654,1
1847,230618_4-1-1.tif,"[1685.717514038086, 6303.418640136719, 32.53289794921875, 18.6871337890625]",0.6510526537895203,1
1848,230618_4-1-1.tif,"[2302.0052032470703, 2749.505584716797, 24.894149780273438, 42.19488525390625]",0.6509831547737122,1
1849,230618_4-1-1.tif,"[7694.133888244629, 7058.2967529296875, 22.124961853027344, 29.6536865234375]",0.6507101655006409,1
1850,230618_4-1-1.tif,"[6694.941223144531, 9779.034606933594, 16.73046875, 33.96551513671875]",0.6503880620002747,1
1851,230618_4-1-1.tif,"[182.29791259765625, 1853.4303588867188, 32.75091552734375, 48.27880859375]",0.6499109864234924,1
1852,230618_4-1-1.tif,"[6363.015045166016, 3044.9024047851562, 36.99334716796875, 18.84381103515625]",0.6498165130615234,1
1853,230618_4-1-1.tif,"[8764.213207244873, 6100.003234863281, 26.991992950439453, 18.6300048828125]",0.6496604681015015,1
1854,230618_4-1-1.tif,"[6365.313125610352, 1243.9682922363281, 28.99078369140625, 43.48187255859375]",0.6495682001113892,1
1855,230618_4-1-1.tif,"[1083.901237487793, 1046.1697082519531, 22.4783935546875, 53.909027099609375]",0.6495566368103027,1
1856,230618_4-1-1.tif,"[634.1436614990234, 8890.998748779297, 37.986968994140625, 21.27447509765625]",0.6495432257652283,1
1857,230618_4-1-1.tif,"[2185.645217895508, 2868.0026245117188, 32.49310302734375, 48.7769775390625]",0.6495145559310913,1
1858,230618_4-1-1.tif,"[2142.8276290893555, 8457.8974609375, 32.735015869140625, 23.58251953125]",0.6494047045707703,1
1859,230618_4-1-1.tif,"[702.4884338378906, 1560.3670558929443, 20.08843994140625, 46.321664810180664]",0.6491786241531372,1
1860,230618_4-1-1.tif,"[5334.214324951172, 6141.217590332031, 22.943603515625, 41.119384765625]",0.6487495303153992,1
1861,230618_4-1-1.tif,"[6668.4779052734375, 2754.813018798828, 22.57421875, 30.727935791015625]",0.648653507232666,1
1862,230618_4-1-1.tif,"[7501.610168457031, 8856.313018798828, 20.82220458984375, 28.77398681640625]",0.6478569507598877,1
1863,230618_4-1-1.tif,"[6644.3421630859375, 3781.176727294922, 22.51320743560791, 32.124267578125]",0.6478191018104553,1
1864,230618_4-1-1.tif,"[5242.122222900391, 967.5640258789062, 33.5885009765625, 21.42437744140625]",0.647645890712738,1
1865,230618_4-1-1.tif,"[6185.733703613281, 4359.063781738281, 41.54571533203125, 23.4185791015625]",0.6472352147102356,1
1866,230618_4-1-1.tif,"[8574.264587402344, 3027.869171142578, 38.640869140625, 21.86181640625]",0.6471952795982361,1
1867,230618_4-1-1.tif,"[6393.563537597656, 4282.914535522461, 17.2034912109375, 35.110382080078125]",0.6471689939498901,1
1868,230618_4-1-1.tif,"[6395.313491821289, 2589.4461669921875, 24.491500854492188, 45.83734893798828]",0.6465823650360107,1
1869,230618_4-1-1.tif,"[1428.5133666992188, 1047.3134765625, 48.964111328125, 21.393798828125]",0.6462047100067139,1
1870,230618_4-1-1.tif,"[3656.702392578125, 4302.15673828125, 259.86767578125, 176.794921875]",0.645919919013977,1
1871,230618_4-1-1.tif,"[5789.484664916992, 6788.8275146484375, 17.96002197265625, 31.564208984375]",0.6459129452705383,1
1872,230618_4-1-1.tif,"[7409.960845947266, 7691.0091552734375, 16.6871337890625, 36.821136474609375]",0.6457234025001526,1
1873,230618_4-1-1.tif,"[8089.069030761719, 2072.9758529663086, 22.3193359375, 46.01055145263672]",0.6455591917037964,1
1874,230618_4-1-1.tif,"[4384.056884765625, 4677.0672607421875, 36.5355224609375, 17.2772216796875]",0.6455007791519165,1
1875,230618_4-1-1.tif,"[3080.9246826171875, 4716.810302734375, 32.79736328125, 18.744873046875]",0.6452904343605042,1
1876,230618_4-1-1.tif,"[2706.8245239257812, 7502.787414550781, 31.207550048828125, 30.18408203125]",0.6449655294418335,1
1877,230618_4-1-1.tif,"[3247.9324645996094, 8334.601745605469, 33.63201904296875, 19.15179443359375]",0.6448659300804138,1
1878,230618_4-1-1.tif,"[4870.231109619141, 5125.734375, 45.82421875, 22.49462890625]",0.6436642408370972,1
1879,230618_4-1-1.tif,"[7985.175476074219, 2735.8282775878906, 18.3443603515625, 35.7879638671875]",0.6434109210968018,1
1880,230618_4-1-1.tif,"[6848.594375610352, 2141.66268157959, 41.568695068359375, 31.179550170898438]",0.6423930525779724,1
1881,230618_4-1-1.tif,"[4133.956207275391, 7192.233430862427, 17.557144165039062, 30.63911247253418]",0.641914427280426,1
1882,230618_4-1-1.tif,"[9684.91390991211, 6281.859558105469, 15.777099609375, 34.2265625]",0.6418618559837341,1
1883,230618_4-1-1.tif,"[7055.533630371094, 5588.033050537109, 24.632568359375, 28.30426025390625]",0.641724169254303,1
1884,230618_4-1-1.tif,"[3977.5494079589844, 5215.895401000977, 43.98681640625, 34.54792785644531]",0.6416642665863037,1
1885,230618_4-1-1.tif,"[9150.877136230469, 3035.513702392578, 40.40350341796875, 20.1856689453125]",0.6416537761688232,1
1886,230618_4-1-1.tif,"[4155.663124084473, 7629.7142333984375, 22.5435791015625, 46.930938720703125]",0.6414784789085388,1
1887,230618_4-1-1.tif,"[9071.794677734375, 8937.390258789062, 20.9666748046875, 32.105133056640625]",0.6414596438407898,1
1888,230618_4-1-1.tif,"[5226.024551391602, 8655.306457519531, 27.58258056640625, 21.0806884765625]",0.6414334177970886,1
1889,230618_4-1-1.tif,"[6624.341857910156, 6339.43424987793, 24.2650146484375, 31.4130859375]",0.6413359642028809,1
1890,230618_4-1-1.tif,"[1999.43310546875, 9775.417602539062, 28.69586181640625, 26.8515625]",0.6413347125053406,1
1891,230618_4-1-1.tif,"[7050.2955322265625, 9718.521179199219, 28.906494140625, 39.367919921875]",0.6409306526184082,1
1892,230618_4-1-1.tif,"[9266.212585449219, 882.3717956542969, 15.769622802734375, 30.8955078125]",0.640830397605896,1
1893,230618_4-1-1.tif,"[9657.673095703125, 2333.891845703125, 27.1575927734375, 47.597900390625]",0.6407291293144226,1
1894,230618_4-1-1.tif,"[528.9862060546875, 1517.7876586914062, 19.23095703125, 37.6676025390625]",0.6404138207435608,1
1895,230618_4-1-1.tif,"[9530.185821533203, 1063.5119018554688, 24.149383544921875, 46.38722229003906]",0.6402726173400879,1
1896,230618_4-1-1.tif,"[2946.864288330078, 6713.772968292236, 23.629150390625, 25.848873138427734]",0.6401592493057251,1
1897,230618_4-1-1.tif,"[6169.440830230713, 4439.723937988281, 18.525108337402344, 27.47003173828125]",0.6401296257972717,1
1898,230618_4-1-1.tif,"[2417.6998291015625, 4113.026683807373, 37.7784423828125, 20.935970306396484]",0.6398031711578369,1
1899,230618_4-1-1.tif,"[8193.95020198822, 1390.8981628417969, 31.62959384918213, 40.029052734375]",0.6394140124320984,1
1900,230618_4-1-1.tif,"[1653.919677734375, 9960.684753417969, 27.259185791015625, 39.21868896484375]",0.6383638381958008,1
1901,230618_4-1-1.tif,"[9630.224060058594, 3816.8388671875, 18.73828125, 48.75311279296875]",0.6382909417152405,1
1902,230618_4-1-1.tif,"[9391.845321655273, 1372.07666015625, 46.60578918457031, 26.685302734375]",0.6381848454475403,1
1903,230618_4-1-1.tif,"[8118.7091064453125, 3241.1241760253906, 21.36181640625, 46.688751220703125]",0.6378902196884155,1
1904,230618_4-1-1.tif,"[4838.527450561523, 5000.0338134765625, 18.94366455078125, 32.880859375]",0.6371084451675415,1
1905,230618_4-1-1.tif,"[5551.123352050781, 9687.644592285156, 29.3597412109375, 28.9141845703125]",0.6370347738265991,1
1906,230618_4-1-1.tif,"[1922.9514770507812, 8833.39436340332, 18.63543701171875, 37.536956787109375]",0.6369097232818604,1
1907,230618_4-1-1.tif,"[2225.4690856933594, 4351.594161987305, 30.66156005859375, 36.30409240722656]",0.6368181109428406,1
1908,230618_4-1-1.tif,"[2215.3623046875, 7977.692047119141, 34.28167724609375, 20.1566162109375]",0.636793851852417,1
1909,230618_4-1-1.tif,"[253.2676544189453, 1824.5028076171875, 18.716171264648438, 46.8048095703125]",0.6361187100410461,1
1910,230618_4-1-1.tif,"[8363.500747680664, 7829.907043457031, 20.466064453125, 18.0189208984375]",0.6360934972763062,1
1911,230618_4-1-1.tif,"[1997.9239501953125, 2943.8021240234375, 17.94464111328125, 39.09722900390625]",0.635776698589325,1
1912,230618_4-1-1.tif,"[6896.771728515625, 2060.075439453125, 34.68817138671875, 29.47021484375]",0.6352917551994324,1
1913,230618_4-1-1.tif,"[1904.9723815917969, 7467.837005615234, 39.11981201171875, 21.05389404296875]",0.6352186799049377,1
1914,230618_4-1-1.tif,"[6374.0662841796875, 626.8335342407227, 45.464111328125, 28.47136688232422]",0.635132908821106,1
1915,230618_4-1-1.tif,"[7724.497749328613, 9870.917053222656, 20.09967041015625, 32.03955078125]",0.6350465416908264,1
1916,230618_4-1-1.tif,"[5682.9671630859375, 4478.23779296875, 23.412841796875, 30.19464111328125]",0.6349668502807617,1
1917,230618_4-1-1.tif,"[7271.813385009766, 8906.38427734375, 37.92558288574219, 44.569732666015625]",0.6346212029457092,1
1918,230618_4-1-1.tif,"[5828.044586181641, 7119.1907958984375, 36.04315185546875, 17.9840087890625]",0.634411633014679,1
1919,230618_4-1-1.tif,"[5813.333740234375, 6195.972747802734, 35.35870361328125, 25.155670166015625]",0.6338953375816345,1
1920,230618_4-1-1.tif,"[609.9067230224609, 7572.868591308594, 19.025726318359375, 43.7474365234375]",0.633663535118103,1
1921,230618_4-1-1.tif,"[3356.71044921875, 6138.316802978516, 20.945709228515625, 32.172115325927734]",0.6336443424224854,1
1922,230618_4-1-1.tif,"[6226.200637817383, 5075.589904785156, 32.41961669921875, 23.2774658203125]",0.633486807346344,1
1923,230618_4-1-1.tif,"[1072.3779296875, 9442.320831298828, 17.31201171875, 43.47296142578125]",0.6330517530441284,1
1924,230618_4-1-1.tif,"[8787.424896240234, 1568.295799255371, 22.706878662109375, 49.94010925292969]",0.632835865020752,1
1925,230618_4-1-1.tif,"[9164.746520996094, 7276.607559204102, 20.1793212890625, 28.13189697265625]",0.6325995922088623,1
1926,230618_4-1-1.tif,"[9589.386047363281, 2085.3179931640625, 47.5284423828125, 30.876220703125]",0.6324710845947266,1
1927,230618_4-1-1.tif,"[4328.718200683594, 8505.86962890625, 32.7879638671875, 29.5313720703125]",0.6324524879455566,1
1928,230618_4-1-1.tif,"[5578.426574707031, 6123.791748046875, 42.44671630859375, 28.343994140625]",0.6321051716804504,1
1929,230618_4-1-1.tif,"[9210.915100097656, 9887.683715820312, 21.31923484802246, 41.1192626953125]",0.6305707097053528,1
1930,230618_4-1-1.tif,"[6394.192443847656, 8358.070083618164, 30.716552734375, 25.788055419921875]",0.6297270655632019,1
1931,230618_4-1-1.tif,"[7009.1492919921875, 3020.6336059570312, 26.8572998046875, 28.622314453125]",0.6296054124832153,1
1932,230618_4-1-1.tif,"[7512.379089355469, 2715.9675903320312, 40.216064453125, 26.070587158203125]",0.6295903921127319,1
1933,230618_4-1-1.tif,"[2913.5308227539062, 7034.8438720703125, 38.7442626953125, 34.769775390625]",0.6294421553611755,1
1934,230618_4-1-1.tif,"[219.00967407226562, 2063.0753784179688, 41.571136474609375, 40.172401428222656]",0.629168689250946,1
1935,230618_4-1-1.tif,"[6248.478897094727, 2422.3948974609375, 27.9793701171875, 50.837890625]",0.6287538409233093,1
1936,230618_4-1-1.tif,"[9250.4765625, 5907.751129150391, 35.608131408691406, 18.40240478515625]",0.6286013126373291,1
1937,230618_4-1-1.tif,"[9026.381042480469, 4059.1934814453125, 18.060546875, 34.0030517578125]",0.6285808682441711,1
1938,230618_4-1-1.tif,"[3497.8778686523438, 9769.309844970703, 33.4703369140625, 33.1168212890625]",0.6281893253326416,1
1939,230618_4-1-1.tif,"[2549.861114501953, 2679.354278564453, 22.769012451171875, 38.8203125]",0.628187358379364,1
1940,230618_4-1-1.tif,"[1294.5558471679688, 1704.0643310546875, 25.14794921875, 50.611328125]",0.6279422640800476,1
1941,230618_4-1-1.tif,"[1951.4993896484375, 2903.3805541992188, 29.552978515625, 41.7879638671875]",0.6279168128967285,1
1942,230618_4-1-1.tif,"[2649.9881134033203, 7392.539764404297, 34.698577880859375, 30.254150390625]",0.6276726722717285,1
1943,230618_4-1-1.tif,"[1739.89697265625, 7239.8001708984375, 45.44068908691406, 33.0250244140625]",0.6274620294570923,1
1944,230618_4-1-1.tif,"[3969.4386291503906, 7533.628265380859, 33.52423095703125, 20.578857421875]",0.6274459958076477,1
1945,230618_4-1-1.tif,"[5880.834167480469, 4921.1534423828125, 20.70751953125, 31.2572021484375]",0.6273460984230042,1
1946,230618_4-1-1.tif,"[562.8287353515625, 1688.8101806640625, 35.434326171875, 37.417205810546875]",0.6271011829376221,1
1947,230618_4-1-1.tif,"[8111.17578125, 7625.910705566406, 21.186279296875, 30.5335693359375]",0.6266849040985107,1
1948,230618_4-1-1.tif,"[1268.2698974609375, 9516.101867675781, 19.10601806640625, 55.7935791015625]",0.6264883279800415,1
1949,230618_4-1-1.tif,"[844.6918029785156, 2158.7796630859375, 30.108184814453125, 35.263336181640625]",0.6264303922653198,1
1950,230618_4-1-1.tif,"[2146.461639404297, 3085.2259769439697, 21.728607177734375, 47.21420097351074]",0.6260830760002136,1
1951,230618_4-1-1.tif,"[2919.3827514648438, 7624.3504638671875, 29.4169921875, 44.598876953125]",0.6258100271224976,1
1952,230618_4-1-1.tif,"[6207.666259765625, 3176.8329467773438, 18.96734619140625, 37.662628173828125]",0.6254687309265137,1
1953,230618_4-1-1.tif,"[9704.743347167969, 4674.6351318359375, 24.9056396484375, 43.8623046875]",0.6253459453582764,1
1954,230618_4-1-1.tif,"[6145.3773193359375, 4636.9920654296875, 40.3338623046875, 30.79150390625]",0.6251286268234253,1
1955,230618_4-1-1.tif,"[9656.308166503906, 9041.149658203125, 18.3189697265625, 29.0921630859375]",0.6249364614486694,1
1956,230618_4-1-1.tif,"[7725.46728515625, 2670.790771484375, 30.5361328125, 37.104156494140625]",0.6236088275909424,1
1957,230618_4-1-1.tif,"[4793.063430786133, 5103.133850097656, 16.84893798828125, 39.66386795043945]",0.6235368251800537,1
1958,230618_4-1-1.tif,"[2349.23828125, 3978.1370239257812, 27.3619384765625, 42.5399169921875]",0.6234859228134155,1
1959,230618_4-1-1.tif,"[5044.2579345703125, 2106.6934204101562, 38.06402587890625, 37.222900390625]",0.6227535605430603,1
1960,230618_4-1-1.tif,"[2833.36474609375, 7755.6715087890625, 47.996337890625, 21.58062744140625]",0.6226838827133179,1
1961,230618_4-1-1.tif,"[2070.331367492676, 2614.31298828125, 42.21405792236328, 21.424072265625]",0.6226203441619873,1
1962,230618_4-1-1.tif,"[1072.451904296875, 9338.717109680176, 28.65716552734375, 21.57250213623047]",0.622536301612854,1
1963,230618_4-1-1.tif,"[752.0552673339844, 1391.9133911132812, 25.2020263671875, 41.1719970703125]",0.622432291507721,1
1964,230618_4-1-1.tif,"[3211.6566467285156, 7467.9212646484375, 24.3363037109375, 46.47357177734375]",0.6221109628677368,1
1965,230618_4-1-1.tif,"[4187.913414001465, 5466.389373779297, 28.621734619140625, 58.24359130859375]",0.6216070652008057,1
1966,230618_4-1-1.tif,"[1047.8976821899414, 3839.0504608154297, 41.27705383300781, 18.978408813476562]",0.6215034127235413,1
1967,230618_4-1-1.tif,"[1930.8701171875, 9972.015258789062, 25.8505859375, 27.249755859375]",0.6211105585098267,1
1968,230618_4-1-1.tif,"[7773.291259765625, 6982.954833984375, 19.773757934570312, 36.29498291015625]",0.6209068298339844,1
1969,230618_4-1-1.tif,"[184.23291015625, 8120.474639892578, 41.2664794921875, 28.47882080078125]",0.6203790307044983,1
1970,230618_4-1-1.tif,"[5348.610504150391, 9312.387771606445, 18.874176025390625, 42.50225830078125]",0.6202593445777893,1
1971,230618_4-1-1.tif,"[679.6695251464844, 1522.3862915039062, 20.75567626953125, 41.2811279296875]",0.619816780090332,1
1972,230618_4-1-1.tif,"[3094.1700439453125, 4300.21728515625, 22.3134765625, 39.64300537109375]",0.6197752952575684,1
1973,230618_4-1-1.tif,"[1176.7595672607422, 9032.770538330078, 19.93524169921875, 28.7864990234375]",0.6194227337837219,1
1974,230618_4-1-1.tif,"[8294.05648803711, 7966.898986816406, 19.348785400390625, 39.49200439453125]",0.6187347769737244,1
1975,230618_4-1-1.tif,"[9500.920288085938, 7418.825668334961, 24.19598388671875, 39.37721252441406]",0.6182968616485596,1
1976,230618_4-1-1.tif,"[7004.651611328125, 4469.782745361328, 36.751953125, 18.19940185546875]",0.618067741394043,1
1977,230618_4-1-1.tif,"[4938.9212646484375, 5933.265808105469, 20.5257568359375, 26.2147216796875]",0.6179918646812439,1
1978,230618_4-1-1.tif,"[9872.474975585938, 6423.643310546875, 17.767578125, 40.94622802734375]",0.6177171468734741,1
1979,230618_4-1-1.tif,"[7791.861068725586, 8385.697174072266, 12.514663696289062, 28.25018310546875]",0.6176702976226807,1
1980,230618_4-1-1.tif,"[6131.546813964844, 2199.8544921875, 24.32177734375, 45.7647705078125]",0.6173959374427795,1
1981,230618_4-1-1.tif,"[6505.1943359375, 9643.003509521484, 30.1221923828125, 19.53338623046875]",0.6172301173210144,1
1982,230618_4-1-1.tif,"[7848.81982421875, 7173.974609375, 32.44438171386719, 35.37818908691406]",0.6172088384628296,1
1983,230618_4-1-1.tif,"[8703.619812011719, 8014.923889160156, 15.742919921875, 39.2294921875]",0.6168411374092102,1
1984,230618_4-1-1.tif,"[1909.6093139648438, 9231.529907226562, 46.189453125, 34.5321044921875]",0.6166211366653442,1
1985,230618_4-1-1.tif,"[2504.8272705078125, 2759.9046478271484, 19.85009765625, 32.71112060546875]",0.6165990233421326,1
1986,230618_4-1-1.tif,"[9388.487213134766, 2972.3310546875, 41.43853759765625, 21.21795654296875]",0.6163158416748047,1
1987,230618_4-1-1.tif,"[2901.7186889648438, 9274.574035644531, 21.256591796875, 45.2169189453125]",0.6158351898193359,1
1988,230618_4-1-1.tif,"[586.1295166015625, 1479.9574584960938, 20.3798828125, 42.4361572265625]",0.6157006025314331,1
1989,230618_4-1-1.tif,"[890.64208984375, 1553.7537841796875, 17.226959228515625, 36.12410354614258]",0.615594744682312,1
1990,230618_4-1-1.tif,"[1082.4200439453125, 988.7825927734375, 43.473663330078125, 33.53271484375]",0.615441620349884,1
1991,230618_4-1-1.tif,"[1251.8692321777344, 9791.531219482422, 24.197113037109375, 49.68011474609375]",0.6152151823043823,1
1992,230618_4-1-1.tif,"[6036.916168212891, 471.9078369140625, 31.42071533203125, 31.8974609375]",0.6148641109466553,1
1993,230618_4-1-1.tif,"[6234.447967529297, 4470.7900390625, 21.695465087890625, 28.275146484375]",0.6145306825637817,1
1994,230618_4-1-1.tif,"[2667.230422973633, 6316.6610107421875, 22.381546020507812, 54.983978271484375]",0.6142354011535645,1
1995,230618_4-1-1.tif,"[8834.855987548828, 7560.806945800781, 27.133575439453125, 40.0450439453125]",0.6140786409378052,1
1996,230618_4-1-1.tif,"[5085.958312988281, 4260.8072509765625, 39.5572509765625, 19.60528564453125]",0.6139209270477295,1
1997,230618_4-1-1.tif,"[352.3852233886719, 7618.833679199219, 17.74310302734375, 29.9498291015625]",0.6134033799171448,1
1998,230618_4-1-1.tif,"[1750.345718383789, 6994.525207519531, 23.476104736328125, 42.6163330078125]",0.613294243812561,1
1999,230618_4-1-1.tif,"[1008.6461486816406, 924.2674560546875, 32.886932373046875, 44.306640625]",0.613239049911499,1
2000,230618_4-1-1.tif,"[8531.83984375, 9289.131713867188, 35.09112548828125, 17.841552734375]",0.6126693487167358,1
2001,230618_4-1-1.tif,"[2134.630859375, 6453.623260498047, 23.5146484375, 46.0455322265625]",0.6126671433448792,1
2002,230618_4-1-1.tif,"[4244.854537963867, 5239.616653442383, 19.855316162109375, 45.235382080078125]",0.6124056577682495,1
2003,230618_4-1-1.tif,"[7619.056427001953, 9667.60336303711, 16.2386474609375, 21.22296142578125]",0.6123877763748169,1
2004,230618_4-1-1.tif,"[3358.6077270507812, 8118.153991699219, 27.7471923828125, 39.76220703125]",0.6121178865432739,1
2005,230618_4-1-1.tif,"[5553.606689453125, 2281.7137756347656, 29.9190673828125, 41.464599609375]",0.6114028096199036,1
2006,230618_4-1-1.tif,"[8196.6162109375, 1960.8187255859375, 32.2255859375, 38.839599609375]",0.6113288402557373,1
2007,230618_4-1-1.tif,"[520.1482048034668, 6225.580322265625, 38.304813385009766, 33.874755859375]",0.6112374663352966,1
2008,230618_4-1-1.tif,"[7941.648010253906, 8155.914794921875, 26.277587890625, 35.106689453125]",0.6111621856689453,1
2009,230618_4-1-1.tif,"[376.0252685546875, 5904.366851806641, 28.730224609375, 50.811279296875]",0.6108558773994446,1
2010,230618_4-1-1.tif,"[1762.9739074707031, 3212.4535217285156, 44.89471435546875, 21.47357177734375]",0.6106200218200684,1
2011,230618_4-1-1.tif,"[1266.3858337402344, 3557.5615234375, 33.29669189453125, 19.968017578125]",0.6105109453201294,1
2012,230618_4-1-1.tif,"[1898.2872619628906, 7533.486633300781, 17.56982421875, 32.09417724609375]",0.6104575395584106,1
2013,230618_4-1-1.tif,"[9152.874328613281, 7849.836349487305, 24.54150390625, 32.795013427734375]",0.6104061603546143,1
2014,230618_4-1-1.tif,"[1647.0016784667969, 9779.511688232422, 24.6221923828125, 42.9259033203125]",0.6100853085517883,1
2015,230618_4-1-1.tif,"[3181.0022201538086, 8541.369903564453, 16.949501037597656, 35.31097412109375]",0.6100095510482788,1
2016,230618_4-1-1.tif,"[7740.7509841918945, 9438.863830566406, 24.07855224609375, 43.6474609375]",0.6099869012832642,1
2017,230618_4-1-1.tif,"[1512.6974182128906, 6507.082580566406, 17.5162353515625, 40.7244873046875]",0.6099410057067871,1
2018,230618_4-1-1.tif,"[2086.302406311035, 9552.44677734375, 19.816024780273438, 32.467529296875]",0.6098669767379761,1
2019,230618_4-1-1.tif,"[3442.1915893554688, 7872.454620361328, 39.8616943359375, 22.41009521484375]",0.609822154045105,1
2020,230618_4-1-1.tif,"[852.9523315429688, 1221.0756530761719, 24.7874755859375, 49.99090576171875]",0.6096687316894531,1
2021,230618_4-1-1.tif,"[5207.227645874023, 5990.774353027344, 50.05479431152344, 36.862060546875]",0.609350860118866,1
2022,230618_4-1-1.tif,"[2155.637252807617, 8939.998504638672, 19.642349243164062, 33.115966796875]",0.6089951992034912,1
2023,230618_4-1-1.tif,"[7118.417236328125, 671.3994140625, 38.439208984375, 22.9439697265625]",0.6085590720176697,1
2024,230618_4-1-1.tif,"[4029.3797607421875, 5607.493591308594, 26.850830078125, 26.909912109375]",0.6084784269332886,1
2025,230618_4-1-1.tif,"[2227.486785888672, 6323.513885498047, 29.44293212890625, 21.65008544921875]",0.6084132194519043,1
2026,230618_4-1-1.tif,"[7593.717346191406, 6048.559265136719, 15.1326904296875, 34.5079345703125]",0.608305037021637,1
2027,230618_4-1-1.tif,"[270.17230224609375, 1651.282356262207, 41.98748779296875, 37.64794158935547]",0.6081724762916565,1
2028,230618_4-1-1.tif,"[9864.330322265625, 963.097412109375, 36.2906494140625, 20.61749267578125]",0.6080185770988464,1
2029,230618_4-1-1.tif,"[8322.799987792969, 7623.048645019531, 16.3677978515625, 37.056884765625]",0.6079130172729492,1
2030,230618_4-1-1.tif,"[7991.389831542969, 7431.007873535156, 21.8271484375, 31.48077392578125]",0.6077259182929993,1
2031,230618_4-1-1.tif,"[972.665771484375, 7874.5281982421875, 33.7086181640625, 25.56365966796875]",0.60760498046875,1
2032,230618_4-1-1.tif,"[7071.704345703125, 4565.751770019531, 39.539794921875, 18.505615234375]",0.6075639128684998,1
2033,230618_4-1-1.tif,"[6999.657012939453, 4132.0950927734375, 36.58740234375, 36.804443359375]",0.6074937582015991,1
2034,230618_4-1-1.tif,"[7147.872131347656, 8316.089004516602, 18.516357421875, 33.223114013671875]",0.6071034669876099,1
2035,230618_4-1-1.tif,"[9471.286987304688, 8368.113311767578, 33.58221435546875, 16.38360595703125]",0.606939971446991,1
2036,230618_4-1-1.tif,"[5841.295135498047, 5900.895080566406, 22.806549072265625, 27.5423583984375]",0.606903076171875,1
2037,230618_4-1-1.tif,"[8664.184997558594, 35.119178771972656, 19.993896484375, 44.89422607421875]",0.6066035032272339,1
2038,230618_4-1-1.tif,"[1395.8514404296875, 9915.895141601562, 45.3919677734375, 19.030029296875]",0.606426477432251,1
2039,230618_4-1-1.tif,"[2036.656005859375, 8836.361358642578, 33.139312744140625, 36.556884765625]",0.6057155728340149,1
2040,230618_4-1-1.tif,"[1831.307861328125, 7785.703720092773, 61.8116455078125, 26.92822265625]",0.605397641658783,1
2041,230618_4-1-1.tif,"[8532.28433227539, 2077.0318603515625, 45.5640869140625, 21.83869171142578]",0.6049519777297974,1
2042,230618_4-1-1.tif,"[6064.221618652344, 3281.015151977539, 23.436767578125, 42.193145751953125]",0.6048480272293091,1
2043,230618_4-1-1.tif,"[3141.0986938476562, 6440.088623046875, 23.386062622070312, 35.1248779296875]",0.6047333478927612,1
2044,230618_4-1-1.tif,"[5294.787414550781, 5708.803298950195, 32.278961181640625, 17.364273071289062]",0.604468584060669,1
2045,230618_4-1-1.tif,"[9671.975158691406, 4806.922592163086, 38.3262939453125, 28.688385009765625]",0.604451596736908,1
2046,230618_4-1-1.tif,"[6082.9771728515625, 5938.746185302734, 36.7933349609375, 21.568115234375]",0.6044237613677979,1
2047,230618_4-1-1.tif,"[5312.951812744141, 6094.835144042969, 23.22186279296875, 27.5166015625]",0.6039149165153503,1
2048,230618_4-1-1.tif,"[813.7900390625, 947.4543762207031, 25.086669921875, 30.11553955078125]",0.6038991808891296,1
2049,230618_4-1-1.tif,"[8980.007629394531, 3159.0634765625, 33.88128662109375, 24.588943481445312]",0.6037226319313049,1
2050,230618_4-1-1.tif,"[9759.2392578125, 7473.067321777344, 20.13446044921875, 30.4619140625]",0.6036906838417053,1
2051,230618_4-1-1.tif,"[5505.924133300781, 1546.0823364257812, 25.040771484375, 46.304931640625]",0.603661835193634,1
2052,230618_4-1-1.tif,"[7145.146575927734, 7289.578536987305, 16.56866455078125, 34.528411865234375]",0.6036527752876282,1
2053,230618_4-1-1.tif,"[8805.278137207031, 5876.157073974609, 26.016510009765625, 45.172515869140625]",0.6035893559455872,1
2054,230618_4-1-1.tif,"[5621.149597167969, 5345.367980957031, 31.951904296875, 35.91278076171875]",0.6035003662109375,1
2055,230618_4-1-1.tif,"[7626.658752441406, 2338.9749755859375, 34.2005615234375, 19.3028564453125]",0.603251576423645,1
2056,230618_4-1-1.tif,"[1188.2467346191406, 6014.177917480469, 16.6600341796875, 37.636962890625]",0.6031470894813538,1
2057,230618_4-1-1.tif,"[6968.2882080078125, 3850.1156311035156, 33.6409912109375, 43.71136474609375]",0.6029573678970337,1
2058,230618_4-1-1.tif,"[8789.383560180664, 6365.26481628418, 21.634750366210938, 24.974945068359375]",0.60286945104599,1
2059,230618_4-1-1.tif,"[6538.870849609375, 2257.458297729492, 19.6104736328125, 38.49237060546875]",0.6026154160499573,1
2060,230618_4-1-1.tif,"[7968.952331542969, 200.3197021484375, 29.1392822265625, 47.347900390625]",0.6025573015213013,1
2061,230618_4-1-1.tif,"[9819.64224243164, 3321.8397521972656, 29.577880859375, 41.868408203125]",0.602403461933136,1
2062,230618_4-1-1.tif,"[247.7405242919922, 8776.848281860352, 17.509902954101562, 40.2357177734375]",0.6022598743438721,1
2063,230618_4-1-1.tif,"[3508.8562622070312, 8390.868530273438, 27.6771240234375, 28.1678466796875]",0.602191150188446,1
2064,230618_4-1-1.tif,"[4248.760543823242, 5936.287536621094, 18.22650146484375, 34.06378173828125]",0.6021175384521484,1
2065,230618_4-1-1.tif,"[697.0672454833984, 2251.3203735351562, 29.846893310546875, 36.582672119140625]",0.6020958423614502,1
2066,230618_4-1-1.tif,"[2196.1566619873047, 8378.96713256836, 23.84661865234375, 30.95458984375]",0.6020234227180481,1
2067,230618_4-1-1.tif,"[7441.9794921875, 3518.91064453125, 26.02880859375, 25.6156005859375]",0.6017544865608215,1
2068,230618_4-1-1.tif,"[5199.14501953125, 6524.74658203125, 22.810302734375, 49.8934326171875]",0.6015864610671997,1
2069,230618_4-1-1.tif,"[8063.083526611328, 9332.552734375, 20.774200439453125, 20.53076171875]",0.6014354228973389,1
2070,230618_4-1-1.tif,"[3303.6129608154297, 4307.596618652344, 18.058746337890625, 38.84564208984375]",0.6008031368255615,1
2071,230618_4-1-1.tif,"[7168.738861083984, 7638.293029785156, 23.33805274963379, 28.42218017578125]",0.600344181060791,1
2072,230618_4-1-1.tif,"[5210.95036315918, 6049.860168457031, 42.164398193359375, 26.99456787109375]",0.5995131134986877,1
2073,230618_4-1-1.tif,"[805.4131469726562, 895.17236328125, 23.8739013671875, 44.7843017578125]",0.5992671251296997,1
2074,230618_4-1-1.tif,"[1295.5910034179688, 7708.32373046875, 37.1104736328125, 26.2733154296875]",0.5990914702415466,1
2075,230618_4-1-1.tif,"[3796.3148345947266, 5463.112548828125, 34.7291259765625, 18.17022705078125]",0.598736584186554,1
2076,230618_4-1-1.tif,"[1678.96044921875, 3750.0494689941406, 36.98553466796875, 18.726531982421875]",0.5986503958702087,1
2077,230618_4-1-1.tif,"[6936.671203613281, 2781.8675231933594, 31.2603759765625, 25.2430419921875]",0.5985758304595947,1
2078,230618_4-1-1.tif,"[2652.862060546875, 8115.77099609375, 39.45257568359375, 27.200927734375]",0.5983110666275024,1
2079,230618_4-1-1.tif,"[3423.604248046875, 8214.105834960938, 39.50177001953125, 41.5091552734375]",0.597568690776825,1
2080,230618_4-1-1.tif,"[6168.324951171875, 6611.974639892578, 15.60986328125, 37.35223388671875]",0.5966718196868896,1
2081,230618_4-1-1.tif,"[1937.8157043457031, 7560.7518310546875, 41.794189453125, 27.8377685546875]",0.5964434742927551,1
2082,230618_4-1-1.tif,"[9302.264556884766, 1442.356689453125, 22.04766845703125, 45.535888671875]",0.5962706208229065,1
2083,230618_4-1-1.tif,"[1219.1721801757812, 7459.290771484375, 42.011016845703125, 30.5411376953125]",0.5958747267723083,1
2084,230618_4-1-1.tif,"[5497.708465576172, 4359.158630371094, 19.8829345703125, 43.97674560546875]",0.595657467842102,1
2085,230618_4-1-1.tif,"[8225.251525878906, 8562.25244140625, 18.49060821533203, 28.953369140625]",0.5955396294593811,1
2086,230618_4-1-1.tif,"[2612.5833740234375, 8283.822845458984, 38.80902099609375, 47.40960693359375]",0.5954478979110718,1
2087,230618_4-1-1.tif,"[9807.01220703125, 6660.00820350647, 27.001953125, 20.7705135345459]",0.5954108834266663,1
2088,230618_4-1-1.tif,"[5363.476226806641, 4121.588777542114, 23.0081787109375, 41.00643730163574]",0.5949500799179077,1
2089,230618_4-1-1.tif,"[4052.89599609375, 4871.5760498046875, 21.319488525390625, 43.2393798828125]",0.5948781371116638,1
2090,230618_4-1-1.tif,"[2895.9794006347656, 8475.08969116211, 18.8701171875, 34.68603515625]",0.594758152961731,1
2091,230618_4-1-1.tif,"[6305.4541015625, 3618.6015625, 32.680419921875, 40.163330078125]",0.5946730971336365,1
2092,230618_4-1-1.tif,"[5039.704162597656, 2155.0355377197266, 23.487060546875, 44.0498046875]",0.5945187211036682,1
2093,230618_4-1-1.tif,"[2048.0, 8488.865966796875, 42.85430908203125, 34.9349365234375]",0.5939154624938965,1
2094,230618_4-1-1.tif,"[877.1675415039062, 1923.56201171875, 35.07867431640625, 36.9417724609375]",0.5938153862953186,1
2095,230618_4-1-1.tif,"[1130.2377014160156, 9805.46206665039, 25.640625, 39.35015869140625]",0.5936647057533264,1
2096,230618_4-1-1.tif,"[5993.937683105469, 3175.9456176757812, 37.649169921875, 33.184814453125]",0.5935760736465454,1
2097,230618_4-1-1.tif,"[3393.2291870117188, 5832.290252685547, 38.249755859375, 20.15924072265625]",0.5931044220924377,1
2098,230618_4-1-1.tif,"[4263.972244262695, 4910.120788574219, 40.64703369140625, 19.9637451171875]",0.5930839776992798,1
2099,230618_4-1-1.tif,"[5730.590858459473, 2285.1495056152344, 24.932151794433594, 38.168304443359375]",0.5930290222167969,1
2100,230618_4-1-1.tif,"[5174.294158935547, 6323.2586669921875, 20.144943237304688, 49.976104736328125]",0.5928903818130493,1
2101,230618_4-1-1.tif,"[9199.065979003906, 4256.486572265625, 19.49755859375, 17.65203857421875]",0.592667281627655,1
2102,230618_4-1-1.tif,"[7261.727783203125, 9228.419799804688, 29.73046875, 26.56341552734375]",0.5924984812736511,1
2103,230618_4-1-1.tif,"[1482.06396484375, 7408.170013427734, 42.27069091796875, 29.91351318359375]",0.5921309590339661,1
2104,230618_4-1-1.tif,"[8155.63037109375, 364.91998291015625, 21.039794921875, 48.7752685546875]",0.5921185612678528,1
2105,230618_4-1-1.tif,"[1857.0364379882812, 8984.327880859375, 35.0966796875, 32.7091064453125]",0.5920231342315674,1
2106,230618_4-1-1.tif,"[1766.6495056152344, 9090.185119628906, 38.808441162109375, 31.04150390625]",0.5918246507644653,1
2107,230618_4-1-1.tif,"[4276.456604003906, 6421.912414550781, 17.040985107421875, 33.08013916015625]",0.5916165709495544,1
2108,230618_4-1-1.tif,"[5967.659423828125, 4234.839416503906, 43.1739501953125, 25.053955078125]",0.5912183523178101,1
2109,230618_4-1-1.tif,"[6571.97509765625, 5058.139373779297, 17.2440185546875, 28.00494384765625]",0.5911407470703125,1
2110,230618_4-1-1.tif,"[8472.570861816406, 1493.4477233886719, 32.62481689453125, 24.6943359375]",0.5909178853034973,1
2111,230618_4-1-1.tif,"[2403.992919921875, 9352.433135986328, 40.42645263671875, 16.981201171875]",0.5905306339263916,1
2112,230618_4-1-1.tif,"[8394.839218139648, 9887.899291992188, 44.4755859375, 25.9632568359375]",0.5904208421707153,1
2113,230618_4-1-1.tif,"[9436.582931518555, 1241.7298583984375, 21.662933349609375, 29.75555419921875]",0.590237021446228,1
2114,230618_4-1-1.tif,"[683.6683349609375, 8307.928939819336, 34.40936279296875, 18.6884765625]",0.5901989936828613,1
2115,230618_4-1-1.tif,"[2954.7803955078125, 3311.8250274658203, 17.0186767578125, 36.74266052246094]",0.5897400975227356,1
2116,230618_4-1-1.tif,"[9827.838928222656, 3725.0157318115234, 39.294677734375, 37.997283935546875]",0.589258074760437,1
2117,230618_4-1-1.tif,"[6900.557037353516, 9877.313842773438, 23.0301513671875, 32.068115234375]",0.5888718366622925,1
2118,230618_4-1-1.tif,"[1865.1536254882812, 6786.351257324219, 24.1160888671875, 30.15557861328125]",0.5881584286689758,1
2119,230618_4-1-1.tif,"[5168.34521484375, 9091.148559570312, 29.7491455078125, 28.189697265625]",0.5877508521080017,1
2120,230618_4-1-1.tif,"[2007.7283325195312, 8222.158447265625, 42.2884521484375, 36.7080078125]",0.5876842737197876,1
2121,230618_4-1-1.tif,"[356.29315185546875, 2143.879165649414, 31.5960693359375, 42.974273681640625]",0.5872396230697632,1
2122,230618_4-1-1.tif,"[1418.0902099609375, 6487.825256347656, 18.224853515625, 36.8092041015625]",0.5871651768684387,1
2123,230618_4-1-1.tif,"[9703.160583496094, 1712.2809448242188, 29.20379638671875, 24.180511474609375]",0.5871462821960449,1
2124,230618_4-1-1.tif,"[1684.8094177246094, 3300.9601135253906, 30.10552978515625, 41.22381591796875]",0.5868749022483826,1
2125,230618_4-1-1.tif,"[7322.8851318359375, 8881.831298828125, 37.083465576171875, 39.8328857421875]",0.5867982506752014,1
2126,230618_4-1-1.tif,"[7026.882781982422, 3477.7280883789062, 27.770751953125, 30.0880126953125]",0.5867841839790344,1
2127,230618_4-1-1.tif,"[8342.722473144531, 4258.5616455078125, 32.8035888671875, 22.587249755859375]",0.5863183736801147,1
2128,230618_4-1-1.tif,"[8874.537658691406, 978.6375732421875, 37.368865966796875, 18.20703125]",0.5862385630607605,1
2129,230618_4-1-1.tif,"[5599.592224121094, 6284.927032470703, 20.42425537109375, 33.7615966796875]",0.5857428908348083,1
2130,230618_4-1-1.tif,"[7152.019622802734, 3495.7020874023438, 40.94291305541992, 34.117431640625]",0.585603654384613,1
2131,230618_4-1-1.tif,"[906.3786010742188, 1780.8145751953125, 32.38751220703125, 49.3709716796875]",0.5854871273040771,1
2132,230618_4-1-1.tif,"[9491.820220947266, 2319.6513061523438, 39.14691162109375, 23.1256103515625]",0.5854467749595642,1
2133,230618_4-1-1.tif,"[2006.0726013183594, 2670.8460998535156, 38.92626953125, 25.712371826171875]",0.5849997401237488,1
2134,230618_4-1-1.tif,"[661.2655334472656, 1228.7192687988281, 18.96087646484375, 40.45928955078125]",0.5849334001541138,1
2135,230618_4-1-1.tif,"[6036.736968994141, 650.0844421386719, 31.1192626953125, 34.47723388671875]",0.5845006108283997,1
2136,230618_4-1-1.tif,"[6411.4993896484375, 5272.458770751953, 31.00457763671875, 20.21673583984375]",0.5839083194732666,1
2137,230618_4-1-1.tif,"[28.700210571289062, 7003.914367675781, 42.33386993408203, 39.0557861328125]",0.583433985710144,1
2138,230618_4-1-1.tif,"[2859.3338623046875, 4322.925598144531, 27.9283447265625, 30.01531982421875]",0.5830192565917969,1
2139,230618_4-1-1.tif,"[9594.323791503906, 3510.0974731445312, 27.74554443359375, 16.011474609375]",0.5829866528511047,1
2140,230618_4-1-1.tif,"[670.7749176025391, 7752.074951171875, 32.9935302734375, 39.53857421875]",0.5826796889305115,1
2141,230618_4-1-1.tif,"[9254.646789550781, 3319.8531799316406, 36.007972717285156, 17.4761962890625]",0.5825859308242798,1
2142,230618_4-1-1.tif,"[8659.565612792969, 6611.517761230469, 27.478515625, 28.3489990234375]",0.5817817449569702,1
2143,230618_4-1-1.tif,"[1083.1029319763184, 6279.953948974609, 41.308414459228516, 23.08697509765625]",0.5815886855125427,1
2144,230618_4-1-1.tif,"[550.5857543945312, 8293.064376831055, 27.0654296875, 55.36407470703125]",0.5815714001655579,1
2145,230618_4-1-1.tif,"[9198.610229492188, 2680.703453063965, 20.42431640625, 40.97101593017578]",0.5814613699913025,1
2146,230618_4-1-1.tif,"[8215.862854003906, 1461.3401489257812, 32.14100646972656, 37.4532470703125]",0.5814555287361145,1
2147,230618_4-1-1.tif,"[3019.59228515625, 9515.416961669922, 34.961669921875, 70.04513549804688]",0.580817461013794,1
2148,230618_4-1-1.tif,"[5178.809020996094, 2761.8780670166016, 38.39048767089844, 33.569183349609375]",0.5802425146102905,1
2149,230618_4-1-1.tif,"[3308.032012939453, 5935.3619384765625, 42.6553955078125, 20.8486328125]",0.5792617797851562,1
2150,230618_4-1-1.tif,"[3461.621826171875, 5499.2559814453125, 25.541259765625, 40.29620361328125]",0.5782272219657898,1
2151,230618_4-1-1.tif,"[1617.126953125, 7456.694976806641, 22.448532104492188, 39.4859619140625]",0.5775248408317566,1
2152,230618_4-1-1.tif,"[5632.224449157715, 5967.650085449219, 13.31112003326416, 14.5697021484375]",0.5773298740386963,1
2153,230618_4-1-1.tif,"[246.439453125, 1901.8826599121094, 35.01239013671875, 37.606201171875]",0.5770168900489807,1
2154,230618_4-1-1.tif,"[4851.407897949219, 8359.554153442383, 27.83868408203125, 42.37200927734375]",0.5768173933029175,1
2155,230618_4-1-1.tif,"[8207.936279296875, 1734.5659790039062, 28.038818359375, 60.773040771484375]",0.5765925049781799,1
2156,230618_4-1-1.tif,"[8713.697937011719, 3491.5486755371094, 32.13818359375, 16.822906494140625]",0.5763393640518188,1
2157,230618_4-1-1.tif,"[5843.473663330078, 4569.6156005859375, 26.9366455078125, 26.7015380859375]",0.5759027004241943,1
2158,230618_4-1-1.tif,"[7555.120178222656, 6418.537658691406, 31.02386474609375, 42.6590576171875]",0.5754920244216919,1
2159,230618_4-1-1.tif,"[8718.005249023438, 1422.3356018066406, 19.2548828125, 40.8280029296875]",0.575391948223114,1
2160,230618_4-1-1.tif,"[5514.3006591796875, 9221.884033203125, 34.15643310546875, 18.8255615234375]",0.5751657485961914,1
2161,230618_4-1-1.tif,"[2760.5944213867188, 7639.8184814453125, 39.733642578125, 40.5753173828125]",0.5749441981315613,1
2162,230618_4-1-1.tif,"[9297.508758544922, 2588.2232513427734, 19.3291015625, 47.53192901611328]",0.574832022190094,1
2163,230618_4-1-1.tif,"[8604.63623046875, 2499.1326293945312, 35.274658203125, 39.0753173828125]",0.574583888053894,1
2164,230618_4-1-1.tif,"[1001.0142822265625, 5959.456237792969, 45.24504470825195, 31.7969970703125]",0.5744708776473999,1
2165,230618_4-1-1.tif,"[4986.279998779297, 4836.074462890625, 45.0093994140625, 32.818084716796875]",0.5743331909179688,1
2166,230618_4-1-1.tif,"[196.60989379882812, 6220.835510253906, 22.188232421875, 47.927490234375]",0.5742179155349731,1
2167,230618_4-1-1.tif,"[1780.6097717285156, 3727.2928771972656, 35.50579833984375, 25.259765625]",0.5740997791290283,1
2168,230618_4-1-1.tif,"[4846.305572509766, 5162.9401931762695, 24.649627685546875, 49.15132141113281]",0.5740016102790833,1
2169,230618_4-1-1.tif,"[2903.2559204101562, 2483.61865234375, 25.23040771484375, 42.991943359375]",0.5736900568008423,1
2170,230618_4-1-1.tif,"[7890.8974609375, 2914.7908935546875, 38.166748046875, 21.34814453125]",0.573180615901947,1
2171,230618_4-1-1.tif,"[1349.3844299316406, 7770.91682434082, 36.844970703125, 40.420867919921875]",0.5728045701980591,1
2172,230618_4-1-1.tif,"[7185.844919204712, 4187.551162719727, 37.535573959350586, 47.39820861816406]",0.5725823044776917,1
2173,230618_4-1-1.tif,"[5557.0145263671875, 981.733154296875, 36.4891357421875, 29.93890380859375]",0.5724312663078308,1
2174,230618_4-1-1.tif,"[445.35113525390625, 1773.3712158203125, 28.5269775390625, 34.4586181640625]",0.5721837282180786,1
2175,230618_4-1-1.tif,"[8016.650634765625, 2750.2296600341797, 23.3428955078125, 50.54254150390625]",0.5715265274047852,1
2176,230618_4-1-1.tif,"[950.0937805175781, 1103.9439239501953, 17.35308837890625, 41.97169494628906]",0.57114177942276,1
2177,230618_4-1-1.tif,"[8425.776580810547, 1377.3670654296875, 46.1751708984375, 22.7816162109375]",0.5709671378135681,1
2178,230618_4-1-1.tif,"[5718.1475830078125, 3683.29833984375, 40.47343444824219, 47.62028503417969]",0.5707715749740601,1
2179,230618_4-1-1.tif,"[6031.940002441406, 4683.63395690918, 32.59051513671875, 28.76336669921875]",0.5705470442771912,1
2180,230618_4-1-1.tif,"[4631.7080078125, 5323.166961669922, 36.388427734375, 41.058502197265625]",0.5699957013130188,1
2181,230618_4-1-1.tif,"[8280.663696289062, 9896.320861816406, 23.120269775390625, 44.548583984375]",0.5699816942214966,1
2182,230618_4-1-1.tif,"[607.119140625, 7645.866394042969, 24.511962890625, 44.78802490234375]",0.5699459314346313,1
2183,230618_4-1-1.tif,"[7281.025848388672, 9142.46337890625, 24.988983154296875, 24.2056884765625]",0.5696976780891418,1
2184,230618_4-1-1.tif,"[9454.09740447998, 1122.3074493408203, 21.674545288085938, 46.74873352050781]",0.5690454244613647,1
2185,230618_4-1-1.tif,"[2405.885009765625, 8129.133728027344, 37.024169921875, 40.088134765625]",0.5688186287879944,1
2186,230618_4-1-1.tif,"[8558.445556640625, 4672.5142822265625, 22.2689208984375, 29.8857421875]",0.5688005089759827,1
2187,230618_4-1-1.tif,"[6174.608863830566, 8920.73324584961, 21.624359130859375, 35.533203125]",0.5687342882156372,1
2188,230618_4-1-1.tif,"[5410.1497802734375, 8839.899993896484, 18.6383056640625, 43.63043212890625]",0.5681403875350952,1
2189,230618_4-1-1.tif,"[802.1531982421875, 1115.9830474853516, 26.6837158203125, 39.28553771972656]",0.568088948726654,1
2190,230618_4-1-1.tif,"[4772.4658203125, 5813.456695556641, 19.218597412109375, 37.534088134765625]",0.5673706531524658,1
2191,230618_4-1-1.tif,"[8399.066436767578, 4096.131092071533, 16.7099609375, 19.398624420166016]",0.5672082304954529,1
2192,230618_4-1-1.tif,"[6780.996513366699, 8442.540618896484, 36.39496612548828, 16.0380859375]",0.5671672224998474,1
2193,230618_4-1-1.tif,"[4699.400695800781, 7559.4344482421875, 19.0672607421875, 39.7481689453125]",0.5666338205337524,1
2194,230618_4-1-1.tif,"[1734.2487182617188, 4269.585906982422, 17.35882568359375, 44.06158447265625]",0.5664762258529663,1
2195,230618_4-1-1.tif,"[9617.862487792969, 2329.70556640625, 40.22296142578125, 22.209564208984375]",0.5664075016975403,1
2196,230618_4-1-1.tif,"[5640.3349609375, 4426.745544433594, 27.54931640625, 43.2198486328125]",0.5663225650787354,1
2197,230618_4-1-1.tif,"[9348.629669189453, 7738.550373077393, 44.58624267578125, 32.69735336303711]",0.5663021802902222,1
2198,230618_4-1-1.tif,"[65.98677825927734, 7103.206695556641, 19.682083129882812, 33.27081298828125]",0.5659372210502625,1
2199,230618_4-1-1.tif,"[8498.3994140625, 1874.7283630371094, 34.4346923828125, 20.28887939453125]",0.5656179189682007,1
2200,230618_4-1-1.tif,"[9716.402099609375, 2011.8114624023438, 53.0010986328125, 36.8914794921875]",0.5650498270988464,1
2201,230618_4-1-1.tif,"[9173.812561035156, 1929.0813598632812, 22.9595947265625, 44.161865234375]",0.5649394392967224,1
2202,230618_4-1-1.tif,"[6703.102294921875, 3328.0543212890625, 58.482666015625, 20.5135498046875]",0.56479412317276,1
2203,230618_4-1-1.tif,"[7729.8386154174805, 7271.84440612793, 15.709724426269531, 31.62237548828125]",0.5643277764320374,1
2204,230618_4-1-1.tif,"[8375.047912597656, 2407.5218505859375, 19.83453369140625, 34.122314453125]",0.5641528964042664,1
2205,230618_4-1-1.tif,"[466.29327392578125, 9856.536987304688, 45.48193359375, 25.83154296875]",0.5630894899368286,1
2206,230618_4-1-1.tif,"[321.9378662109375, 1548.488037109375, 40.37060546875, 27.6064453125]",0.5629518628120422,1
2207,230618_4-1-1.tif,"[7887.758850097656, 1562.0350399017334, 26.311767578125, 45.1082706451416]",0.5621798038482666,1
2208,230618_4-1-1.tif,"[9394.987854003906, 2363.1822509765625, 35.306427001953125, 29.6619873046875]",0.5619511604309082,1
2209,230618_4-1-1.tif,"[2957.3482666015625, 6726.023361206055, 22.20452880859375, 35.71380615234375]",0.5608381032943726,1
2210,230618_4-1-1.tif,"[1228.6829376220703, 7904.690612792969, 39.1856689453125, 26.4229736328125]",0.5604782104492188,1
2211,230618_4-1-1.tif,"[1805.6638488769531, 7186.448913574219, 42.2265625, 20.5621337890625]",0.5599551796913147,1
2212,230618_4-1-1.tif,"[4197.646224975586, 6796.757537841797, 33.41175842285156, 17.3018798828125]",0.5597046613693237,1
2213,230618_4-1-1.tif,"[6413.879333496094, 9275.337135314941, 23.972198486328125, 22.075096130371094]",0.5596637725830078,1
2214,230618_4-1-1.tif,"[9172.719482421875, 6177.398784637451, 20.54345703125, 19.650287628173828]",0.5594744682312012,1
2215,230618_4-1-1.tif,"[7719.4039306640625, 2757.685333251953, 23.036865234375, 33.470245361328125]",0.559420645236969,1
2216,230618_4-1-1.tif,"[3025.490478515625, 9404.808868408203, 18.960693359375, 42.697174072265625]",0.5592753291130066,1
2217,230618_4-1-1.tif,"[7499.9893798828125, 5277.626739501953, 21.4595947265625, 46.21820068359375]",0.5591473579406738,1
2218,230618_4-1-1.tif,"[2506.5352783203125, 6486.538146972656, 17.9732666015625, 32.180908203125]",0.5589886903762817,1
2219,230618_4-1-1.tif,"[7644.514221191406, 5911.489440917969, 22.85302734375, 39.9156494140625]",0.5589844584465027,1
2220,230618_4-1-1.tif,"[7770.710243225098, 1632.0433349609375, 32.97145080566406, 40.28010559082031]",0.5588793754577637,1
2221,230618_4-1-1.tif,"[1679.7575988769531, 8693.429595947266, 44.214447021484375, 40.280242919921875]",0.5588769912719727,1
2222,230618_4-1-1.tif,"[8757.306610107422, 1161.3097534179688, 15.269744873046875, 41.27447509765625]",0.5587370991706848,1
2223,230618_4-1-1.tif,"[997.6912841796875, 4590.7318115234375, 47.300933837890625, 23.125]",0.5583888292312622,1
2224,230618_4-1-1.tif,"[5825.220413208008, 4571.217803955078, 18.37615966796875, 25.05584716796875]",0.558127760887146,1
2225,230618_4-1-1.tif,"[8953.444793701172, 8053.378723144531, 26.20941162109375, 35.1031494140625]",0.5578270554542542,1
2226,230618_4-1-1.tif,"[6570.659027099609, 8734.314880371094, 37.89239501953125, 20.34349822998047]",0.5571525692939758,1
2227,230618_4-1-1.tif,"[6143.110809326172, 4936.5704345703125, 26.356475830078125, 38.6351318359375]",0.5568011999130249,1
2228,230618_4-1-1.tif,"[7069.712646484375, 3886.712921142578, 35.746826171875, 25.88006591796875]",0.5567538142204285,1
2229,230618_4-1-1.tif,"[6479.4849853515625, 4775.774185180664, 41.68896484375, 21.285552978515625]",0.5566691756248474,1
2230,230618_4-1-1.tif,"[688.4480895996094, 1963.4018249511719, 20.13226318359375, 49.916748046875]",0.556361198425293,1
2231,230618_4-1-1.tif,"[9913.235717773438, 4996.130554199219, 36.101318359375, 49.4359130859375]",0.5556132793426514,1
2232,230618_4-1-1.tif,"[2026.1551513671875, 7475.117370605469, 43.49320983886719, 33.99652099609375]",0.5555477738380432,1
2233,230618_4-1-1.tif,"[5503.2008056640625, 2418.3540649414062, 26.1851806640625, 40.8345947265625]",0.5553013682365417,1
2234,230618_4-1-1.tif,"[2084.3886108398438, 9062.444946289062, 26.935302734375, 25.2188720703125]",0.5551633238792419,1
2235,230618_4-1-1.tif,"[755.6932678222656, 1025.366153717041, 25.58428955078125, 44.573726654052734]",0.5549626350402832,1
2236,230618_4-1-1.tif,"[7237.577201843262, 3803.998260498047, 34.667388916015625, 36.16656494140625]",0.554796040058136,1
2237,230618_4-1-1.tif,"[7354.717346191406, 8732.596435546875, 54.552459716796875, 23.000518798828125]",0.5547391176223755,1
2238,230618_4-1-1.tif,"[4418.426055908203, 4384.242370605469, 37.14404296875, 42.318603515625]",0.5547380447387695,1
2239,230618_4-1-1.tif,"[1669.336181640625, 9781.262451171875, 42.39335632324219, 42.1527099609375]",0.5542798638343811,1
2240,230618_4-1-1.tif,"[6668.02197265625, 2281.1563110351562, 43.1090087890625, 26.808074951171875]",0.554258406162262,1
2241,230618_4-1-1.tif,"[5342.048736572266, 5584.563659667969, 26.6165771484375, 35.8941650390625]",0.5542159080505371,1
2242,230618_4-1-1.tif,"[7661.6041259765625, 3676.8040161132812, 13.88946533203125, 27.11297607421875]",0.5541019439697266,1
2243,230618_4-1-1.tif,"[1187.5418395996094, 8295.33203125, 27.19256591796875, 45.55952453613281]",0.5538536310195923,1
2244,230618_4-1-1.tif,"[9157.139556884766, 1831.8233032226562, 22.7176513671875, 48.5616455078125]",0.553797721862793,1
2245,230618_4-1-1.tif,"[8032.6123046875, 4486.977203369141, 19.11138916015625, 39.43115234375]",0.5534924268722534,1
2246,230618_4-1-1.tif,"[6537.9447021484375, 4094.623260498047, 37.594970703125, 33.657283782958984]",0.5534026622772217,1
2247,230618_4-1-1.tif,"[6714.470863342285, 7642.314514160156, 28.766685485839844, 25.33782958984375]",0.5530862212181091,1
2248,230618_4-1-1.tif,"[7490.538330078125, 4996.731140136719, 41.9610595703125, 20.0670166015625]",0.5530633330345154,1
2249,230618_4-1-1.tif,"[7087.798400878906, 2004.381103515625, 24.2586669921875, 38.0445556640625]",0.552610456943512,1
2250,230618_4-1-1.tif,"[2718.470474243164, 8796.431289672852, 18.6243896484375, 23.26275634765625]",0.5526057481765747,1
2251,230618_4-1-1.tif,"[9506.003234863281, 5632.20223236084, 22.8123779296875, 8.026409149169922]",0.5525014996528625,1
2252,230618_4-1-1.tif,"[6510.6353759765625, 3753.1404724121094, 30.754638671875, 30.93096923828125]",0.5522411465644836,1
2253,230618_4-1-1.tif,"[9941.950256347656, 9461.803115844727, 23.2457275390625, 29.041610717773438]",0.5520179867744446,1
2254,230618_4-1-1.tif,"[8074.369445800781, 2641.59326171875, 28.81658935546875, 48.40876770019531]",0.5517311692237854,1
2255,230618_4-1-1.tif,"[7020.7822265625, 3298.1290893554688, 34.4061279296875, 46.81201171875]",0.5516706705093384,1
2256,230618_4-1-1.tif,"[9763.059326171875, 5905.7298583984375, 24.660369873046875, 38.00665283203125]",0.5514299273490906,1
2257,230618_4-1-1.tif,"[3866.7964782714844, 8574.336517333984, 22.1536865234375, 42.04815673828125]",0.551393985748291,1
2258,230618_4-1-1.tif,"[4698.2020263671875, 5459.8543701171875, 23.61767578125, 54.1458740234375]",0.5513741374015808,1
2259,230618_4-1-1.tif,"[1044.5164489746094, 7302.840423583984, 31.539512634277344, 43.58282470703125]",0.5508900880813599,1
2260,230618_4-1-1.tif,"[9740.005859375, 8384.396438598633, 32.189544677734375, 26.730514526367188]",0.5508700013160706,1
2261,230618_4-1-1.tif,"[9687.272277832031, 3540.1522827148438, 23.081573486328125, 54.6602783203125]",0.5499465465545654,1
2262,230618_4-1-1.tif,"[8344.12548828125, 4778.307907104492, 21.3038330078125, 46.689666748046875]",0.5497691631317139,1
2263,230618_4-1-1.tif,"[7441.734802246094, 2584.4134368896484, 41.4698486328125, 43.40608215332031]",0.5494874119758606,1
2264,230618_4-1-1.tif,"[9548.17350769043, 4714.323684692383, 23.447402954101562, 36.959808349609375]",0.5492077469825745,1
2265,230618_4-1-1.tif,"[6489.96337890625, 2437.7509765625, 34.849609375, 38.32470703125]",0.5491873025894165,1
2266,230618_4-1-1.tif,"[7191.3140869140625, 2801.0494689941406, 31.626708984375, 18.43377685546875]",0.548769474029541,1
2267,230618_4-1-1.tif,"[9805.849548339844, 2445.7869262695312, 36.5255126953125, 28.3568115234375]",0.5481248497962952,1
2268,230618_4-1-1.tif,"[6069.4580078125, 4524.0172119140625, 25.80242919921875, 35.3575439453125]",0.5480648279190063,1
2269,230618_4-1-1.tif,"[5215.1187744140625, 4845.019866943359, 22.745384216308594, 41.735107421875]",0.5471004247665405,1
2270,230618_4-1-1.tif,"[7677.1962890625, 2477.2239990234375, 28.855224609375, 47.103759765625]",0.5469235777854919,1
2271,230618_4-1-1.tif,"[8430.59017944336, 6655.205749511719, 25.19140625, 16.77174663543701]",0.5467332005500793,1
2272,230618_4-1-1.tif,"[397.5614013671875, 6442.6434326171875, 49.17626953125, 32.9521484375]",0.5466670393943787,1
2273,230618_4-1-1.tif,"[4272.796905517578, 5560.087493896484, 42.9091796875, 19.864990234375]",0.5461207628250122,1
2274,230618_4-1-1.tif,"[9681.374145507812, 1793.0858154296875, 35.50579833984375, 26.0230712890625]",0.5457766652107239,1
2275,230618_4-1-1.tif,"[9266.732410430908, 2785.4358520507812, 40.33662033081055, 28.444305419921875]",0.5456259846687317,1
2276,230618_4-1-1.tif,"[169.9752197265625, 8650.118041992188, 32.585906982421875, 42.1251220703125]",0.5452268123626709,1
2277,230618_4-1-1.tif,"[1848.0867309570312, 9345.13021850586, 30.17034912109375, 36.63304138183594]",0.5447836518287659,1
2278,230618_4-1-1.tif,"[9565.871826171875, 6515.447998046875, 24.4549560546875, 20.48828125]",0.5446635484695435,1
2279,230618_4-1-1.tif,"[5601.588439941406, 5604.631408691406, 42.698486328125, 40.0853271484375]",0.5445457100868225,1
2280,230618_4-1-1.tif,"[8923.575500488281, 4964.1258544921875, 39.828338623046875, 22.106689453125]",0.5438535213470459,1
2281,230618_4-1-1.tif,"[5900.9169921875, 6537.050384521484, 17.0335693359375, 40.1431884765625]",0.5432116389274597,1
2282,230618_4-1-1.tif,"[9588.405029296875, 1697.5032348632812, 23.126495361328125, 48.36090087890625]",0.5427504181861877,1
2283,230618_4-1-1.tif,"[8413.176239013672, 9991.146728515625, 27.2088623046875, 8.791259765625]",0.5427106618881226,1
2284,230618_4-1-1.tif,"[9830.128112792969, 1317.0911254882812, 26.7796630859375, 34.72113037109375]",0.5415480732917786,1
2285,230618_4-1-1.tif,"[4524.260498046875, 6307.577255249023, 34.92291259765625, 44.90625]",0.5411654114723206,1
2286,230618_4-1-1.tif,"[798.3340454101562, 4385.06982421875, 32.55389404296875, 33.7398681640625]",0.541124701499939,1
2287,230618_4-1-1.tif,"[2153.0928955078125, 8840.936798095703, 38.96342468261719, 38.978363037109375]",0.5409938097000122,1
2288,230618_4-1-1.tif,"[6449.979919433594, 4877.940093994141, 21.996826171875, 46.39385986328125]",0.5409383177757263,1
2289,230618_4-1-1.tif,"[1026.0978927612305, 4506.0975341796875, 31.730918884277344, 47.24169921875]",0.5408908724784851,1
2290,230618_4-1-1.tif,"[9072.0361328125, 1585.4807815551758, 19.0020751953125, 38.46722412109375]",0.5401934385299683,1
2291,230618_4-1-1.tif,"[9240.921325683594, 4512.532440185547, 26.8668212890625, 16.8922119140625]",0.5401617884635925,1
2292,230618_4-1-1.tif,"[4948.149719238281, 7230.9700355529785, 22.2547607421875, 52.13936996459961]",0.5397983193397522,1
2293,230618_4-1-1.tif,"[8933.016387939453, 5983.901916503906, 22.013824462890625, 34.1309814453125]",0.53964763879776,1
2294,230618_4-1-1.tif,"[5771.9178466796875, 4888.879974365234, 43.8406982421875, 20.88018798828125]",0.539496660232544,1
2295,230618_4-1-1.tif,"[2413.19580078125, 6362.6170654296875, 38.06201171875, 43.556732177734375]",0.539233922958374,1
2296,230618_4-1-1.tif,"[7581.4727783203125, 2466.655975341797, 45.0869140625, 27.9859619140625]",0.5390998125076294,1
2297,230618_4-1-1.tif,"[5539.529724121094, 3013.4442138671875, 40.635009765625, 24.0501708984375]",0.5389649868011475,1
2298,230618_4-1-1.tif,"[401.62066650390625, 1809.9976501464844, 35.97265625, 36.62042236328125]",0.5386701822280884,1
2299,230618_4-1-1.tif,"[5292.42041015625, 4501.0084228515625, 21.93206787109375, 28.92095947265625]",0.538591742515564,1
2300,230618_4-1-1.tif,"[8547.227264404297, 7332.7171630859375, 15.14923095703125, 19.0057373046875]",0.5385855436325073,1
2301,230618_4-1-1.tif,"[1352.1771850585938, 6382.262023925781, 30.775390625, 32.00091552734375]",0.5378509759902954,1
2302,230618_4-1-1.tif,"[9374.183330535889, 4599.090972900391, 19.818927764892578, 42.2868766784668]",0.5375450849533081,1
2303,230618_4-1-1.tif,"[4403.273864746094, 4930.592834472656, 43.4893798828125, 24.587890625]",0.53748619556427,1
2304,230618_4-1-1.tif,"[5929.7222900390625, 4485.586456298828, 18.334716796875, 34.183837890625]",0.5369396805763245,1
2305,230618_4-1-1.tif,"[1048.295036315918, 7701.656627655029, 36.486480712890625, 27.712661743164062]",0.5362905263900757,1
2306,230618_4-1-1.tif,"[490.19146728515625, 2034.1046752929688, 28.6160888671875, 44.1746826171875]",0.5358681678771973,1
2307,230618_4-1-1.tif,"[2491.4541015625, 9322.346176147461, 18.16845703125, 35.5296630859375]",0.5354288816452026,1
2308,230618_4-1-1.tif,"[5504.591125488281, 1435.5469970703125, 38.06610107421875, 27.9345703125]",0.5354193449020386,1
2309,230618_4-1-1.tif,"[3950.7071838378906, 5620.404602050781, 38.13177490234375, 43.9990234375]",0.5352944135665894,1
2310,230618_4-1-1.tif,"[3696.6553268432617, 7651.306884765625, 30.93585968017578, 32.1439208984375]",0.5350573658943176,1
2311,230618_4-1-1.tif,"[4515.6116943359375, 5496.549865722656, 27.917236328125, 25.7728271484375]",0.5348886847496033,1
2312,230618_4-1-1.tif,"[4784.238464355469, 7263.806640625, 26.00994873046875, 15.3472900390625]",0.5346251130104065,1
2313,230618_4-1-1.tif,"[5219.438102722168, 2695.77001953125, 19.34784698486328, 42.24554443359375]",0.5344923138618469,1
2314,230618_4-1-1.tif,"[6651.112243652344, 9820.60580444336, 16.38836669921875, 35.831024169921875]",0.5342389941215515,1
2315,230618_4-1-1.tif,"[8819.961166381836, 208.3558349609375, 23.187896728515625, 48.626556396484375]",0.534159243106842,1
2316,230618_4-1-1.tif,"[8920.441543579102, 2119.8258666992188, 27.393707275390625, 36.87141418457031]",0.533724308013916,1
2317,230618_4-1-1.tif,"[1092.4986572265625, 4638.232490539551, 29.583740234375, 43.39397430419922]",0.5331417918205261,1
2318,230618_4-1-1.tif,"[6265.035293579102, 449.68780517578125, 31.37359619140625, 41.4989013671875]",0.532335638999939,1
2319,230618_4-1-1.tif,"[235.259033203125, 9970.873046875, 41.53045654296875, 29.12353515625]",0.5321967005729675,1
2320,230618_4-1-1.tif,"[2598.9560546875, 2929.4259643554688, 31.812210083007812, 45.87713623046875]",0.5321685075759888,1
2321,230618_4-1-1.tif,"[6901.973846435547, 4354.333312988281, 35.49627685546875, 34.8941650390625]",0.5316365957260132,1
2322,230618_4-1-1.tif,"[3225.519256591797, 5555.756530761719, 34.72747802734375, 18.73779296875]",0.5315703749656677,1
2323,230618_4-1-1.tif,"[5957.295166015625, 5418.246154785156, 20.06591796875, 42.3765869140625]",0.5308670401573181,1
2324,230618_4-1-1.tif,"[8101.849060058594, 6699.3448486328125, 38.73175048828125, 18.681640625]",0.5306482911109924,1
2325,230618_4-1-1.tif,"[9455.476509094238, 2053.4117164611816, 22.98870086669922, 50.62447738647461]",0.5302593111991882,1
2326,230618_4-1-1.tif,"[1138.4069213867188, 4906.631896972656, 22.4423828125, 50.043701171875]",0.530200719833374,1
2327,230618_4-1-1.tif,"[1563.9540309906006, 4009.224365234375, 22.023622512817383, 29.366943359375]",0.5300711393356323,1
2328,230618_4-1-1.tif,"[9291.109008789062, 3926.1206970214844, 24.679336547851562, 26.331634521484375]",0.5300529599189758,1
2329,230618_4-1-1.tif,"[4454.908538818359, 7055.412902832031, 25.54296875, 28.1844482421875]",0.5300476551055908,1
2330,230618_4-1-1.tif,"[2720.6092529296875, 3521.003173828125, 30.787200927734375, 43.06158447265625]",0.5300047397613525,1
2331,230618_4-1-1.tif,"[4093.1533203125, 5262.357482910156, 17.9564208984375, 49.2291259765625]",0.5293565392494202,1
2332,230618_4-1-1.tif,"[8360.609558105469, 8288.784713745117, 23.573944091796875, 33.88163757324219]",0.529352605342865,1
2333,230618_4-1-1.tif,"[3930.6744384765625, 5690.451816558838, 26.190460205078125, 29.13985824584961]",0.5288216471672058,1
2334,230618_4-1-1.tif,"[5850.6953125, 1625.6632843017578, 43.459564208984375, 31.957199096679688]",0.5286940932273865,1
2335,230618_4-1-1.tif,"[5311.7840576171875, 3099.278932571411, 32.5906982421875, 41.59069633483887]",0.5279597043991089,1
2336,230618_4-1-1.tif,"[3625.5198822021484, 6002.315704345703, 27.714630126953125, 25.58978271484375]",0.5277824997901917,1
2337,230618_4-1-1.tif,"[3841.717529296875, 5259.3743896484375, 19.843994140625, 43.081024169921875]",0.5275874733924866,1
2338,230618_4-1-1.tif,"[5957.9866943359375, 8820.911331176758, 33.8055419921875, 20.205764770507812]",0.5272603034973145,1
2339,230618_4-1-1.tif,"[426.5214538574219, 2087.6741943359375, 28.22186279296875, 42.4892578125]",0.5267899632453918,1
2340,230618_4-1-1.tif,"[6621.1732177734375, 3430.4588623046875, 45.2750244140625, 22.2117919921875]",0.5260255932807922,1
2341,230618_4-1-1.tif,"[3779.9532775878906, 5765.810607910156, 22.32952880859375, 45.5238037109375]",0.5260201096534729,1
2342,230618_4-1-1.tif,"[9015.929565429688, 1567.9307270050049, 18.1651611328125, 42.185041427612305]",0.5257036685943604,1
2343,230618_4-1-1.tif,"[456.5770263671875, 2197.954086303711, 31.477294921875, 40.869720458984375]",0.5255398154258728,1
2344,230618_4-1-1.tif,"[9460.575332641602, 1805.522705078125, 42.70994567871094, 33.39599609375]",0.5255295634269714,1
2345,230618_4-1-1.tif,"[4901.358154296875, 6637.4246826171875, 18.5867919921875, 36.341064453125]",0.5252675414085388,1
2346,230618_4-1-1.tif,"[8118.978363037109, 1846.9789733886719, 18.371826171875, 42.10748291015625]",0.525107204914093,1
2347,230618_4-1-1.tif,"[4390.799652099609, 7478.958923339844, 17.0916748046875, 45.2373046875]",0.5247437357902527,1
2348,230618_4-1-1.tif,"[7717.6439208984375, 8319.39567565918, 27.232666015625, 45.10612487792969]",0.5247029066085815,1
2349,230618_4-1-1.tif,"[5841.069778442383, 4155.5970458984375, 16.713470458984375, 18.902099609375]",0.5241551399230957,1
2350,230618_4-1-1.tif,"[5784.170623779297, 2639.2909545898438, 24.68603515625, 37.6138916015625]",0.5238283276557922,1
2351,230618_4-1-1.tif,"[4765.030944824219, 7761.85627746582, 37.791717529296875, 18.4884033203125]",0.5225062370300293,1
2352,230618_4-1-1.tif,"[1914.8203735351562, 9125.285125732422, 36.2772216796875, 38.56170654296875]",0.5224530100822449,1
2353,230618_4-1-1.tif,"[6117.273986816406, 8162.78173828125, 32.28369140625, 16.264892578125]",0.5222602486610413,1
2354,230618_4-1-1.tif,"[2617.9933471679688, 7493.280090332031, 23.228759765625, 43.1630859375]",0.5221036672592163,1
2355,230618_4-1-1.tif,"[2409.9552612304688, 6953.410827636719, 46.1287841796875, 24.15380859375]",0.5220320224761963,1
2356,230618_4-1-1.tif,"[9271.189533233643, 1400.0033264160156, 42.35604476928711, 18.93914794921875]",0.5219889879226685,1
2357,230618_4-1-1.tif,"[4779.606536865234, 5306.503753662109, 22.017822265625, 42.96337890625]",0.5216420292854309,1
2358,230618_4-1-1.tif,"[2750.3026123046875, 6915.673370361328, 20.75787353515625, 39.8692626953125]",0.5206714868545532,1
2359,230618_4-1-1.tif,"[1172.6612243652344, 8643.45166015625, 29.8028564453125, 29.4984130859375]",0.5205565094947815,1
2360,230618_4-1-1.tif,"[8767.915740966797, 3601.2008666992188, 52.550750732421875, 41.91552734375]",0.52045077085495,1
2361,230618_4-1-1.tif,"[8590.541046142578, 8182.792541503906, 20.3759765625, 41.1781005859375]",0.5202030539512634,1
2362,230618_4-1-1.tif,"[9934.86767578125, 3336.5020141601562, 24.862548828125, 36.9884033203125]",0.5198186635971069,1
2363,230618_4-1-1.tif,"[4947.734436035156, 5016.207946777344, 44.133056640625, 28.5478515625]",0.5191949009895325,1
2364,230618_4-1-1.tif,"[9182.690673828125, 2134.668441772461, 45.623046875, 28.25982666015625]",0.5186061263084412,1
2365,230618_4-1-1.tif,"[8654.178955078125, 3574.172607421875, 32.7239990234375, 40.45287895202637]",0.5185434222221375,1
2366,230618_4-1-1.tif,"[1116.1681518554688, 7650.487731933594, 39.70909118652344, 37.2442626953125]",0.5184011459350586,1
2367,230618_4-1-1.tif,"[5131.7791748046875, 3631.9918823242188, 42.5169677734375, 35.22618103027344]",0.5182271599769592,1
2368,230618_4-1-1.tif,"[2034.5590209960938, 9993.775024414062, 32.394287109375, 6.185791015625]",0.5180806517601013,1
2369,230618_4-1-1.tif,"[3109.0224533081055, 8857.142395019531, 28.182281494140625, 19.06060791015625]",0.5176704525947571,1
2370,230618_4-1-1.tif,"[9010.393371582031, 631.160530090332, 36.5162353515625, 38.53234100341797]",0.517435610294342,1
2371,230618_4-1-1.tif,"[7609.556976318359, 7767.6531982421875, 18.33367919921875, 30.481101989746094]",0.5164679288864136,1
2372,230618_4-1-1.tif,"[7613.457824707031, 1039.2384357452393, 26.2222900390625, 44.93769645690918]",0.5163309574127197,1
2373,230618_4-1-1.tif,"[2366.742645263672, 4217.005531311035, 27.5013427734375, 52.01250457763672]",0.515712320804596,1
2374,230618_4-1-1.tif,"[5928.872222900391, 3210.624481201172, 47.6243896484375, 28.0194091796875]",0.5157087445259094,1
2375,230618_4-1-1.tif,"[9043.457550048828, 1116.0390930175781, 22.99908447265625, 55.4808349609375]",0.5156201124191284,1
2376,230618_4-1-1.tif,"[4917.497009277344, 6209.845031738281, 18.588134765625, 30.873779296875]",0.5154252648353577,1
2377,230618_4-1-1.tif,"[1199.137466430664, 4007.9151306152344, 33.020782470703125, 42.6912841796875]",0.5150946974754333,1
2378,230618_4-1-1.tif,"[6966.288146972656, 8173.324523925781, 38.0780029296875, 24.7613525390625]",0.5144287943840027,1
2379,230618_4-1-1.tif,"[6937.243957519531, 2884.8264770507812, 21.16455078125, 40.367431640625]",0.514046311378479,1
2380,230618_4-1-1.tif,"[5010.262634277344, 3394.98193359375, 38.1912841796875, 37.963134765625]",0.5139994621276855,1
2381,230618_4-1-1.tif,"[7995.2413330078125, 2512.811004638672, 54.08673095703125, 29.17681884765625]",0.5136367678642273,1
2382,230618_4-1-1.tif,"[7475.8397216796875, 2636.5032348632812, 21.8057861328125, 45.98486328125]",0.513116180896759,1
2383,230618_4-1-1.tif,"[9699.686584472656, 9783.819915771484, 18.69793701171875, 30.01177978515625]",0.5125817656517029,1
2384,230618_4-1-1.tif,"[3461.2076416015625, 5803.915832519531, 26.1771240234375, 27.00390625]",0.5121086835861206,1
2385,230618_4-1-1.tif,"[5782.304260253906, 4998.922698974609, 20.56134033203125, 38.52783203125]",0.5115708112716675,1
2386,230618_4-1-1.tif,"[2224.3745727539062, 9596.174072265625, 23.900634765625, 33.49310302734375]",0.5114954710006714,1
2387,230618_4-1-1.tif,"[9887.3720703125, 2228.524856567383, 29.6884765625, 50.62640380859375]",0.5111002922058105,1
2388,230618_4-1-1.tif,"[7126.116851806641, 5299.112487792969, 21.90777587890625, 16.6300048828125]",0.5106972455978394,1
2389,230618_4-1-1.tif,"[8386.881408691406, 1413.3352355957031, 33.8779296875, 21.63616943359375]",0.5104169249534607,1
2390,230618_4-1-1.tif,"[2599.9435424804688, 6811.072723388672, 46.937744140625, 24.537673950195312]",0.5097575187683105,1
2391,230618_4-1-1.tif,"[8009.179138183594, 6932.455535888672, 24.12841796875, 20.96966552734375]",0.5094795823097229,1
2392,230618_4-1-1.tif,"[6706.326477050781, 4104.0828857421875, 25.893722534179688, 42.042236328125]",0.509390652179718,1
2393,230618_4-1-1.tif,"[2660.988037109375, 7744.1519775390625, 30.771087646484375, 24.382568359375]",0.5088362693786621,1
2394,230618_4-1-1.tif,"[546.6100921630859, 1868.7813720703125, 37.92864227294922, 26.2913818359375]",0.5083207488059998,1
2395,230618_4-1-1.tif,"[4608.204727172852, 9456.812072753906, 20.41911506652832, 27.71533203125]",0.5081788897514343,1
2396,230618_4-1-1.tif,"[2148.3936767578125, 3263.2980041503906, 38.03443908691406, 39.5911865234375]",0.5071284770965576,1
2397,230618_4-1-1.tif,"[3104.093017578125, 4581.849182128906, 28.590087890625, 38.97247314453125]",0.5071208477020264,1
2398,230618_4-1-1.tif,"[4688.285446166992, 6528.4649658203125, 33.423187255859375, 40.1318359375]",0.5067914128303528,1
2399,230618_4-1-1.tif,"[7281.309860229492, 9319.546783447266, 28.845260620117188, 43.2423095703125]",0.5065789818763733,1
2400,230618_4-1-1.tif,"[4765.423400878906, 6240.511962890625, 24.629348754882812, 16.80890655517578]",0.5063256025314331,1
2401,230618_4-1-1.tif,"[3888.6929321289062, 6806.7498779296875, 24.604248046875, 47.5198974609375]",0.5062447786331177,1
2402,230618_4-1-1.tif,"[8471.11801147461, 4397.5677490234375, 32.52557373046875, 50.8638916015625]",0.5061497092247009,1
2403,230618_4-1-1.tif,"[6602.130920410156, 5735.104469299316, 18.1861572265625, 23.660629272460938]",0.5058245062828064,1
2404,230618_4-1-1.tif,"[3306.1810607910156, 7825.890594482422, 34.44049072265625, 40.40496826171875]",0.5057840347290039,1
2405,230618_4-1-1.tif,"[5771.27783203125, 4107.0328369140625, 39.20660400390625, 36.28564453125]",0.5055665969848633,1
2406,230618_4-1-1.tif,"[4849.251922607422, 7011.9100341796875, 15.81585693359375, 49.1309814453125]",0.5050111413002014,1
2407,230618_4-1-1.tif,"[4562.58740234375, 6780.162239074707, 21.5399169921875, 22.42333221435547]",0.5047720670700073,1
2408,230618_4-1-1.tif,"[7124.953674316406, 521.6435890197754, 25.31903076171875, 41.17231369018555]",0.5042383074760437,1
2409,230618_4-1-1.tif,"[6061.7884521484375, 1801.4013671875, 43.6376953125, 28.32666015625]",0.5040911436080933,1
2410,230618_4-1-1.tif,"[2388.2156982421875, 6771.261779785156, 47.8963623046875, 29.38873291015625]",0.5031732320785522,1
2411,230618_4-1-1.tif,"[2372.9315185546875, 2675.4654998779297, 34.849609375, 40.695831298828125]",0.5028998851776123,1
2412,230618_4-1-1.tif,"[7855.462249755859, 8470.596557617188, 31.96405029296875, 22.9488525390625]",0.5026922225952148,1
2413,230618_4-1-1.tif,"[7238.381164550781, 8218.841552734375, 19.916091918945312, 43.470947265625]",0.5024673938751221,1
2414,230618_4-1-1.tif,"[395.78521728515625, 6815.343505859375, 21.53826904296875, 46.6400146484375]",0.5022131204605103,1
2415,230618_4-1-1.tif,"[8427.299621582031, 1895.1112060546875, 26.21466064453125, 51.07781982421875]",0.5022001266479492,1
2416,230618_4-1-1.tif,"[124.68431091308594, 1746.5906829833984, 21.70263671875, 42.63232421875]",0.5019402503967285,1
2417,230618_4-1-1.tif,"[6144.28178024292, 7740.0950927734375, 11.61890983581543, 26.699462890625]",0.5017116069793701,1
2418,230618_4-1-1.tif,"[8246.772537231445, 1316.3468017578125, 41.28611755371094, 25.74444580078125]",0.5015937089920044,1
2419,230618_4-1-1.tif,"[3463.067138671875, 7543.4754638671875, 29.921630859375, 20.5081787109375]",0.5015362501144409,1
2420,230618_4-1-1.tif,"[3708.8948135375977, 4341.162811279297, 19.27178192138672, 37.466064453125]",0.5012824535369873,1
2421,230618_4-1-1.tif,"[9979.408081054688, 4783.51530456543, 20.386474609375, 21.694854736328125]",0.5002303123474121,1
2422,230618_4-1-1.tif,"[9749.379089355469, 3406.6310424804688, 25.90069580078125, 18.58642578125]",0.500136137008667,1
2423,230618_4-1-1.tif,"[6291.507507324219, 7277.331756591797, 24.913238525390625, 35.31587219238281]",0.49997425079345703,1
2424,230618_4-1-1.tif,"[7004.159606933594, 5682.640869140625, 28.35125732421875, 42.94085693359375]",0.4994623363018036,1
2425,230618_4-1-1.tif,"[8334.948974609375, 1835.3946533203125, 30.25457763671875, 56.2696533203125]",0.4993903934955597,1
2426,230618_4-1-1.tif,"[8836.225402832031, 6801.242126464844, 28.797027587890625, 32.380615234375]",0.49910810589790344,1
2427,230618_4-1-1.tif,"[7077.865142822266, 9356.827453613281, 37.00152587890625, 18.2734375]",0.49895814061164856,1
2428,230618_4-1-1.tif,"[6353.416763305664, 8914.879699707031, 28.75616455078125, 45.356353759765625]",0.4981326758861542,1
2429,230618_4-1-1.tif,"[1008.1417236328125, 9003.472412109375, 20.0897216796875, 48.261962890625]",0.4981262683868408,1
2430,230618_4-1-1.tif,"[7330.203094482422, 2867.197021484375, 20.069854736328125, 36.3681640625]",0.497724324464798,1
2431,230618_4-1-1.tif,"[3050.0179443359375, 4777.274841308594, 27.06317138671875, 31.52325439453125]",0.4973610043525696,1
2432,230618_4-1-1.tif,"[9201.516784667969, 9274.828643798828, 26.08282470703125, 26.082550048828125]",0.49724119901657104,1
2433,230618_4-1-1.tif,"[2055.1915283203125, 8605.781311035156, 32.96630859375, 44.25616455078125]",0.49701762199401855,1
2434,230618_4-1-1.tif,"[4567.524230957031, 5595.318786621094, 47.31494140625, 27.6595458984375]",0.4970026910305023,1
2435,230618_4-1-1.tif,"[3947.1942749023438, 9786.499633789062, 15.6939697265625, 33.3140869140625]",0.49697548151016235,1
2436,230618_4-1-1.tif,"[709.7356872558594, 6045.333831787109, 44.3489990234375, 23.5810546875]",0.4968213438987732,1
2437,230618_4-1-1.tif,"[6218.918212890625, 3774.250244140625, 35.63701629638672, 62.98760986328125]",0.4951583445072174,1
2438,230618_4-1-1.tif,"[9616.928283691406, 4178.099365234375, 40.226318359375, 38.455078125]",0.49440380930900574,1
2439,230618_4-1-1.tif,"[1531.0975341796875, 3250.2058868408203, 34.34974670410156, 49.36039733886719]",0.4941830039024353,1
2440,230618_4-1-1.tif,"[6372.1048583984375, 3237.17822265625, 21.831146240234375, 43.79901123046875]",0.4937804639339447,1
2441,230618_4-1-1.tif,"[176.06784057617188, 1959.1524353027344, 39.793914794921875, 33.64013671875]",0.49352800846099854,1
2442,230618_4-1-1.tif,"[6767.749496459961, 8117.224914550781, 17.693389892578125, 41.0673828125]",0.49203914403915405,1
2443,230618_4-1-1.tif,"[5367.7325439453125, 6051.711273193359, 18.07354736328125, 46.80120849609375]",0.49195361137390137,1
2444,230618_4-1-1.tif,"[3313.264450073242, 9924.1142578125, 31.362075805664062, 38.04150390625]",0.49193739891052246,1
2445,230618_4-1-1.tif,"[1921.7311096191406, 7949.8564453125, 21.40655517578125, 44.134521484375]",0.49189165234565735,1
2446,230618_4-1-1.tif,"[7331.284362792969, 5645.915283203125, 39.29669189453125, 23.044677734375]",0.4918026030063629,1
2447,230618_4-1-1.tif,"[5543.196533203125, 8414.630340576172, 28.33154296875, 13.08380126953125]",0.49163275957107544,1
2448,230618_4-1-1.tif,"[9592.66943359375, 1592.6725387573242, 23.803314208984375, 45.89556884765625]",0.4915110766887665,1
2449,230618_4-1-1.tif,"[9732.381896972656, 4689.548583984375, 39.4085693359375, 46.38153076171875]",0.49131786823272705,1
2450,230618_4-1-1.tif,"[4910.2967529296875, 5568.928009033203, 32.723876953125, 25.02984619140625]",0.4912366271018982,1
2451,230618_4-1-1.tif,"[3275.9234924316406, 8581.503479003906, 37.993743896484375, 29.98504638671875]",0.4912129044532776,1
2452,230618_4-1-1.tif,"[7923.815185546875, 2603.7899169921875, 25.825439453125, 56.3984375]",0.4909070134162903,1
2453,230618_4-1-1.tif,"[7430.442718505859, 7045.507751464844, 21.50341796875, 28.4158935546875]",0.4908828139305115,1
2454,230618_4-1-1.tif,"[3689.4656982421875, 5832.741058349609, 30.141510009765625, 39.694488525390625]",0.49074989557266235,1
2455,230618_4-1-1.tif,"[4024.528076171875, 5109.307189941406, 37.994140625, 38.2601318359375]",0.4904210567474365,1
2456,230618_4-1-1.tif,"[9684.51547241211, 8665.791259765625, 25.088592529296875, 29.1180419921875]",0.49008679389953613,1
2457,230618_4-1-1.tif,"[6433.1756591796875, 1316.5682983398438, 24.09539794921875, 45.3189697265625]",0.48991987109184265,1
2458,230618_4-1-1.tif,"[9370.750915527344, 4369.9527587890625, 17.27484130859375, 42.474365234375]",0.48864394426345825,1
2459,230618_4-1-1.tif,"[4429.898498535156, 5016.450439453125, 29.0999755859375, 43.825439453125]",0.48862963914871216,1
2460,230618_4-1-1.tif,"[8627.079467773438, 8410.690399169922, 29.66357421875, 15.2457275390625]",0.4884466528892517,1
2461,230618_4-1-1.tif,"[5506.666442871094, 777.2899780273438, 29.7099609375, 34.9571533203125]",0.4881328046321869,1
2462,230618_4-1-1.tif,"[6206.31258392334, 5359.282485961914, 19.936500549316406, 49.28648376464844]",0.4879870116710663,1
2463,230618_4-1-1.tif,"[7199.88826751709, 2167.8238525390625, 30.724159240722656, 49.9053955078125]",0.48776933550834656,1
2464,230618_4-1-1.tif,"[8677.190490722656, 3876.694305419922, 27.51116943359375, 54.36187744140625]",0.4876464903354645,1
2465,230618_4-1-1.tif,"[3233.956558227539, 8250.110137939453, 20.061355590820312, 47.400482177734375]",0.48724043369293213,1
2466,230618_4-1-1.tif,"[7264.6553955078125, 8142.974365234375, 29.57427978515625, 22.4510498046875]",0.48706626892089844,1
2467,230618_4-1-1.tif,"[1668.1410217285156, 3421.6167602539062, 22.7039794921875, 46.5648193359375]",0.48614832758903503,1
2468,230618_4-1-1.tif,"[9002.586303710938, 777.9017944335938, 24.594970703125, 27.81524658203125]",0.4859846234321594,1
2469,230618_4-1-1.tif,"[791.047607421875, 8035.689697265625, 50.02734375, 29.751220703125]",0.48582911491394043,1
2470,230618_4-1-1.tif,"[8237.093643188477, 2052.0128173828125, 27.601821899414062, 54.1953125]",0.48543280363082886,1
2471,230618_4-1-1.tif,"[4149.284469604492, 5364.470367431641, 48.90977478027344, 23.1097412109375]",0.48498162627220154,1
2472,230618_4-1-1.tif,"[9682.689575195312, 1119.2982177734375, 24.39068603515625, 46.321197509765625]",0.48494505882263184,1
2473,230618_4-1-1.tif,"[9830.455444335938, 2810.012924194336, 25.15423583984375, 53.07276916503906]",0.4836680591106415,1
2474,230618_4-1-1.tif,"[5380.0269775390625, 6939.1827392578125, 35.4991455078125, 38.814697265625]",0.48349910974502563,1
2475,230618_4-1-1.tif,"[6418.855773925781, 2367.0093383789062, 37.4207763671875, 35.645751953125]",0.4833909571170807,1
2476,230618_4-1-1.tif,"[7121.686340332031, 4017.1776428222656, 17.5406494140625, 34.26177978515625]",0.4824957847595215,1
2477,230618_4-1-1.tif,"[9357.565307617188, 2528.5508422851562, 27.1234130859375, 50.6502685546875]",0.48236772418022156,1
2478,230618_4-1-1.tif,"[7709.780700683594, 6512.300750732422, 23.9388427734375, 16.387908935546875]",0.48216143250465393,1
2479,230618_4-1-1.tif,"[6332.913116455078, 4895.187805175781, 26.38861083984375, 45.9794921875]",0.48210611939430237,1
2480,230618_4-1-1.tif,"[9685.106872558594, 2262.9099731445312, 41.514404296875, 40.7099609375]",0.4803905189037323,1
2481,230618_4-1-1.tif,"[3935.66162109375, 4997.062744140625, 19.3623046875, 42.9974365234375]",0.48005831241607666,1
2482,230618_4-1-1.tif,"[5943.599884033203, 5224.955703735352, 47.50518798828125, 22.676986694335938]",0.47979164123535156,1
2483,230618_4-1-1.tif,"[7891.011413574219, 3623.1251220703125, 34.58160400390625, 17.16071319580078]",0.47935062646865845,1
2484,230618_4-1-1.tif,"[5220.3175048828125, 5942.922607421875, 39.408935546875, 38.36865234375]",0.4792874753475189,1
2485,230618_4-1-1.tif,"[7858.380950927734, 859.2402038574219, 33.0360107421875, 22.1834716796875]",0.47895196080207825,1
2486,230618_4-1-1.tif,"[1359.3051452636719, 1624.8340606689453, 43.17193603515625, 37.741790771484375]",0.4789296090602875,1
2487,230618_4-1-1.tif,"[8163.0682373046875, 2306.4646606445312, 34.99530029296875, 26.8702392578125]",0.4788627326488495,1
2488,230618_4-1-1.tif,"[9905.536010742188, 7731.192077636719, 20.5377197265625, 44.980224609375]",0.47877585887908936,1
2489,230618_4-1-1.tif,"[2810.877716064453, 8342.601577758789, 25.13934326171875, 34.860076904296875]",0.47864091396331787,1
2490,230618_4-1-1.tif,"[4608.381874084473, 5254.499084472656, 18.446422576904297, 15.2021484375]",0.4785417914390564,1
2491,230618_4-1-1.tif,"[8333.835357666016, 365.4749755859375, 30.419921875, 30.8699951171875]",0.477655291557312,1
2492,230618_4-1-1.tif,"[7040.969299316406, 8442.284912109375, 26.2237548828125, 65.90740966796875]",0.4773578643798828,1
2493,230618_4-1-1.tif,"[8026.723083496094, 5350.322479248047, 20.716064453125, 43.72662353515625]",0.4772496223449707,1
2494,230618_4-1-1.tif,"[249.98635864257812, 7556.499053955078, 48.02496337890625, 28.46014404296875]",0.4772147536277771,1
2495,230618_4-1-1.tif,"[9236.139343261719, 9531.497924804688, 17.3941650390625, 39.820220947265625]",0.47714635729789734,1
2496,230618_4-1-1.tif,"[5661.431198120117, 4631.142738342285, 47.35530090332031, 37.68324279785156]",0.47705069184303284,1
2497,230618_4-1-1.tif,"[9055.546813964844, 4172.44873046875, 22.42132568359375, 21.473602294921875]",0.47643527388572693,1
2498,230618_4-1-1.tif,"[6387.953704833984, 5994.5306396484375, 22.6488037109375, 41.2392578125]",0.4760817587375641,1
2499,230618_4-1-1.tif,"[5527.494873046875, 4251.486297607422, 43.98980712890625, 32.43609619140625]",0.47597736120224,1
2500,230618_4-1-1.tif,"[3606.2095527648926, 5922.313415527344, 29.8419189453125, 31.5784912109375]",0.47590526938438416,1
2501,230618_4-1-1.tif,"[7908.1085205078125, 5833.310791015625, 43.6246337890625, 17.0030517578125]",0.4756445586681366,1
2502,230618_4-1-1.tif,"[9826.6318359375, 2597.84912109375, 36.495513916015625, 42.3946533203125]",0.47523927688598633,1
2503,230618_4-1-1.tif,"[5275.044692993164, 5272.731994628906, 20.32177734375, 47.568328857421875]",0.47517815232276917,1
2504,230618_4-1-1.tif,"[8489.166381835938, 4884.521728515625, 36.0849609375, 26.86151123046875]",0.47425878047943115,1
2505,230618_4-1-1.tif,"[1762.3273620605469, 2978.730255126953, 34.72454833984375, 40.64508056640625]",0.4736776649951935,1
2506,230618_4-1-1.tif,"[9556.379531860352, 6926.799743652344, 42.18846130371094, 16.588623046875]",0.4732722043991089,1
2507,230618_4-1-1.tif,"[8399.022598266602, 5312.1741943359375, 18.410308837890625, 14.63909912109375]",0.4731975793838501,1
2508,230618_4-1-1.tif,"[4016.02734375, 5783.506271362305, 42.55206298828125, 22.111724853515625]",0.4731571078300476,1
2509,230618_4-1-1.tif,"[8398.203826904297, 6734.425369262695, 39.956329345703125, 19.224411010742188]",0.4730502665042877,1
2510,230618_4-1-1.tif,"[4707.986358642578, 5864.536102294922, 28.997406005859375, 44.202606201171875]",0.4728347659111023,1
2511,230618_4-1-1.tif,"[8811.910339355469, 5109.970031738281, 35.3531494140625, 18.367919921875]",0.4727248251438141,1
2512,230618_4-1-1.tif,"[8839.15316772461, 3566.7586975097656, 23.66912841796875, 49.608367919921875]",0.4724072813987732,1
2513,230618_4-1-1.tif,"[1214.8169555664062, 1233.8752746582031, 19.025665283203125, 51.0992431640625]",0.472358763217926,1
2514,230618_4-1-1.tif,"[9332.940826416016, 2971.6766967773438, 23.33343505859375, 44.6572265625]",0.47229641675949097,1
2515,230618_4-1-1.tif,"[2897.142822265625, 5380.797912597656, 23.475341796875, 41.62469482421875]",0.4721830189228058,1
2516,230618_4-1-1.tif,"[5749.8951416015625, 3984.3689575195312, 24.82305908203125, 44.591064453125]",0.47199705243110657,1
2517,230618_4-1-1.tif,"[7287.367210388184, 4689.669097900391, 39.41632843017578, 28.041046142578125]",0.4715172052383423,1
2518,230618_4-1-1.tif,"[7570.8560791015625, 4012.7830200195312, 18.196533203125, 41.939697265625]",0.47087347507476807,1
2519,230618_4-1-1.tif,"[536.56005859375, 1654.9696044921875, 26.998046875, 9.0303955078125]",0.47035539150238037,1
2520,230618_4-1-1.tif,"[325.13214111328125, 9615.141784667969, 34.5950927734375, 38.88592529296875]",0.47027093172073364,1
2521,230618_4-1-1.tif,"[8587.5947265625, 5470.896667480469, 22.5877685546875, 37.30029296875]",0.46933713555336,1
2522,230618_4-1-1.tif,"[7377.993804931641, 4063.8441162109375, 36.9228515625, 19.0335693359375]",0.4691755771636963,1
2523,230618_4-1-1.tif,"[9801.71273803711, 8843.931182861328, 29.632598876953125, 31.26708984375]",0.4691470265388489,1
2524,230618_4-1-1.tif,"[8684.574951171875, 1977.8401489257812, 17.8564453125, 35.23974609375]",0.4688516855239868,1
2525,230618_4-1-1.tif,"[8452.923522949219, 9840.058807373047, 16.51611328125, 19.82147216796875]",0.4687899649143219,1
2526,230618_4-1-1.tif,"[7397.833099365234, 9341.291160583496, 49.548065185546875, 31.38867950439453]",0.4687459468841553,1
2527,230618_4-1-1.tif,"[5788.272430419922, 8413.728073120117, 21.6741943359375, 33.434295654296875]",0.46829962730407715,1
2528,230618_4-1-1.tif,"[6362.8907470703125, 4541.523254394531, 43.005645751953125, 22.8184814453125]",0.46779757738113403,1
2529,230618_4-1-1.tif,"[5240.219711303711, 4671.666015625, 26.99237060546875, 54.2672119140625]",0.46770817041397095,1
2530,230618_4-1-1.tif,"[6510.585632324219, 9735.053344726562, 35.29541015625, 18.73681640625]",0.46749866008758545,1
2531,230618_4-1-1.tif,"[2302.871795654297, 7506.677307128906, 19.0584716796875, 35.0750732421875]",0.46640151739120483,1
2532,230618_4-1-1.tif,"[9005.122589111328, 147.62278747558594, 18.560302734375, 40.89251708984375]",0.4662405848503113,1
2533,230618_4-1-1.tif,"[1712.3036804199219, 9287.464096069336, 37.776702880859375, 42.09239196777344]",0.4646904170513153,1
2534,230618_4-1-1.tif,"[801.3148803710938, 8079.317626953125, 32.1324462890625, 29.572509765625]",0.4645485579967499,1
2535,230618_4-1-1.tif,"[7619.383880615234, 2426.0003662109375, 18.4246826171875, 47.240234375]",0.46370580792427063,1
2536,230618_4-1-1.tif,"[8948.911407470703, 7602.712707519531, 15.39764404296875, 33.6923828125]",0.46365246176719666,1
2537,230618_4-1-1.tif,"[8165.4066162109375, 3815.1947021484375, 17.3145751953125, 43.07611083984375]",0.4632851183414459,1
2538,230618_4-1-1.tif,"[6296.96533203125, 4204.849136352539, 38.394989013671875, 40.468902587890625]",0.4626396894454956,1
2539,230618_4-1-1.tif,"[6849.980026245117, 5717.98779296875, 26.193984985351562, 34.5556640625]",0.4624066650867462,1
2540,230618_4-1-1.tif,"[6099.346374511719, 9781.831481933594, 12.93865966796875, 40.9686279296875]",0.4614796042442322,1
2541,230618_4-1-1.tif,"[9086.586486816406, 2640.0115127563477, 32.866363525390625, 23.448692321777344]",0.46107161045074463,1
2542,230618_4-1-1.tif,"[9233.350219726562, 4099.510986328125, 24.263671875, 44.30088424682617]",0.46095162630081177,1
2543,230618_4-1-1.tif,"[7218.919410705566, 6558.507080078125, 23.258377075195312, 51.34075927734375]",0.46090731024742126,1
2544,230618_4-1-1.tif,"[9672.168762207031, 4632.926652908325, 28.4378662109375, 41.217267990112305]",0.4608009159564972,1
2545,230618_4-1-1.tif,"[5909.547119140625, 427.9501953125, 26.2474365234375, 43.544677734375]",0.46063244342803955,1
2546,230618_4-1-1.tif,"[5825.481704711914, 9745.258972167969, 14.519073486328125, 33.81646728515625]",0.46038293838500977,1
2547,230618_4-1-1.tif,"[9818.743621826172, 4442.262756347656, 18.828857421875, 45.64862060546875]",0.4598880410194397,1
2548,230618_4-1-1.tif,"[7398.6287841796875, 6491.0970458984375, 11.626312255859375, 24.5440673828125]",0.4584711492061615,1
2549,230618_4-1-1.tif,"[6839.7249755859375, 4073.31201171875, 43.094970703125, 32.73980712890625]",0.4579509496688843,1
2550,230618_4-1-1.tif,"[5185.158882141113, 3923.0139770507812, 38.56798553466797, 35.33477783203125]",0.45722219347953796,1
2551,230618_4-1-1.tif,"[7398.012725830078, 5133.838264465332, 27.71014404296875, 19.77379608154297]",0.4569857716560364,1
2552,230618_4-1-1.tif,"[7741.988658905029, 8872.915878295898, 33.94937515258789, 48.8321533203125]",0.4562617540359497,1
2553,230618_4-1-1.tif,"[8054.146667480469, 8041.133514404297, 37.8087158203125, 44.64642333984375]",0.45589983463287354,1
2554,230618_4-1-1.tif,"[6350.6741943359375, 3820.9161224365234, 27.285369873046875, 40.78797912597656]",0.45521265268325806,1
2555,230618_4-1-1.tif,"[7950.265777587891, 2967.5903930664062, 37.6650390625, 30.9942626953125]",0.45467814803123474,1
2556,230618_4-1-1.tif,"[6550.107482910156, 2601.7076416015625, 29.8336181640625, 47.9615478515625]",0.4541584551334381,1
2557,230618_4-1-1.tif,"[5317.554229736328, 8305.918029785156, 17.00347900390625, 14.08197021484375]",0.45412176847457886,1
2558,230618_4-1-1.tif,"[7659.306945800781, 2604.6507453918457, 21.98480224609375, 38.979000091552734]",0.4540567696094513,1
2559,230618_4-1-1.tif,"[7060.653869628906, 8774.099830627441, 24.9544677734375, 61.46259307861328]",0.4539431631565094,1
2560,230618_4-1-1.tif,"[4335.320526123047, 8866.023254394531, 25.23663330078125, 34.2783203125]",0.4538915157318115,1
2561,230618_4-1-1.tif,"[6491.040344238281, 8729.153930664062, 39.373291015625, 19.7216796875]",0.45377686619758606,1
2562,230618_4-1-1.tif,"[5427.525085449219, 5283.135803222656, 28.830810546875, 20.78826904296875]",0.4530532956123352,1
2563,230618_4-1-1.tif,"[8853.854034423828, 7710.024169921875, 25.807159423828125, 51.64362335205078]",0.4529280662536621,1
2564,230618_4-1-1.tif,"[1128.03125, 8738.257698059082, 40.88752746582031, 50.2088623046875]",0.4528447389602661,1
2565,230618_4-1-1.tif,"[9581.765747070312, 2720.5419006347656, 38.8179931640625, 34.4661865234375]",0.4517362713813782,1
2566,230618_4-1-1.tif,"[9288.783813476562, 1308.3794860839844, 34.786376953125, 29.25042724609375]",0.45151427388191223,1
2567,230618_4-1-1.tif,"[6102.414611816406, 8541.614074707031, 33.47271728515625, 36.1962890625]",0.4514303207397461,1
2568,230618_4-1-1.tif,"[7342.247314453125, 4250.563934326172, 24.70379638671875, 30.9176025390625]",0.45088306069374084,1
2569,230618_4-1-1.tif,"[1704.3088836669922, 8775.691101074219, 43.0517578125, 33.24375915527344]",0.44977328181266785,1
2570,230618_4-1-1.tif,"[494.8768310546875, 5955.4515380859375, 32.34716796875, 42.32763671875]",0.44945070147514343,1
2571,230618_4-1-1.tif,"[6715.7388916015625, 1804.1624145507812, 24.894424438476562, 43.729278564453125]",0.449283242225647,1
2572,230618_4-1-1.tif,"[6468.836212158203, 4727.7904052734375, 44.38116455078125, 8.202392578125]",0.44901731610298157,1
2573,230618_4-1-1.tif,"[2777.3506469726562, 8389.76286315918, 26.16729736328125, 22.404754638671875]",0.44880062341690063,1
2574,230618_4-1-1.tif,"[665.2659759521484, 9440.498580932617, 19.823822021484375, 37.552520751953125]",0.44856899976730347,1
2575,230618_4-1-1.tif,"[4222.703277587891, 5141.7841796875, 36.453887939453125, 40.86669921875]",0.44855624437332153,1
2576,230618_4-1-1.tif,"[6083.9764404296875, 4341.902114868164, 19.248779296875, 29.688949584960938]",0.4470753073692322,1
2577,230618_4-1-1.tif,"[4888.647155761719, 7352.388916015625, 26.9144287109375, 36.84527587890625]",0.44681715965270996,1
2578,230618_4-1-1.tif,"[9619.588500976562, 2389.5185546875, 24.500732421875, 47.712158203125]",0.44674843549728394,1
2579,230618_4-1-1.tif,"[2138.7396240234375, 8392.275634765625, 28.334762573242188, 37.39080810546875]",0.44663140177726746,1
2580,230618_4-1-1.tif,"[4523.948455810547, 4210.826248168945, 39.35797119140625, 32.18292236328125]",0.4455983340740204,1
2581,230618_4-1-1.tif,"[1345.1137390136719, 8371.253967285156, 29.5220947265625, 28.0311279296875]",0.44543272256851196,1
2582,230618_4-1-1.tif,"[1772.8360595703125, 6040.338073730469, 36.5391845703125, 39.75018310546875]",0.44476789236068726,1
2583,230618_4-1-1.tif,"[2121.7077026367188, 8832.433227539062, 14.04132080078125, 21.60394287109375]",0.44469380378723145,1
2584,230618_4-1-1.tif,"[9542.74526977539, 1332.9180908203125, 45.37646484375, 36.68402099609375]",0.44444289803504944,1
2585,230618_4-1-1.tif,"[2192.146240234375, 9840.098876953125, 53.706878662109375, 25.5653076171875]",0.44402673840522766,1
2586,230618_4-1-1.tif,"[306.34930419921875, 9128.528930664062, 27.496826171875, 36.706787109375]",0.44359251856803894,1
2587,230618_4-1-1.tif,"[8760.03662109375, 3687.9195556640625, 27.6722412109375, 23.676025390625]",0.44334927201271057,1
2588,230618_4-1-1.tif,"[1938.6939697265625, 8460.352661132812, 28.2598876953125, 42.209228515625]",0.44322431087493896,1
2589,230618_4-1-1.tif,"[5372.5087890625, 6529.7008056640625, 18.47003173828125, 20.8870849609375]",0.44290095567703247,1
2590,230618_4-1-1.tif,"[7847.2391357421875, 1913.6348571777344, 27.81591796875, 47.44305419921875]",0.44287604093551636,1
2591,230618_4-1-1.tif,"[6442.100769042969, 3018.101287841797, 40.6748046875, 25.51361083984375]",0.44181880354881287,1
2592,230618_4-1-1.tif,"[712.3941040039062, 5587.528137207031, 34.4136962890625, 45.4093017578125]",0.4416332542896271,1
2593,230618_4-1-1.tif,"[4485.7962646484375, 5195.196304321289, 38.4349365234375, 35.25895690917969]",0.44030827283859253,1
2594,230618_4-1-1.tif,"[8467.738342285156, 1996.142578125, 45.6351318359375, 34.9354248046875]",0.4402481019496918,1
2595,230618_4-1-1.tif,"[6867.764343261719, 1039.783260345459, 22.335601806640625, 47.51914978027344]",0.4402424693107605,1
2596,230618_4-1-1.tif,"[5583.828857421875, 5212.083358764648, 20.75360107421875, 16.144119262695312]",0.4396268129348755,1
2597,230618_4-1-1.tif,"[4999.626159667969, 5349.10107421875, 44.635986328125, 45.6011962890625]",0.4382319450378418,1
2598,230618_4-1-1.tif,"[9334.698425292969, 5345.796112060547, 21.447021484375, 41.231231689453125]",0.43782666325569153,1
2599,230618_4-1-1.tif,"[1888.6279296875, 7132.16015625, 35.720703125, 36.4342041015625]",0.43697240948677063,1
2600,230618_4-1-1.tif,"[3084.3658447265625, 5840.434265136719, 28.65185546875, 47.265869140625]",0.43684208393096924,1
2601,230618_4-1-1.tif,"[4398.562438964844, 9065.334777832031, 24.4136962890625, 17.066162109375]",0.4360637068748474,1
2602,230618_4-1-1.tif,"[9262.717575073242, 1671.7972564697266, 22.124160766601562, 16.710357666015625]",0.4359029233455658,1
2603,230618_4-1-1.tif,"[8519.412475585938, 4225.561874389648, 27.1058349609375, 25.806793212890625]",0.43574512004852295,1
2604,230618_4-1-1.tif,"[4004.7135620117188, 4678.407669067383, 29.9638671875, 40.88261413574219]",0.43574315309524536,1
2605,230618_4-1-1.tif,"[5199.106155395508, 4628.640659332275, 44.1016845703125, 34.58672332763672]",0.43519535660743713,1
2606,230618_4-1-1.tif,"[934.6715698242188, 9421.826431274414, 24.40582275390625, 43.07475280761719]",0.43479979038238525,1
2607,230618_4-1-1.tif,"[4361.603729248047, 5261.932479858398, 40.3800048828125, 47.43756103515625]",0.4342977702617645,1
2608,230618_4-1-1.tif,"[890.178466796875, 4713.284484863281, 30.78900146484375, 41.59661865234375]",0.4340135455131531,1
2609,230618_4-1-1.tif,"[1580.9988403320312, 6971.328918457031, 34.44615936279297, 51.67987060546875]",0.43392452597618103,1
2610,230618_4-1-1.tif,"[8167.2191162109375, 5431.681335449219, 22.88604736328125, 42.1839599609375]",0.4337846040725708,1
2611,230618_4-1-1.tif,"[9240.787963867188, 9408.04044342041, 23.992183685302734, 33.07151794433594]",0.43355852365493774,1
2612,230618_4-1-1.tif,"[6099.686584472656, 8487.487915039062, 28.224853515625, 33.450927734375]",0.4328393340110779,1
2613,230618_4-1-1.tif,"[1735.974853515625, 8416.200714111328, 31.932952880859375, 47.559814453125]",0.4326670169830322,1
2614,230618_4-1-1.tif,"[1688.2044677734375, 6043.255615234375, 33.107269287109375, 44.14697265625]",0.43138206005096436,1
2615,230618_4-1-1.tif,"[1963.6932983398438, 8335.134643554688, 23.4027099609375, 44.66717529296875]",0.4311736822128296,1
2616,230618_4-1-1.tif,"[1818.3068237304688, 6365.356170654297, 25.686767578125, 41.0306396484375]",0.4305301606655121,1
2617,230618_4-1-1.tif,"[8961.597595214844, 1.5008468627929688, 41.06103515625, 52.254966735839844]",0.4286572337150574,1
2618,230618_4-1-1.tif,"[4917.507354736328, 2580.1677265167236, 21.54571533203125, 34.959089279174805]",0.4284832775592804,1
2619,230618_4-1-1.tif,"[9794.329467773438, 3780.779296875, 21.765472412109375, 42.70428466796875]",0.42797163128852844,1
2620,230618_4-1-1.tif,"[3740.375946044922, 7189.654235839844, 38.25408935546875, 39.34521484375]",0.42781567573547363,1
2621,230618_4-1-1.tif,"[8077.961608886719, 1580.5397491455078, 35.322021484375, 30.296188354492188]",0.42758530378341675,1
2622,230618_4-1-1.tif,"[657.8329467773438, 9050.43960571289, 37.616973876953125, 24.39404296875]",0.4273962080478668,1
2623,230618_4-1-1.tif,"[7876.424697875977, 5968.6368408203125, 23.707244873046875, 22.9073486328125]",0.42690107226371765,1
2624,230618_4-1-1.tif,"[5592.816558837891, 9366.98892211914, 18.974365234375, 25.270721435546875]",0.4267151951789856,1
2625,230618_4-1-1.tif,"[9328.148300170898, 3750.2631225585938, 43.359310150146484, 30.877883911132812]",0.4263899326324463,1
2626,230618_4-1-1.tif,"[3057.2955932617188, 6368.582702636719, 23.276611328125, 49.752197265625]",0.42622900009155273,1
2627,230618_4-1-1.tif,"[1742.4640655517578, 7947.621643066406, 34.86297607421875, 36.138916015625]",0.4261280298233032,1
2628,230618_4-1-1.tif,"[6974.8428955078125, 4835.72314453125, 51.43890380859375, 32.785186767578125]",0.42597663402557373,1
2629,230618_4-1-1.tif,"[3396.481658935547, 6127.901824951172, 37.995849609375, 48.730865478515625]",0.4259451925754547,1
2630,230618_4-1-1.tif,"[2340.0608520507812, 9076.191345214844, 26.0091552734375, 35.03271484375]",0.42505115270614624,1
2631,230618_4-1-1.tif,"[5395.500305175781, 4596.648254394531, 30.525634765625, 38.34265899658203]",0.4245258867740631,1
2632,230618_4-1-1.tif,"[2728.409698486328, 7015.764556884766, 36.3917236328125, 38.27886962890625]",0.4236108958721161,1
2633,230618_4-1-1.tif,"[9781.992980957031, 5053.566986083984, 31.4569091796875, 37.458160400390625]",0.42323175072669983,1
2634,230618_4-1-1.tif,"[1788.208251953125, 5189.2813720703125, 38.61102294921875, 38.59228515625]",0.42303457856178284,1
2635,230618_4-1-1.tif,"[3232.216506958008, 8918.794387817383, 16.667999267578125, 21.623687744140625]",0.4222065806388855,1
2636,230618_4-1-1.tif,"[8787.8564453125, 1070.1767578125, 162.662109375, 182.391845703125]",0.4218181371688843,1
2637,230618_4-1-1.tif,"[8217.980346679688, 4833.960906982422, 28.157184600830078, 25.64984130859375]",0.4200446605682373,1
2638,230618_4-1-1.tif,"[2937.662872314453, 5139.864948272705, 25.8521728515625, 27.507774353027344]",0.4198679029941559,1
2639,230618_4-1-1.tif,"[6549.856262207031, 3388.938720703125, 23.2791748046875, 40.27911376953125]",0.4192308485507965,1
2640,230618_4-1-1.tif,"[5438.685729980469, 5383.332580566406, 21.660888671875, 31.774658203125]",0.41884082555770874,1
2641,230618_4-1-1.tif,"[815.9925842285156, 1352.5706787109375, 30.6593017578125, 34.3260498046875]",0.4188050925731659,1
2642,230618_4-1-1.tif,"[7895.414245605469, 1954.503173828125, 37.088470458984375, 27.308837890625]",0.4186142683029175,1
2643,230618_4-1-1.tif,"[9991.904113769531, 592.13720703125, 7.99212646484375, 45.09014129638672]",0.4179192781448364,1
2644,230618_4-1-1.tif,"[8205.260009765625, 3401.4335021972656, 40.640625, 24.09259033203125]",0.4168609380722046,1
2645,230618_4-1-1.tif,"[5480.0511474609375, 4473.110290527344, 41.95068359375, 27.042724609375]",0.4167032539844513,1
2646,230618_4-1-1.tif,"[6245.794860839844, 8648.698303222656, 14.560577392578125, 30.278564453125]",0.4165611267089844,1
2647,230618_4-1-1.tif,"[9796.130920410156, 4846.028625488281, 34.498809814453125, 46.83203125]",0.4165191054344177,1
2648,230618_4-1-1.tif,"[8956.945495605469, 3628.1246337890625, 18.660888671875, 19.56884765625]",0.41600459814071655,1
2649,230618_4-1-1.tif,"[0.0, 8188.671966552734, 21.69734764099121, 26.413848876953125]",0.4151526987552643,1
2650,230618_4-1-1.tif,"[6997.7745361328125, 6782.988670349121, 24.9249267578125, 20.90253448486328]",0.41483819484710693,1
2651,230618_4-1-1.tif,"[6355.430236816406, 1406.03662109375, 23.16522216796875, 28.8304443359375]",0.4136464595794678,1
2652,230618_4-1-1.tif,"[2827.4508666992188, 3651.8358764648438, 34.4210205078125, 40.64459228515625]",0.41346627473831177,1
2653,230618_4-1-1.tif,"[1350.2745056152344, 1455.2200927734375, 34.6583251953125, 45.3258056640625]",0.4130750000476837,1
2654,230618_4-1-1.tif,"[7999.063232421875, 2384.9390869140625, 20.0440673828125, 27.82373046875]",0.4127505421638489,1
2655,230618_4-1-1.tif,"[6744.431213378906, 5068.532653808594, 25.904266357421875, 30.230712890625]",0.4123850166797638,1
2656,230618_4-1-1.tif,"[5522.825469970703, 8488.612915039062, 22.11590576171875, 44.66790771484375]",0.4122568964958191,1
2657,230618_4-1-1.tif,"[4103.9361572265625, 7536.589294433594, 34.888427734375, 34.7772216796875]",0.41221165657043457,1
2658,230618_4-1-1.tif,"[1559.8493041992188, 9711.30810546875, 40.9603271484375, 44.1046142578125]",0.41216790676116943,1
2659,230618_4-1-1.tif,"[7619.794250488281, 5242.53955078125, 48.2586669921875, 5.453857421875]",0.4120490252971649,1
2660,230618_4-1-1.tif,"[7632.9365234375, 9169.328430175781, 24.7049560546875, 26.171875]",0.41203680634498596,1
2661,230618_4-1-1.tif,"[2764.701446533203, 9058.945526123047, 20.745391845703125, 35.34552001953125]",0.4118025302886963,1
2662,230618_4-1-1.tif,"[7516.014221191406, 4202.340667724609, 22.2154541015625, 31.096954345703125]",0.4113367795944214,1
2663,230618_4-1-1.tif,"[7129.552429199219, 2527.666748046875, 20.4222412109375, 43.087158203125]",0.411153107881546,1
2664,230618_4-1-1.tif,"[6485.278289794922, 4437.103271484375, 15.43353271484375, 32.1942138671875]",0.4110821485519409,1
2665,230618_4-1-1.tif,"[3029.7921142578125, 6602.0289306640625, 29.9661865234375, 29.8023681640625]",0.40988683700561523,1
2666,230618_4-1-1.tif,"[1115.9993743896484, 9175.983795166016, 17.038665771484375, 37.696533203125]",0.4098448157310486,1
2667,230618_4-1-1.tif,"[6470.528228759766, 3956.210479736328, 33.679931640625, 34.26202392578125]",0.40978968143463135,1
2668,230618_4-1-1.tif,"[6268.832122802734, 1580.6093673706055, 34.4053955078125, 47.29766845703125]",0.409395694732666,1
2669,230618_4-1-1.tif,"[9114.601623535156, 1686.8747100830078, 39.1317138671875, 22.1016845703125]",0.409151166677475,1
2670,230618_4-1-1.tif,"[3393.8502197265625, 5683.31640625, 30.9119873046875, 39.756103515625]",0.40908312797546387,1
2671,230618_4-1-1.tif,"[7017.382751464844, 9055.873901367188, 21.399658203125, 27.3203125]",0.4085482954978943,1
2672,230618_4-1-1.tif,"[7546.018005371094, 2855.887451171875, 40.157958984375, 43.3330078125]",0.4081456661224365,1
2673,230618_4-1-1.tif,"[8224.719772338867, 9286.978790283203, 20.877761840820312, 43.429046630859375]",0.40787672996520996,1
2674,230618_4-1-1.tif,"[6920.14111328125, 3471.079559326172, 35.30859375, 43.55419921875]",0.40737441182136536,1
2675,230618_4-1-1.tif,"[7351.336700439453, 7209.6591796875, 22.201568603515625, 31.828125]",0.40717512369155884,1
2676,230618_4-1-1.tif,"[9942.7568359375, 9747.38818359375, 39.707763671875, 17.8175048828125]",0.4071645140647888,1
2677,230618_4-1-1.tif,"[9853.905822753906, 4638.674169540405, 39.27703857421875, 24.393091201782227]",0.40616655349731445,1
2678,230618_4-1-1.tif,"[3481.8997802734375, 8096.4112548828125, 40.4312744140625, 49.4766845703125]",0.40467584133148193,1
2679,230618_4-1-1.tif,"[4205.806381225586, 7042.00244140625, 29.866729736328125, 17.5103759765625]",0.40369242429733276,1
2680,230618_4-1-1.tif,"[7167.40380859375, 8325.878051757812, 16.514892578125, 37.33403015136719]",0.4034724831581116,1
2681,230618_4-1-1.tif,"[1126.2471160888672, 7801.916458129883, 29.784332275390625, 45.497283935546875]",0.4034479558467865,1
2682,230618_4-1-1.tif,"[9500.905960083008, 9434.129516601562, 25.495651245117188, 29.46331787109375]",0.4033382534980774,1
2683,230618_4-1-1.tif,"[790.8074340820312, 6006.5626220703125, 24.205078125, 22.281005859375]",0.40251803398132324,1
2684,230618_4-1-1.tif,"[2931.8311157226562, 8022.031066894531, 39.010009765625, 39.6485595703125]",0.40177950263023376,1
2685,230618_4-1-1.tif,"[7563.7779541015625, 2016.013427734375, 39.65325927734375, 16.716064453125]",0.40156930685043335,1
2686,230618_4-1-1.tif,"[7500.545074462891, 5640.5599365234375, 19.2669677734375, 36.7589111328125]",0.4007618725299835,1
2687,230618_4-1-1.tif,"[8339.337036132812, 1701.413330078125, 29.09442138671875, 36.8043212890625]",0.40022799372673035,1
2688,230618_4-1-1.tif,"[998.6805419921875, 1803.1080627441406, 22.8577880859375, 45.10040283203125]",0.3998934328556061,1
2689,230618_4-1-1.tif,"[8636.499084472656, 1094.3180541992188, 34.0958251953125, 43.656005859375]",0.3987117409706116,1
2690,230618_4-1-1.tif,"[4790.405334472656, 9533.033081054688, 23.7691650390625, 39.9775390625]",0.3985998034477234,1
2691,230618_4-1-1.tif,"[7396.492080688477, 8475.941467285156, 20.2576904296875, 26.33795166015625]",0.39710405468940735,1
2692,230618_4-1-1.tif,"[5499.883331298828, 2217.0206909179688, 15.1370849609375, 25.1328125]",0.39630064368247986,1
2693,230618_4-1-1.tif,"[985.7604370117188, 9489.397567749023, 38.1805419921875, 39.05574035644531]",0.3957180678844452,1
2694,230618_4-1-1.tif,"[9038.804595947266, 989.4985961914062, 31.2392578125, 38.23883056640625]",0.39551353454589844,1
2695,230618_4-1-1.tif,"[9323.601440429688, 5238.606338500977, 36.706390380859375, 17.175582885742188]",0.39376169443130493,1
2696,230618_4-1-1.tif,"[6807.671203613281, 3391.2789916992188, 33.923583984375, 45.3890380859375]",0.39364469051361084,1
2697,230618_4-1-1.tif,"[2688.230484008789, 9244.716125488281, 23.369400024414062, 32.14599609375]",0.39330562949180603,1
2698,230618_4-1-1.tif,"[6125.92578125, 9711.906616210938, 23.0684814453125, 35.44830322265625]",0.3928830921649933,1
2699,230618_4-1-1.tif,"[8351.057708740234, 630.3644409179688, 27.78558349609375, 9.547607421875]",0.39255014061927795,1
2700,230618_4-1-1.tif,"[9200.197296142578, 7376.920196533203, 15.019775390625, 14.374664306640625]",0.3912791907787323,1
2701,230618_4-1-1.tif,"[5499.212158203125, 4791.018157958984, 25.39471435546875, 45.497955322265625]",0.39083999395370483,1
2702,230618_4-1-1.tif,"[5003.790344238281, 6182.358642578125, 16.19573974609375, 32.4622802734375]",0.38889384269714355,1
2703,230618_4-1-1.tif,"[6924.040557861328, 4087.0423889160156, 26.06146240234375, 39.75848388671875]",0.3884374499320984,1
2704,230618_4-1-1.tif,"[5120.249656677246, 4422.206359863281, 24.737388610839844, 44.4893798828125]",0.3883076608181,1
2705,230618_4-1-1.tif,"[1111.9756469726562, 1370.1481323242188, 25.39111328125, 43.591064453125]",0.3879646360874176,1
2706,230618_4-1-1.tif,"[5965.254211425781, 6145.64794921875, 20.3734130859375, 25.8896484375]",0.38634419441223145,1
2707,230618_4-1-1.tif,"[3988.5904235839844, 6346.675537109375, 29.81707763671875, 31.842071533203125]",0.3861664831638336,1
2708,230618_4-1-1.tif,"[6430.82421875, 5474.065368652344, 37.998046875, 27.83148193359375]",0.3857666254043579,1
2709,230618_4-1-1.tif,"[3882.9839477539062, 5693.5426025390625, 29.2379150390625, 40.947998046875]",0.38451912999153137,1
2710,230618_4-1-1.tif,"[4250.905029296875, 5682.1832275390625, 26.315582275390625, 39.367431640625]",0.38408011198043823,1
2711,230618_4-1-1.tif,"[1262.7218170166016, 8447.118560791016, 40.55674743652344, 45.8511962890625]",0.38339588046073914,1
2712,230618_4-1-1.tif,"[1988.544921875, 8106.889343261719, 39.9522705078125, 37.982421875]",0.3832640051841736,1
2713,230618_4-1-1.tif,"[2748.643524169922, 6691.083099365234, 39.497802734375, 38.23101043701172]",0.38312116265296936,1
2714,230618_4-1-1.tif,"[8752.870361328125, 3780.8551025390625, 34.2476806640625, 14.77886962890625]",0.3830915689468384,1
2715,230618_4-1-1.tif,"[137.97830200195312, 7083.1109619140625, 34.460235595703125, 24.486572265625]",0.3823290467262268,1
2716,230618_4-1-1.tif,"[9992.709106445312, 5810.703811645508, 7.2607421875, 39.489105224609375]",0.3819240927696228,1
2717,230618_4-1-1.tif,"[8003.861999511719, 5274.361953735352, 42.224609375, 31.358978271484375]",0.3817024827003479,1
2718,230618_4-1-1.tif,"[3417.6211547851562, 7496.933776855469, 24.7161865234375, 26.9327392578125]",0.3813813328742981,1
2719,230618_4-1-1.tif,"[1775.9683227539062, 9269.920352935791, 41.882659912109375, 38.89815902709961]",0.3812251687049866,1
2720,230618_4-1-1.tif,"[2407.8849487304688, 9220.688842773438, 49.878662109375, 23.12811279296875]",0.38092240691185,1
2721,230618_4-1-1.tif,"[7122.3204345703125, 2099.465492248535, 25.2459716796875, 38.052268981933594]",0.3804974853992462,1
2722,230618_4-1-1.tif,"[6262.9897384643555, 6281.130187988281, 36.14411163330078, 34.813690185546875]",0.38023966550827026,1
2723,230618_4-1-1.tif,"[5935.724304199219, 6456.837982177734, 18.5870361328125, 36.0335693359375]",0.38007110357284546,1
2724,230618_4-1-1.tif,"[9737.541534423828, 3460.6231689453125, 25.3709716796875, 41.12664794921875]",0.3796451687812805,1
2725,230618_4-1-1.tif,"[5541.8583984375, 4109.730628967285, 21.316162109375, 49.499229431152344]",0.3791372776031494,1
2726,230618_4-1-1.tif,"[7193.979982376099, 5353.086242675781, 26.264524459838867, 37.186431884765625]",0.37799596786499023,1
2727,230618_4-1-1.tif,"[3259.5157470703125, 8432.804016113281, 31.935546875, 17.8916015625]",0.37728339433670044,1
2728,230618_4-1-1.tif,"[2847.987274169922, 8142.164306640625, 34.162841796875, 38.043212890625]",0.37671154737472534,1
2729,230618_4-1-1.tif,"[7930.372970581055, 7695.3169021606445, 30.697402954101562, 32.782554626464844]",0.3756594955921173,1
2730,230618_4-1-1.tif,"[4475.257781982422, 6522.918518066406, 29.9647216796875, 42.1065673828125]",0.3751484155654907,1
2731,230618_4-1-1.tif,"[5575.33544921875, 6362.134384155273, 17.53662109375, 16.297027587890625]",0.37481775879859924,1
2732,230618_4-1-1.tif,"[2502.5787353515625, 8536.211486816406, 15.3160400390625, 17.5521240234375]",0.3744601309299469,1
2733,230618_4-1-1.tif,"[9682.531494140625, 1285.1981811523438, 26.6431884765625, 58.39727783203125]",0.37226495146751404,1
2734,230618_4-1-1.tif,"[3878.7118530273438, 7829.787353515625, 28.88916015625, 35.7646484375]",0.37164735794067383,1
2735,230618_4-1-1.tif,"[9000.149963378906, 2604.9452209472656, 28.67388916015625, 24.945602416992188]",0.37143048644065857,1
2736,230618_4-1-1.tif,"[8479.96533203125, 6422.0093994140625, 23.355224609375, 17.328369140625]",0.36991769075393677,1
2737,230618_4-1-1.tif,"[6906.480712890625, 8432.023040771484, 31.747314453125, 20.50567626953125]",0.3687264025211334,1
2738,230618_4-1-1.tif,"[8387.318374633789, 9525.10140991211, 24.474395751953125, 28.531219482421875]",0.3685792088508606,1
2739,230618_4-1-1.tif,"[5163.690032958984, 9931.550048828125, 19.06121063232422, 17.46087646484375]",0.3685365319252014,1
2740,230618_4-1-1.tif,"[8532.875549316406, 7188.649841308594, 18.674957275390625, 38.43431091308594]",0.3679780960083008,1
2741,230618_4-1-1.tif,"[2047.7262573242188, 9460.271392822266, 34.047607421875, 39.41493225097656]",0.36750099062919617,1
2742,230618_4-1-1.tif,"[8307.401245117188, 7366.969390869141, 27.396514892578125, 16.9332275390625]",0.36603984236717224,1
2743,230618_4-1-1.tif,"[5945.9925537109375, 4126.2409381866455, 31.8416748046875, 43.38653373718262]",0.366036057472229,1
2744,230618_4-1-1.tif,"[8634.730224609375, 9873.374389648438, 30.40966796875, 34.0684814453125]",0.3659060597419739,1
2745,230618_4-1-1.tif,"[9335.161422729492, 4597.01171875, 23.603652954101562, 41.67985916137695]",0.3651924431324005,1
2746,230618_4-1-1.tif,"[6748.9898681640625, 1477.9001159667969, 22.8919677734375, 43.419219970703125]",0.3645603358745575,1
2747,230618_4-1-1.tif,"[1641.6849060058594, 7859.315612792969, 28.152847290039062, 30.0582275390625]",0.3642084002494812,1
2748,230618_4-1-1.tif,"[2046.9694213867188, 8350.855041503906, 31.559123992919922, 41.68768310546875]",0.3636018633842468,1
2749,230618_4-1-1.tif,"[2703.790313720703, 7368.0457763671875, 29.12689208984375, 47.208740234375]",0.3627469539642334,1
2750,230618_4-1-1.tif,"[9109.40982055664, 5492.157470703125, 34.89019775390625, 20.5611572265625]",0.3626655042171478,1
2751,230618_4-1-1.tif,"[7831.453674316406, 7787.412033081055, 42.26165771484375, 20.752609252929688]",0.36264094710350037,1
2752,230618_4-1-1.tif,"[1165.3610534667969, 8530.64486694336, 35.22491455078125, 40.79022216796875]",0.3619835376739502,1
2753,230618_4-1-1.tif,"[8101.5899658203125, 2301.619125366211, 39.0128173828125, 43.64295959472656]",0.3618747591972351,1
2754,230618_4-1-1.tif,"[9369.726669311523, 7565.472015380859, 23.027679443359375, 21.99176025390625]",0.36173346638679504,1
2755,230618_4-1-1.tif,"[1284.1857604980469, 6741.851226806641, 34.93731689453125, 38.347564697265625]",0.3617073893547058,1
2756,230618_4-1-1.tif,"[7030.2896728515625, 4169.995559692383, 33.61669921875, 21.0631103515625]",0.3608061373233795,1
2757,230618_4-1-1.tif,"[7358.398681640625, 3947.1220703125, 28.25482177734375, 36.4337158203125]",0.36012205481529236,1
2758,230618_4-1-1.tif,"[9784.102294921875, 5415.057067871094, 30.64013671875, 35.06787109375]",0.35978272557258606,1
2759,230618_4-1-1.tif,"[8176.5736083984375, 2368.912841796875, 32.90576171875, 29.888427734375]",0.3584315776824951,1
2760,230618_4-1-1.tif,"[8522.303527832031, 6467.9835205078125, 19.1212158203125, 29.4749755859375]",0.358112096786499,1
2761,230618_4-1-1.tif,"[7395.583251953125, 3960.5899658203125, 21.418487548828125, 48.7449951171875]",0.35808709263801575,1
2762,230618_4-1-1.tif,"[2857.2860107421875, 6117.368408203125, 38.0970458984375, 43.11260986328125]",0.3579520583152771,1
2763,230618_4-1-1.tif,"[9929.528625488281, 5731.5672607421875, 20.6124267578125, 36.56072998046875]",0.35774707794189453,1
2764,230618_4-1-1.tif,"[6656.607162475586, 7793.524139404297, 29.859086990356445, 19.052490234375]",0.35769033432006836,1
2765,230618_4-1-1.tif,"[7408.864227294922, 1785.108169555664, 40.88824462890625, 20.652206420898438]",0.357662171125412,1
2766,230618_4-1-1.tif,"[8996.270141601562, 4339.657867431641, 35.0791015625, 19.98431396484375]",0.35691168904304504,1
2767,230618_4-1-1.tif,"[7869.128692626953, 4765.144744873047, 19.387939453125, 35.47308349609375]",0.3567380905151367,1
2768,230618_4-1-1.tif,"[3461.5076599121094, 8710.567203521729, 30.24249267578125, 17.951580047607422]",0.3563773036003113,1
2769,230618_4-1-1.tif,"[7984.493560791016, 9334.828918457031, 36.905120849609375, 21.4752197265625]",0.3561801314353943,1
2770,230618_4-1-1.tif,"[5079.630645751953, 6258.971984863281, 24.919677734375, 48.00433349609375]",0.35418444871902466,1
2771,230618_4-1-1.tif,"[9324.160079956055, 3636.781665802002, 20.595687866210938, 42.32790756225586]",0.3531856834888458,1
2772,230618_4-1-1.tif,"[1964.9288635253906, 7724.6383056640625, 29.0281982421875, 17.7066650390625]",0.35219961404800415,1
2773,230618_4-1-1.tif,"[6499.226257324219, 4308.4967041015625, 38.970703125, 26.7047119140625]",0.3519864082336426,1
2774,230618_4-1-1.tif,"[7949.982971191406, 3211.854248046875, 16.51312255859375, 33.058746337890625]",0.35143736004829407,1
2775,230618_4-1-1.tif,"[9268.129028320312, 9689.411071777344, 18.218505859375, 35.86700439453125]",0.3510763943195343,1
2776,230618_4-1-1.tif,"[2210.185546875, 9865.655639648438, 46.26605224609375, 24.1116943359375]",0.35096776485443115,1
2777,230618_4-1-1.tif,"[8938.845703125, 2263.0309448242188, 30.334747314453125, 21.466064453125]",0.35074251890182495,1
2778,230618_4-1-1.tif,"[7564.775695800781, 4814.522064208984, 33.9508056640625, 23.9581298828125]",0.350441038608551,1
2779,230618_4-1-1.tif,"[8738.710815429688, 4889.509796142578, 36.419921875, 18.856109619140625]",0.3504183292388916,1
2780,230618_4-1-1.tif,"[9776.994750976562, 4391.659362792969, 16.8121337890625, 18.182861328125]",0.34920668601989746,1
2781,230618_4-1-1.tif,"[1289.3684692382812, 9979.951538085938, 19.0517578125, 20.0484619140625]",0.3474389612674713,1
2782,230618_4-1-1.tif,"[5485.673645019531, 6291.3870849609375, 15.6588134765625, 16.18408203125]",0.3466643989086151,1
2783,230618_4-1-1.tif,"[8238.707763671875, 6996.437927246094, 18.794837951660156, 44.155731201171875]",0.34665077924728394,1
2784,230618_4-1-1.tif,"[8549.306457519531, 1705.7470092773438, 26.8167724609375, 37.40069580078125]",0.3458464443683624,1
2785,230618_4-1-1.tif,"[7027.109680175781, 9006.462280273438, 25.134765625, 25.02093505859375]",0.3456910252571106,1
2786,230618_4-1-1.tif,"[2282.067413330078, 9742.040405273438, 26.85369873046875, 42.970703125]",0.34530141949653625,1
2787,230618_4-1-1.tif,"[7710.1236782073975, 9799.349975585938, 34.37229347229004, 20.5185546875]",0.34515440464019775,1
2788,230618_4-1-1.tif,"[9859.343444824219, 3653.2686920166016, 20.00408935546875, 31.278549194335938]",0.3449341356754303,1
2789,230618_4-1-1.tif,"[8587.985626220703, 3771.407424926758, 29.7789306640625, 30.283233642578125]",0.34477031230926514,1
2790,230618_4-1-1.tif,"[7285.9766845703125, 4520.49462890625, 29.209869384765625, 24.6265869140625]",0.34467023611068726,1
2791,230618_4-1-1.tif,"[5120.0, 6586.1944580078125, 27.062700271606445, 24.90185546875]",0.34418055415153503,1
2792,230618_4-1-1.tif,"[8192.332134246826, 2534.7604370117188, 12.759681701660156, 17.0843505859375]",0.342984676361084,1
2793,230618_4-1-1.tif,"[4096.013092041016, 6151.9464111328125, 18.87277603149414, 36.64306640625]",0.34290388226509094,1
2794,230618_4-1-1.tif,"[2243.4400634765625, 7651.5216064453125, 30.95355224609375, 40.2774658203125]",0.3405582010746002,1
2795,230618_4-1-1.tif,"[4813.5592041015625, 8103.3092041015625, 20.46710205078125, 35.5880126953125]",0.33950892090797424,1
2796,230618_4-1-1.tif,"[6739.57600402832, 6534.745452880859, 16.808502197265625, 31.84954833984375]",0.3389088809490204,1
2797,230618_4-1-1.tif,"[832.3941040039062, 9972.965393066406, 25.989990234375, 26.7103271484375]",0.3378033936023712,1
2798,230618_4-1-1.tif,"[2808.744873046875, 7136.291687011719, 17.166259765625, 25.744873046875]",0.33758771419525146,1
2799,230618_4-1-1.tif,"[5752.4674072265625, 4763.579284667969, 7.5325927734375, 29.588104248046875]",0.33630529046058655,1
2800,230618_4-1-1.tif,"[2582.0106678009033, 3887.3235778808594, 20.932065963745117, 35.919586181640625]",0.3350242078304291,1
2801,230618_4-1-1.tif,"[767.1411437988281, 9071.818359375, 32.59295654296875, 30.6593017578125]",0.33377766609191895,1
2802,230618_4-1-1.tif,"[9931.385620117188, 1376.7108764648438, 26.421875, 46.193603515625]",0.33339765667915344,1
2803,230618_4-1-1.tif,"[7046.725341796875, 9941.473754882812, 22.6591796875, 21.803955078125]",0.3332105278968811,1
2804,230618_4-1-1.tif,"[6053.541259765625, 8650.503540039062, 23.5845947265625, 36.59600830078125]",0.3309442400932312,1
2805,230618_4-1-1.tif,"[5332.311553955078, 8710.370540618896, 22.086944580078125, 36.20261764526367]",0.3308921754360199,1
2806,230618_4-1-1.tif,"[8028.623962402344, 8840.780303955078, 18.07745361328125, 42.78900146484375]",0.3301551938056946,1
2807,230618_4-1-1.tif,"[1757.083984375, 4222.113922119141, 15.52056884765625, 18.07989501953125]",0.32996267080307007,1
2808,230618_4-1-1.tif,"[7093.768493652344, 7957.705047607422, 19.2208251953125, 17.83978271484375]",0.32965707778930664,1
2809,230618_4-1-1.tif,"[4905.853057861328, 5887.8406982421875, 17.6683349609375, 17.73040771484375]",0.32941415905952454,1
2810,230618_4-1-1.tif,"[2808.6844482421875, 9557.133972167969, 16.6710205078125, 32.43621826171875]",0.3292160630226135,1
2811,230618_4-1-1.tif,"[9971.557006835938, 1376.2322692871094, 28.1326904296875, 46.07611083984375]",0.3288157880306244,1
2812,230618_4-1-1.tif,"[5646.448490142822, 3600.3348999023438, 24.22586441040039, 43.605674743652344]",0.3263202905654907,1
2813,230618_4-1-1.tif,"[776.6231994628906, 7409.039825439453, 54.155029296875, 29.767181396484375]",0.32582035660743713,1
2814,230618_4-1-1.tif,"[8867.04296875, 7374.189117431641, 33.62164306640625, 41.47613525390625]",0.32573938369750977,1
2815,230618_4-1-1.tif,"[6866.584548950195, 6715.433841705322, 18.89703369140625, 44.27383041381836]",0.325348436832428,1
2816,230618_4-1-1.tif,"[6112.49853515625, 4827.271514892578, 31.1083984375, 45.185028076171875]",0.32301753759384155,1
2817,230618_4-1-1.tif,"[2760.679443359375, 5466.5628662109375, 35.97320556640625, 24.294677734375]",0.3228551149368286,1
2818,230618_4-1-1.tif,"[6097.500213623047, 6262.125648498535, 26.80926513671875, 24.28838348388672]",0.32176291942596436,1
2819,230618_4-1-1.tif,"[9650.240203857422, 5653.938831329346, 9.138763427734375, 25.764244079589844]",0.32127103209495544,1
2820,230618_4-1-1.tif,"[9987.360656738281, 4301.251495361328, 12.49560546875, 27.38958740234375]",0.31854248046875,1
2821,230618_4-1-1.tif,"[2265.8916931152344, 2962.325927734375, 30.962677001953125, 52.087890625]",0.31843435764312744,1
2822,230618_4-1-1.tif,"[9991.486450195312, 6568.099639892578, 8.4879150390625, 14.52557373046875]",0.3165743350982666,1
2823,230618_4-1-1.tif,"[7950.860290527344, 3682.339111328125, 30.875579833984375, 25.952911376953125]",0.31516367197036743,1
2824,230618_4-1-1.tif,"[4466.900817871094, 5959.594421386719, 27.9114990234375, 45.47186279296875]",0.31485500931739807,1
2825,230618_4-1-1.tif,"[342.269287109375, 2458.511749267578, 26.1092529296875, 47.19384765625]",0.31376659870147705,1
2826,230618_4-1-1.tif,"[8248.007690429688, 5791.185852050781, 13.569580078125, 14.8270263671875]",0.3134312629699707,1
2827,230618_4-1-1.tif,"[5552.949401855469, 5237.263732910156, 30.4700927734375, 10.73626708984375]",0.3131609559059143,1
2828,230618_4-1-1.tif,"[9216.165840148926, 4096.1065311431885, 22.468276977539062, 24.822221755981445]",0.3123622238636017,1
2829,230618_4-1-1.tif,"[3.905010223388672, 2167.0484008789062, 33.00883483886719, 8.8712158203125]",0.3105344772338867,1
2830,230618_4-1-1.tif,"[8300.576232910156, 5012.5941162109375, 35.313568115234375, 28.998779296875]",0.3094734251499176,1
2831,230618_4-1-1.tif,"[7292.762908935547, 8705.04349899292, 20.552520751953125, 37.04873275756836]",0.3089747428894043,1
2832,230618_4-1-1.tif,"[5761.278778076172, 5478.5672607421875, 27.042724609375, 35.737060546875]",0.30813249945640564,1
2833,230618_4-1-1.tif,"[9978.019348144531, 8324.449829101562, 19.4869384765625, 36.1109619140625]",0.30792394280433655,1
2834,230618_4-1-1.tif,"[8361.362548828125, 5499.802429199219, 45.22406005859375, 24.42535400390625]",0.3071010410785675,1
2835,230618_4-1-1.tif,"[8624.037719726562, 6338.876159667969, 34.3951416015625, 44.2294921875]",0.30377233028411865,1
2836,230618_4-1-1.tif,"[7369.177062988281, 7156.61279296875, 27.36370849609375, 16.17645263671875]",0.3037654757499695,1
2837,230618_4-1-1.tif,"[3403.9652709960938, 6406.260681152344, 14.2999267578125, 11.6123046875]",0.30258485674858093,1
2838,230618_4-1-1.tif,"[1085.1087646484375, 8417.122924804688, 29.2225341796875, 20.77520751953125]",0.30144357681274414,1
2839,230618_4-1-1.tif,"[8060.5810546875, 5918.284210205078, 18.654541015625, 17.3897705078125]",0.30108481645584106,1
2840,230618_4-1-1.tif,"[5495.01708984375, 7782.892486572266, 37.40869140625, 23.168731689453125]",0.3000282645225525,1
2841,230618_4-1-1.tif,"[5632.047685623169, 6916.055603027344, 26.755428314208984, 22.3240966796875]",0.29956772923469543,1
2842,230618_4-1-1.tif,"[6576.643737792969, 3981.476806640625, 25.9219970703125, 27.376220703125]",0.29935216903686523,1
2843,230618_4-1-1.tif,"[5789.385650634766, 4948.555572509766, 31.098876953125, 18.173828125]",0.2981652617454529,1
2844,230618_4-1-1.tif,"[4673.09912109375, 9873.33837890625, 17.328857421875, 14.80859375]",0.2977011799812317,1
2845,230618_4-1-1.tif,"[9825.074096679688, 6480.4306640625, 19.67822265625, 40.3837890625]",0.2973593473434448,1
2846,230618_4-1-1.tif,"[7400.689971923828, 9427.89291381836, 20.432281494140625, 17.085235595703125]",0.29410815238952637,1
2847,230618_4-1-1.tif,"[9617.015747070312, 8320.130081176758, 29.43328857421875, 27.119094848632812]",0.2939998507499695,1
2848,230618_4-1-1.tif,"[6658.6097412109375, 1873.801513671875, 40.88525390625, 32.284423828125]",0.2925380766391754,1
2849,230618_4-1-1.tif,"[5632.089971542358, 1040.3994140625, 5.671211242675781, 22.981895446777344]",0.2913546562194824,1
2850,230618_4-1-1.tif,"[2927.3087463378906, 9990.622741699219, 20.1661376953125, 9.37725830078125]",0.28834906220436096,1
2851,230618_4-1-1.tif,"[7345.915252685547, 6700.330047607422, 24.566314697265625, 36.250518798828125]",0.2854011356830597,1
2852,230618_4-1-1.tif,"[332.87115478515625, 1802.8699340820312, 19.4124755859375, 45.981689453125]",0.2836139500141144,1
2853,230618_4-1-1.tif,"[6248.834411621094, 1270.6368103027344, 18.9970703125, 26.00531005859375]",0.28359660506248474,1
2854,230618_4-1-1.tif,"[3455.071044921875, 8865.497253417969, 38.26885986328125, 16.232666015625]",0.282018780708313,1
2855,230618_4-1-1.tif,"[8877.21354675293, 3117.2944107055664, 21.762725830078125, 19.58942413330078]",0.2807793915271759,1
2856,230618_4-1-1.tif,"[8359.356094360352, 8872.84146118164, 19.762939453125, 27.1549072265625]",0.28031864762306213,1
2857,230618_4-1-1.tif,"[5664.3394775390625, 7827.319808959961, 15.337158203125, 19.202178955078125]",0.2797491252422333,1
2858,230618_4-1-1.tif,"[1553.07080078125, 9235.770587921143, 17.279296875, 16.98946762084961]",0.279540091753006,1
2859,230618_4-1-1.tif,"[6656.290691375732, 6241.094223022461, 10.809057235717773, 21.308517456054688]",0.2792244553565979,1
2860,230618_4-1-1.tif,"[7935.3988037109375, 1444.557861328125, 22.53515625, 40.76849365234375]",0.27855777740478516,1
2861,230618_4-1-1.tif,"[7680.126882553101, 1775.4714660644531, 8.634443283081055, 37.03521728515625]",0.27769923210144043,1
2862,230618_4-1-1.tif,"[5612.536315917969, 4958.065979003906, 32.226806640625, 52.4417724609375]",0.2766661047935486,1
2863,230618_4-1-1.tif,"[3237.822463989258, 7502.3333740234375, 31.065521240234375, 36.2640380859375]",0.27634158730506897,1
2864,230618_4-1-1.tif,"[9465.199829101562, 2038.9317932128906, 23.0760498046875, 44.774627685546875]",0.27492910623550415,1
2865,230618_4-1-1.tif,"[2492.6929321289062, 4316.593597412109, 14.520263671875, 17.41455078125]",0.2742981016635895,1
2866,230618_4-1-1.tif,"[5120.0, 3794.5263671875, 6.305891990661621, 45.69085693359375]",0.2727084457874298,1
2867,230618_4-1-1.tif,"[8192.123785972595, 4274.32258605957, 6.694470405578613, 22.312103271484375]",0.2720610797405243,1
2868,230618_4-1-1.tif,"[8748.318908691406, 3292.854507446289, 29.626220703125, 18.13616943359375]",0.271976500749588,1
2869,230618_4-1-1.tif,"[5377.7744140625, 9962.363098144531, 28.76220703125, 17.288818359375]",0.2718454599380493,1
2870,230618_4-1-1.tif,"[6229.244346618652, 3933.1649475097656, 32.983985900878906, 43.256683349609375]",0.27161163091659546,1
2871,230618_4-1-1.tif,"[7232.265731811523, 2391.385498046875, 16.920135498046875, 20.759521484375]",0.27021324634552,1
2872,230618_4-1-1.tif,"[4535.138854980469, 9643.604125976562, 11.0836181640625, 17.9075927734375]",0.26934728026390076,1
2873,230618_4-1-1.tif,"[9902.223510742188, 5720.617752075195, 17.034423828125, 16.264236450195312]",0.2693370580673218,1
2874,230618_4-1-1.tif,"[6767.71736907959, 2686.4373779296875, 33.73303985595703, 38.307708740234375]",0.26790401339530945,1
2875,230618_4-1-1.tif,"[7003.200622558594, 9224.522785186768, 38.60205078125, 28.913414001464844]",0.2674941122531891,1
2876,230618_4-1-1.tif,"[7941.390563964844, 5291.077911376953, 30.328857421875, 21.53826904296875]",0.2658346891403198,1
2877,230618_4-1-1.tif,"[6837.234268188477, 4178.122421264648, 19.31317138671875, 30.178802490234375]",0.26552897691726685,1
2878,230618_4-1-1.tif,"[293.63299560546875, 4964.066314697266, 44.4859619140625, 15.6197509765625]",0.2635349929332733,1
2879,230618_4-1-1.tif,"[6571.384216308594, 7124.0645751953125, 35.5992431640625, 20.3162841796875]",0.263254851102829,1
2880,230618_4-1-1.tif,"[7077.409423828125, 5028.494140625, 36.3787841796875, 17.963134765625]",0.26221001148223877,1
2881,230618_4-1-1.tif,"[2234.899871826172, 9338.254516601562, 28.75091552734375, 5.7412109375]",0.26189666986465454,1
2882,230618_4-1-1.tif,"[5088.8919677734375, 6606.528869628906, 31.7000732421875, 38.6844482421875]",0.261480450630188,1
2883,230618_4-1-1.tif,"[6617.2569580078125, 9065.113189697266, 23.4036865234375, 25.5438232421875]",0.260283499956131,1
2884,230618_4-1-1.tif,"[9076.822937011719, 5805.217559814453, 17.726318359375, 25.33203125]",0.2600109279155731,1
2885,230618_4-1-1.tif,"[7129.428405761719, 9120.873809814453, 15.262939453125, 34.4486083984375]",0.2593398094177246,1
2886,230618_4-1-1.tif,"[7276.4676513671875, 3400.2423095703125, 19.482177734375, 22.8392333984375]",0.25732022523880005,1
2887,230618_4-1-1.tif,"[3020.334930419922, 5918.903564453125, 48.3092041015625, 38.73046875]",0.2572935223579407,1
2888,230618_4-1-1.tif,"[7938.3343505859375, 7004.518981933594, 18.97418212890625, 35.1180419921875]",0.25557392835617065,1
2889,230618_4-1-1.tif,"[750.4395599365234, 5751.7886962890625, 39.17616271972656, 23.36383056640625]",0.253031849861145,1
2890,230618_4-1-1.tif,"[6168.006523132324, 5181.0291748046875, 15.126598358154297, 12.7454833984375]",0.25199833512306213,1
2891,230618_4-1-1.tif,"[4277.080459594727, 7312.229309082031, 40.462066650390625, 25.302734375]",0.2505546510219574,1
2892,230618_4-1-1.tif,"[6402.1356201171875, 812.8504638671875, 20.71502685546875, 35.5977783203125]",0.2502760887145996,1
2893,230618_4-1-0.tif,"[6059.674774169922, 6666.698974609375, 77.72076416015625, 82.6378173828125]",0.7476245760917664,0
2894,230618_4-1-0.tif,"[8316.84359741211, 4009.2844848632812, 63.03936767578125, 53.31671142578125]",0.6967618465423584,0
2895,230618_4-1-0.tif,"[7463.744689941406, 5912.563659667969, 106.5582275390625, 94.7796630859375]",0.68639075756073,0
2896,230618_4-1-0.tif,"[8141.595458984375, 8868.241943359375, 48.97869873046875, 79.02789306640625]",0.6834889650344849,0
2897,230618_4-1-0.tif,"[9108.257781982422, 1381.0960998535156, 89.89569091796875, 49.19647216796875]",0.6785916686058044,0
2898,230618_4-1-0.tif,"[5273.7591552734375, 9363.737777709961, 88.23422241210938, 54.22569274902344]",0.6771760582923889,0
2899,230618_4-1-0.tif,"[8688.570129394531, 3157.138496398926, 53.45361328125, 108.5141830444336]",0.6754176616668701,0
2900,230618_4-1-0.tif,"[9886.682373046875, 8600.470764160156, 90.2161865234375, 57.20166015625]",0.6752408146858215,0
2901,230618_4-1-0.tif,"[6357.015563964844, 5605.408447265625, 82.49575805664062, 73.36441040039062]",0.6600980758666992,0
2902,230618_4-1-0.tif,"[7244.492980957031, 2085.3522300720215, 58.70729064941406, 90.14996719360352]",0.6533032059669495,0
2903,230618_4-1-0.tif,"[133.30386352539062, 4095.531036376953, 87.54058837890625, 43.809783935546875]",0.6408060193061829,0
2904,230618_4-1-0.tif,"[107.06423950195312, 3201.220748901367, 88.15496826171875, 68.67251586914062]",0.6406695246696472,0
2905,230618_4-1-0.tif,"[9266.925910949707, 2448.4209594726562, 50.76133728027344, 96.8487548828125]",0.6236147284507751,0
2906,230618_4-1-0.tif,"[7595.218444824219, 2290.2013397216797, 101.2200927734375, 52.34352111816406]",0.6175660490989685,0
2907,230618_4-1-0.tif,"[8400.685852050781, 8192.243530273438, 60.3067626953125, 137.99253845214844]",0.6041603684425354,0
2908,230618_4-1-0.tif,"[7289.438201904297, 5832.679840087891, 81.12603759765625, 74.56845092773438]",0.5932369828224182,0
2909,230618_4-1-0.tif,"[8573.656799316406, 1890.0725708007812, 52.86944580078125, 102.8221435546875]",0.5757415294647217,0
2910,230618_4-1-0.tif,"[7847.532196044922, 3586.528251647949, 69.42227172851562, 48.48292541503906]",0.40475648641586304,0
2911,230618_4-1-0.tif,"[7937.3812255859375, 6348.519668579102, 31.0906982421875, 25.894073486328125]",0.8132922649383545,1
2912,230618_4-1-0.tif,"[6833.055358886719, 6107.163757324219, 21.148040771484375, 37.17529296875]",0.7985171675682068,1
2913,230618_4-1-0.tif,"[9192.151306152344, 3235.3313903808594, 17.1258544921875, 34.189544677734375]",0.7984631657600403,1
2914,230618_4-1-0.tif,"[1388.6422119140625, 3898.0607299804688, 18.3988037109375, 37.6978759765625]",0.7960456609725952,1
2915,230618_4-1-0.tif,"[8645.567626953125, 9856.81802368164, 23.1727294921875, 35.960174560546875]",0.7923425436019897,1
2916,230618_4-1-0.tif,"[8445.454711914062, 5311.700546264648, 17.56658935546875, 39.24462890625]",0.791489839553833,1
2917,230618_4-1-0.tif,"[7691.969678878784, 4787.015335083008, 16.37261962890625, 36.41131591796875]",0.7902171611785889,1
2918,230618_4-1-0.tif,"[7017.645324707031, 8113.4178466796875, 40.078857421875, 18.88885498046875]",0.7881430387496948,1
2919,230618_4-1-0.tif,"[6883.991668701172, 4805.294036865234, 19.548095703125, 41.0433349609375]",0.786911129951477,1
2920,230618_4-1-0.tif,"[6277.996276855469, 7866.486099243164, 44.60536193847656, 24.4117431640625]",0.7851744890213013,1
2921,230618_4-1-0.tif,"[8545.014953613281, 9960.790954589844, 36.8731689453125, 17.5184326171875]",0.784398078918457,1
2922,230618_4-1-0.tif,"[8636.683135986328, 5432.370208740234, 36.451904296875, 18.50018310546875]",0.7841825485229492,1
2923,230618_4-1-0.tif,"[7355.099990844727, 6165.158702850342, 34.3162841796875, 20.872772216796875]",0.7802317142486572,1
2924,230618_4-1-0.tif,"[7039.8048095703125, 5153.145751953125, 33.3062744140625, 18.410400390625]",0.7791330218315125,1
2925,230618_4-1-0.tif,"[8388.140182495117, 4997.1632080078125, 20.13836669921875, 30.5216064453125]",0.7788869142532349,1
2926,230618_4-1-0.tif,"[8825.726318359375, 1874.3466186523438, 18.139556884765625, 41.27197265625]",0.7750750780105591,1
2927,230618_4-1-0.tif,"[6710.807067871094, 4987.993865966797, 17.0228271484375, 39.76629638671875]",0.7748059630393982,1
2928,230618_4-1-0.tif,"[8592.843872070312, 2610.04744720459, 19.966064453125, 35.343605041503906]",0.7712353467941284,1
2929,230618_4-1-0.tif,"[5445.675476074219, 8612.274780273438, 37.37188720703125, 46.6888427734375]",0.771125853061676,1
2930,230618_4-1-0.tif,"[7126.576721191406, 4634.696739196777, 34.99761962890625, 18.114967346191406]",0.7707496285438538,1
2931,230618_4-1-0.tif,"[8774.384002685547, 2029.4069519042969, 21.089813232421875, 41.02389144897461]",0.7694960832595825,1
2932,230618_4-1-0.tif,"[6166.7928466796875, 8572.615142822266, 37.6798095703125, 20.030731201171875]",0.7671952247619629,1
2933,230618_4-1-0.tif,"[7796.4876708984375, 4887.664245605469, 19.677215576171875, 34.8839111328125]",0.7669532299041748,1
2934,230618_4-1-0.tif,"[7965.607666015625, 5214.015380859375, 32.5218505859375, 25.1256103515625]",0.7665355801582336,1
2935,230618_4-1-0.tif,"[6752.1884765625, 5039.931243896484, 17.820388793945312, 35.992034912109375]",0.7664933800697327,1
2936,230618_4-1-0.tif,"[1086.189453125, 4349.2208251953125, 21.60205078125, 39.89422607421875]",0.7661644816398621,1
2937,230618_4-1-0.tif,"[8594.291442871094, 5393.902679443359, 39.84173583984375, 22.15802001953125]",0.764851987361908,1
2938,230618_4-1-0.tif,"[8074.866149902344, 4983.355987548828, 18.5013427734375, 33.1815185546875]",0.7643530368804932,1
2939,230618_4-1-0.tif,"[7122.6910400390625, 6984.600982666016, 17.073486328125, 37.849853515625]",0.7641581296920776,1
2940,230618_4-1-0.tif,"[9411.96662902832, 7983.915069580078, 39.92662048339844, 40.760162353515625]",0.7636557817459106,1
2941,230618_4-1-0.tif,"[9061.315704345703, 4804.121612548828, 46.64715576171875, 35.70855712890625]",0.7622111439704895,1
2942,230618_4-1-0.tif,"[7828.5274658203125, 7512.818145751953, 20.22735595703125, 30.8485107421875]",0.7609543800354004,1
2943,230618_4-1-0.tif,"[7706.136068344116, 5350.9234619140625, 36.251115798950195, 19.38006591796875]",0.7540339231491089,1
2944,230618_4-1-0.tif,"[6642.73486328125, 8220.995361328125, 20.78395652770996, 34.8056640625]",0.7538514137268066,1
2945,230618_4-1-0.tif,"[9663.417541503906, 9867.106262207031, 27.4970703125, 32.83270263671875]",0.7513867616653442,1
2946,230618_4-1-0.tif,"[6909.68701171875, 5117.829345703125, 20.6710205078125, 34.1015739440918]",0.7511967420578003,1
2947,230618_4-1-0.tif,"[6373.397155761719, 6537.797790527344, 19.60205078125, 33.065185546875]",0.751101016998291,1
2948,230618_4-1-0.tif,"[6014.4896240234375, 7346.321746826172, 18.35107421875, 33.28948974609375]",0.7469304800033569,1
2949,230618_4-1-0.tif,"[9585.428100585938, 4629.5048828125, 43.105712890625, 37.44384765625]",0.7449423670768738,1
2950,230618_4-1-0.tif,"[8251.952621459961, 4727.7799072265625, 26.864120483398438, 28.3759765625]",0.7425436973571777,1
2951,230618_4-1-0.tif,"[7917.857330322266, 9929.946899414062, 26.489715576171875, 42.5015869140625]",0.7413762807846069,1
2952,230618_4-1-0.tif,"[7718.758544921875, 5423.9755859375, 17.663352966308594, 31.7138671875]",0.7406156063079834,1
2953,230618_4-1-0.tif,"[7666.435791015625, 5126.094570159912, 27.662540435791016, 42.35540771484375]",0.7390339970588684,1
2954,230618_4-1-0.tif,"[8879.850982666016, 1723.8786315917969, 19.679901123046875, 43.9361572265625]",0.7384213805198669,1
2955,230618_4-1-0.tif,"[7628.905670166016, 5793.420471191406, 26.04803466796875, 40.28302001953125]",0.7382251620292664,1
2956,230618_4-1-0.tif,"[6088.070861816406, 7804.24015045166, 31.51019287109375, 41.46923065185547]",0.7381994724273682,1
2957,230618_4-1-0.tif,"[7695.7393798828125, 4326.177459716797, 16.52734375, 38.87799072265625]",0.7351929545402527,1
2958,230618_4-1-0.tif,"[7629.3863525390625, 5367.126235961914, 38.6925048828125, 19.295883178710938]",0.734414279460907,1
2959,230618_4-1-0.tif,"[6297.661865234375, 7765.292907714844, 35.762847900390625, 44.36131286621094]",0.7338016629219055,1
2960,230618_4-1-0.tif,"[8003.301849365234, 7160.049652099609, 22.23919677734375, 39.44906234741211]",0.7301968336105347,1
2961,230618_4-1-0.tif,"[6354.627624511719, 7642.971496582031, 25.493896484375, 48.99090576171875]",0.7275499701499939,1
2962,230618_4-1-0.tif,"[9247.12451171875, 3097.5922470092773, 16.766704559326172, 38.21360778808594]",0.7274941802024841,1
2963,230618_4-1-0.tif,"[7720.955173492432, 5014.662048339844, 19.61831283569336, 32.33697509765625]",0.7214023470878601,1
2964,230618_4-1-0.tif,"[9754.029541015625, 3956.6239624023438, 35.91278076171875, 43.31439208984375]",0.719781756401062,1
2965,230618_4-1-0.tif,"[9487.133819580078, 3302.8635864257812, 30.95904541015625, 27.181640625]",0.7183977365493774,1
2966,230618_4-1-0.tif,"[5599.2215576171875, 8275.446716308594, 41.6986083984375, 36.19488525390625]",0.7138491868972778,1
2967,230618_4-1-0.tif,"[7599.3731689453125, 5624.412628173828, 21.8856201171875, 31.56686019897461]",0.7127996683120728,1
2968,230618_4-1-0.tif,"[9463.971450805664, 9183.854614257812, 27.1922607421875, 39.35791015625]",0.7115399837493896,1
2969,230618_4-1-0.tif,"[7514.651092529297, 4490.82861328125, 18.79913330078125, 36.77490234375]",0.70823734998703,1
2970,230618_4-1-0.tif,"[7839.913223266602, 8341.802520751953, 39.217987060546875, 21.80194091796875]",0.7065536975860596,1
2971,230618_4-1-0.tif,"[9205.589904785156, 5404.627746582031, 39.154541015625, 34.35748291015625]",0.6970203518867493,1
2972,230618_4-1-0.tif,"[7904.034637451172, 7155.92333984375, 27.553466796875, 35.827064514160156]",0.6939969062805176,1
2973,230618_4-1-0.tif,"[8825.452178955078, 2146.1844177246094, 35.999664306640625, 39.03460693359375]",0.6923329830169678,1
2974,230618_4-1-0.tif,"[8751.372680664062, 5467.8330078125, 31.63134765625, 41.344970703125]",0.6923124194145203,1
2975,230618_4-1-0.tif,"[688.9491577148438, 4719.198303222656, 36.06292724609375, 29.701568603515625]",0.6860193014144897,1
2976,230618_4-1-0.tif,"[6331.628173828125, 6876.11474609375, 26.89013671875, 42.71807861328125]",0.6855041980743408,1
2977,230618_4-1-0.tif,"[6543.737884521484, 8290.731323242188, 23.460693359375, 55.955841064453125]",0.685024619102478,1
2978,230618_4-1-0.tif,"[6221.2677001953125, 7741.80078125, 27.742431640625, 50.19580078125]",0.6843451261520386,1
2979,230618_4-1-0.tif,"[6459.047119140625, 8012.136016845703, 19.806640625, 37.07568359375]",0.6843000650405884,1
2980,230618_4-1-0.tif,"[6743.932510375977, 6999.6136474609375, 38.82884216308594, 22.4715576171875]",0.6813117265701294,1
2981,230618_4-1-0.tif,"[6380.4544677734375, 7274.36393737793, 40.309326171875, 35.094482421875]",0.6793378591537476,1
2982,230618_4-1-0.tif,"[8920.530456542969, 9397.44839477539, 48.118133544921875, 22.2288818359375]",0.6736608147621155,1
2983,230618_4-1-0.tif,"[6055.781829833984, 8367.041809082031, 26.74200439453125, 48.04034423828125]",0.6722511053085327,1
2984,230618_4-1-0.tif,"[6398.741943359375, 8170.917907714844, 43.18341064453125, 43.38462448120117]",0.6686077117919922,1
2985,230618_4-1-0.tif,"[6585.966369628906, 7144.3392333984375, 32.7445068359375, 48.13427734375]",0.6674869656562805,1
2986,230618_4-1-0.tif,"[6246.525451660156, 7411.294906616211, 23.5592041015625, 47.19667053222656]",0.6663572788238525,1
2987,230618_4-1-0.tif,"[9603.984680175781, 3275.4238891601562, 42.132080078125, 41.530792236328125]",0.6626768708229065,1
2988,230618_4-1-0.tif,"[9924.2744140625, 8486.986083984375, 19.65234375, 41.92205810546875]",0.6597702503204346,1
2989,230618_4-1-0.tif,"[8143.234924316406, 6530.2938232421875, 19.32342529296875, 40.3543701171875]",0.6596283316612244,1
2990,230618_4-1-0.tif,"[6343.587585449219, 8036.455993652344, 17.1839599609375, 31.494384765625]",0.6591016054153442,1
2991,230618_4-1-0.tif,"[9535.228393554688, 6216.432632446289, 41.20867919921875, 51.5162353515625]",0.6585496664047241,1
2992,230618_4-1-0.tif,"[6186.1649169921875, 8197.883666992188, 38.572265625, 28.905029296875]",0.6571286916732788,1
2993,230618_4-1-0.tif,"[9787.071655273438, 3162.3815307617188, 22.70574951171875, 48.39897155761719]",0.6544776558876038,1
2994,230618_4-1-0.tif,"[7612.155303955078, 4259.6224365234375, 34.81781005859375, 31.98907470703125]",0.6544037461280823,1
2995,230618_4-1-0.tif,"[6209.979316711426, 7593.2603759765625, 32.37004852294922, 20.8411865234375]",0.6541799902915955,1
2996,230618_4-1-0.tif,"[6350.5538330078125, 7959.898620605469, 27.22119140625, 47.2467041015625]",0.6492040753364563,1
2997,230618_4-1-0.tif,"[7753.200256347656, 4388.071594238281, 17.24951171875, 43.3756103515625]",0.6489344835281372,1
2998,230618_4-1-0.tif,"[5961.0616455078125, 8608.79833984375, 32.824951171875, 47.699951171875]",0.6488710641860962,1
2999,230618_4-1-0.tif,"[7116.256530761719, 5945.524017333984, 11.91595458984375, 24.970947265625]",0.6474171280860901,1
3000,230618_4-1-0.tif,"[6615.800476074219, 7003.5477294921875, 28.8756103515625, 39.73486328125]",0.6465685367584229,1
3001,230618_4-1-0.tif,"[8636.257385253906, 5190.2197265625, 17.6943359375, 37.259521484375]",0.6456059813499451,1
3002,230618_4-1-0.tif,"[6037.120513916016, 7492.1832275390625, 19.11065673828125, 40.28759765625]",0.6454338431358337,1
3003,230618_4-1-0.tif,"[5860.785705566406, 8024.273223876953, 22.05511474609375, 42.34271240234375]",0.6443464159965515,1
3004,230618_4-1-0.tif,"[6160.62060546875, 7512.797302246094, 23.435546875, 45.2681884765625]",0.6435906291007996,1
3005,230618_4-1-0.tif,"[9225.067687988281, 9842.590393066406, 32.96091842651367, 42.076416015625]",0.6425976157188416,1
3006,230618_4-1-0.tif,"[9297.080688476562, 9822.661102294922, 22.735107421875, 48.508270263671875]",0.6403604745864868,1
3007,230618_4-1-0.tif,"[5708.4947509765625, 8204.29248046875, 27.2427978515625, 38.58098220825195]",0.6398718953132629,1
3008,230618_4-1-0.tif,"[7266.4102783203125, 5176.40869140625, 37.32879638671875, 41.11328125]",0.6381054520606995,1
3009,230618_4-1-0.tif,"[7755.9757080078125, 5265.479797363281, 20.106689453125, 46.0997314453125]",0.6378605961799622,1
3010,230618_4-1-0.tif,"[5781.278045654297, 8510.412902832031, 19.24322509765625, 45.1968994140625]",0.6373880505561829,1
3011,230618_4-1-0.tif,"[5969.577209472656, 8006.069061279297, 44.255859375, 20.9027099609375]",0.6369398236274719,1
3012,230618_4-1-0.tif,"[8667.520263671875, 5257.615539550781, 18.1802978515625, 39.97967529296875]",0.6360723376274109,1
3013,230618_4-1-0.tif,"[6351.442535400391, 7882.730682373047, 21.4403076171875, 31.615203857421875]",0.6322100758552551,1
3014,230618_4-1-0.tif,"[9098.898254394531, 9379.915985107422, 33.43463134765625, 55.67094421386719]",0.6318458318710327,1
3015,230618_4-1-0.tif,"[6382.162384033203, 7719.285263061523, 35.129608154296875, 44.97949981689453]",0.6287789940834045,1
3016,230618_4-1-0.tif,"[5983.5899658203125, 8299.449096679688, 25.8140869140625, 45.32049560546875]",0.6269235610961914,1
3017,230618_4-1-0.tif,"[6519.649749755859, 7807.367118835449, 25.70965576171875, 45.52411651611328]",0.6259167790412903,1
3018,230618_4-1-0.tif,"[6492.617736816406, 8140.896789550781, 24.09033203125, 29.08056640625]",0.625461220741272,1
3019,230618_4-1-0.tif,"[9847.465270996094, 3686.586395263672, 36.1412353515625, 35.3028564453125]",0.6236051321029663,1
3020,230618_4-1-0.tif,"[6434.591064453125, 6848.0269775390625, 18.96209716796875, 44.21099853515625]",0.6222403049468994,1
3021,230618_4-1-0.tif,"[7893.233047485352, 5010.575439453125, 20.737091064453125, 46.0238037109375]",0.6201793551445007,1
3022,230618_4-1-0.tif,"[7730.310474395752, 7632.909942626953, 46.935237884521484, 31.28424072265625]",0.6181031465530396,1
3023,230618_4-1-0.tif,"[9939.47265625, 3944.0003356933594, 24.26953125, 46.003662109375]",0.617822527885437,1
3024,230618_4-1-0.tif,"[6871.222595214844, 4973.767791748047, 31.27166748046875, 48.159912109375]",0.6163345575332642,1
3025,230618_4-1-0.tif,"[9920.927856445312, 3570.0516357421875, 45.591796875, 44.3782958984375]",0.6125876307487488,1
3026,230618_4-1-0.tif,"[6946.860290527344, 4544.1461181640625, 23.476806640625, 54.318603515625]",0.6109980940818787,1
3027,230618_4-1-0.tif,"[9917.350708007812, 2344.479248046875, 47.5068359375, 37.0877685546875]",0.6106539368629456,1
3028,230618_4-1-0.tif,"[1541.457878112793, 3757.5133361816406, 21.59157943725586, 51.98956298828125]",0.6101921200752258,1
3029,230618_4-1-0.tif,"[9002.387939453125, 1702.9213256835938, 58.8154296875, 27.232818603515625]",0.607571542263031,1
3030,230618_4-1-0.tif,"[7123.905670166016, 5295.923492431641, 20.00347900390625, 35.65509033203125]",0.6074203252792358,1
3031,230618_4-1-0.tif,"[9812.083251953125, 8587.977142333984, 21.85845947265625, 45.2847900390625]",0.6065585017204285,1
3032,230618_4-1-0.tif,"[6513.727111816406, 8059.840759277344, 48.7242431640625, 24.78271484375]",0.606013834476471,1
3033,230618_4-1-0.tif,"[6072.442535400391, 7421.469696044922, 36.01214599609375, 23.85980224609375]",0.6010176539421082,1
3034,230618_4-1-0.tif,"[8116.71826171875, 4729.730766296387, 25.7193603515625, 56.01929473876953]",0.6005286574363708,1
3035,230618_4-1-0.tif,"[8814.286987304688, 1656.0969619750977, 21.857040405273438, 48.82007598876953]",0.5934760570526123,1
3036,230618_4-1-0.tif,"[5684.237789154053, 8417.425537109375, 33.388675689697266, 45.327056884765625]",0.5931946635246277,1
3037,230618_4-1-0.tif,"[8155.463928222656, 7575.984924316406, 36.689697265625, 43.69195556640625]",0.5894379615783691,1
3038,230618_4-1-0.tif,"[544.0147705078125, 4558.35986328125, 19.837528228759766, 34.31787109375]",0.58907151222229,1
3039,230618_4-1-0.tif,"[7320.770111083984, 6331.995086669922, 30.4447021484375, 42.49517822265625]",0.581932783126831,1
3040,230618_4-1-0.tif,"[7806.246658325195, 4809.002410888672, 24.117828369140625, 30.45220947265625]",0.5788834095001221,1
3041,230618_4-1-0.tif,"[6073.936828613281, 7904.554290771484, 40.885986328125, 39.052032470703125]",0.5778952240943909,1
3042,230618_4-1-0.tif,"[6342.478668212891, 8363.121292114258, 23.049957275390625, 45.3363037109375]",0.5761559009552002,1
3043,230618_4-1-0.tif,"[8195.847168922424, 4357.656921386719, 31.68411159515381, 49.25958251953125]",0.5755718350410461,1
3044,230618_4-1-0.tif,"[6645.268310546875, 7272.849540710449, 28.98358154296875, 47.00684356689453]",0.5754317045211792,1
3045,230618_4-1-0.tif,"[6307.414947509766, 7966.265167236328, 19.8721923828125, 45.38385009765625]",0.5747551918029785,1
3046,230618_4-1-0.tif,"[9753.238586425781, 3065.4533081054688, 27.96710205078125, 49.7109375]",0.5730186700820923,1
3047,230618_4-1-0.tif,"[6253.950347900391, 8310.417877197266, 36.271728515625, 54.50152587890625]",0.5690994262695312,1
3048,230618_4-1-0.tif,"[6214.803558349609, 7936.690002441406, 32.430206298828125, 48.73333740234375]",0.5689195394515991,1
3049,230618_4-1-0.tif,"[5914.709777832031, 8258.446594238281, 21.658935546875, 51.1361083984375]",0.567555844783783,1
3050,230618_4-1-0.tif,"[6395.026580810547, 6931.877258300781, 17.4613037109375, 39.112060546875]",0.5673247575759888,1
3051,230618_4-1-0.tif,"[5744.68798828125, 8342.039093017578, 20.65289306640625, 52.614959716796875]",0.5597319006919861,1
3052,230618_4-1-0.tif,"[7278.139404296875, 5023.432312011719, 42.685882568359375, 34.5418701171875]",0.5545688271522522,1
3053,230618_4-1-0.tif,"[5889.0908203125, 8592.802337646484, 20.722412109375, 53.13116455078125]",0.5534193515777588,1
3054,230618_4-1-0.tif,"[9685.755859375, 8704.0, 43.58343505859375, 39.55088806152344]",0.5519124269485474,1
3055,230618_4-1-0.tif,"[6321.15788269043, 7717.77033996582, 43.015594482421875, 25.323524475097656]",0.5512335896492004,1
3056,230618_4-1-0.tif,"[9960.2861328125, 3765.125518798828, 36.271484375, 46.109893798828125]",0.54939204454422,1
3057,230618_4-1-0.tif,"[6029.957977294922, 8348.247833251953, 24.6597900390625, 46.29583740234375]",0.5467161536216736,1
3058,230618_4-1-0.tif,"[6438.630065917969, 7557.631896972656, 19.3253173828125, 42.808837890625]",0.5442420244216919,1
3059,230618_4-1-0.tif,"[8222.188842773438, 4641.332138061523, 22.552978515625, 48.91303253173828]",0.5425702929496765,1
3060,230618_4-1-0.tif,"[5592.073059082031, 8448.051055908203, 22.84295654296875, 52.30255126953125]",0.5418647527694702,1
3061,230618_4-1-0.tif,"[7814.249938964844, 7377.769378662109, 31.72991943359375, 33.69000244140625]",0.5369804501533508,1
3062,230618_4-1-0.tif,"[1352.5831298828125, 3739.2432861328125, 22.1903076171875, 45.1395263671875]",0.5348915457725525,1
3063,230618_4-1-0.tif,"[8926.961700439453, 2916.9946899414062, 39.34735107421875, 18.90478515625]",0.5323658585548401,1
3064,230618_4-1-0.tif,"[9381.244079589844, 6414.976959228516, 48.685882568359375, 42.34454345703125]",0.5306482911109924,1
3065,230618_4-1-0.tif,"[9375.854125976562, 3138.2330932617188, 31.1690673828125, 43.14604187011719]",0.5276200771331787,1
3066,230618_4-1-0.tif,"[8149.426513671875, 5631.327941894531, 24.75384521484375, 41.6129150390625]",0.5239518880844116,1
3067,230618_4-1-0.tif,"[5697.492858886719, 8625.801086425781, 39.53662109375, 23.216796875]",0.5199517607688904,1
3068,230618_4-1-0.tif,"[7610.981689453125, 4648.761001586914, 35.9385986328125, 28.440048217773438]",0.5160614848136902,1
3069,230618_4-1-0.tif,"[7902.152893066406, 5551.474945068359, 40.622833251953125, 36.72637939453125]",0.5123406648635864,1
3070,230618_4-1-0.tif,"[6119.565856933594, 8676.25390625, 26.470947265625, 55.52047538757324]",0.5107060670852661,1
3071,230618_4-1-0.tif,"[5971.775451660156, 8563.867126464844, 34.9892578125, 44.1060791015625]",0.5104593634605408,1
3072,230618_4-1-0.tif,"[9929.530151367188, 3857.5882568359375, 47.40234375, 22.724365234375]",0.5029847025871277,1
3073,230618_4-1-0.tif,"[8139.152740478516, 5318.474426269531, 17.47711181640625, 37.525146484375]",0.49905964732170105,1
3074,230618_4-1-0.tif,"[8285.756790161133, 4575.400848388672, 58.65437316894531, 28.646636962890625]",0.48775559663772583,1
3075,230618_4-1-0.tif,"[9584.145446777344, 3659.304931640625, 28.595947265625, 47.8388671875]",0.47569286823272705,1
3076,230618_4-1-0.tif,"[6416.737854003906, 7352.689422607422, 35.4678955078125, 34.96636962890625]",0.4654109477996826,1
3077,230618_4-1-0.tif,"[7444.085510253906, 6001.936798095703, 29.904052734375, 36.9420166015625]",0.462861031293869,1
3078,230618_4-1-0.tif,"[6222.350166320801, 8102.299743652344, 27.34423828125, 47.66571044921875]",0.4549086391925812,1
3079,230618_4-1-0.tif,"[8819.41390991211, 9896.602905273438, 21.220184326171875, 50.6767578125]",0.44271424412727356,1
3080,230618_4-1-0.tif,"[6060.082946777344, 8480.240112304688, 40.417724609375, 23.271240234375]",0.44259700179100037,1
3081,230618_4-1-0.tif,"[7196.674987792969, 5849.4766845703125, 27.576904296875, 12.54241943359375]",0.4384765923023224,1
3082,230618_4-1-0.tif,"[9517.030944824219, 2564.1505126953125, 22.173583984375, 42.289306640625]",0.43729060888290405,1
3083,230618_4-1-0.tif,"[7398.7071533203125, 5111.25830078125, 30.001708984375, 44.63835144042969]",0.4350781738758087,1
3084,230618_4-1-0.tif,"[8665.915985107422, 2821.1619873046875, 30.0841064453125, 39.3895263671875]",0.43428295850753784,1
3085,230618_4-1-0.tif,"[8489.468688964844, 4861.018157958984, 25.2376708984375, 48.1217041015625]",0.41854023933410645,1
3086,230618_4-1-0.tif,"[8943.242736816406, 5220.638916015625, 33.2406005859375, 41.42535400390625]",0.4166334569454193,1
3087,230618_4-1-0.tif,"[7551.288330078125, 5348.529602050781, 23.88323974609375, 32.576507568359375]",0.3956643342971802,1
3088,230618_4-1-0.tif,"[9498.104949951172, 8914.380386352539, 42.5977783203125, 23.54669189453125]",0.3669049143791199,1
3089,230618_4-1-0.tif,"[9136.663818359375, 2681.1551513671875, 30.79248046875, 6.7806396484375]",0.3651115298271179,1
3090,230618_4-1-0.tif,"[7980.330139160156, 4812.658935546875, 33.550537109375, 38.8492431640625]",0.35576704144477844,1
3091,230618_4-1-0.tif,"[6903.488830566406, 5188.473159790039, 52.968017578125, 26.448486328125]",0.35291287302970886,1
3092,230618_4-1-0.tif,"[7399.503723144531, 6263.43603515625, 36.294189453125, 8.4580078125]",0.3502110540866852,1
3093,230618_4-1-0.tif,"[7363.788879394531, 4716.120361328125, 37.79327392578125, 19.537353515625]",0.3434348404407501,1
3094,230618_4-1-0.tif,"[8704.0, 6382.355682373047, 21.91937828063965, 23.515899658203125]",0.3147270679473877,1
3095,230618_4-1-0.tif,"[7682.085998535156, 4725.3104248046875, 50.2305908203125, 10.384033203125]",0.3129250109195709,1
3096,230618_4-1-0.tif,"[7680.09006690979, 5216.746040344238, 30.372203826904297, 20.737884521484375]",0.2932493984699249,1
3097,230618_4-1-0.tif,"[6251.514709472656, 7078.457489013672, 19.3681640625, 25.03717041015625]",0.26265063881874084,1
3098,230618_4-2-1.tif,"[4848.428161621094, 9674.446166992188, 79.03369140625, 77.07733154296875]",0.7502696514129639,0
3099,230618_4-2-1.tif,"[3223.3328247070312, 2853.3678283691406, 101.90194702148438, 54.75079345703125]",0.7372211813926697,0
3100,230618_4-2-1.tif,"[3430.7996215820312, 8420.264663696289, 45.13330078125, 84.81968688964844]",0.7323391437530518,0
3101,230618_4-2-1.tif,"[525.2900695800781, 6043.8538818359375, 102.22854614257812, 55.96307373046875]",0.7269179224967957,0
3102,230618_4-2-1.tif,"[5181.353366851807, 5911.23583984375, 98.26723861694336, 87.8646240234375]",0.7224204540252686,0
3103,230618_4-2-1.tif,"[2081.5990600585938, 7658.737976074219, 74.92491149902344, 78.5789794921875]",0.7212449312210083,0
3104,230618_4-2-1.tif,"[5464.838073730469, 8773.624633789062, 49.9298095703125, 63.334014892578125]",0.7205613851547241,0
3105,230618_4-2-1.tif,"[3237.8115234375, 2653.5870361328125, 84.2122802734375, 89.4256591796875]",0.7175819873809814,0
3106,230618_4-2-1.tif,"[3889.1398315429688, 4919.656677246094, 78.09942626953125, 57.336181640625]",0.7171070575714111,0
3107,230618_4-2-1.tif,"[729.1565246582031, 8840.516387939453, 68.89266967773438, 91.95843505859375]",0.715240478515625,0
3108,230618_4-2-1.tif,"[570.9920387268066, 4917.9539794921875, 83.00240707397461, 79.374267578125]",0.7120997309684753,0
3109,230618_4-2-1.tif,"[3167.14794921875, 7148.2333984375, 95.720947265625, 75.89144897460938]",0.7111812233924866,0
3110,230618_4-2-1.tif,"[3718.869659423828, 8436.67594909668, 55.59234619140625, 109.54847717285156]",0.7099990844726562,0
3111,230618_4-2-1.tif,"[7845.390869140625, 3391.7939453125, 90.737060546875, 73.9063720703125]",0.7090160250663757,0
3112,230618_4-2-1.tif,"[784.2410888671875, 2250.5254821777344, 105.05010986328125, 65.19967651367188]",0.7089285254478455,0
3113,230618_4-2-1.tif,"[5249.080108642578, 8655.763122558594, 95.674560546875, 75.71058654785156]",0.7059972882270813,0
3114,230618_4-2-1.tif,"[2086.7478790283203, 7256.724853515625, 94.71684265136719, 59.33642578125]",0.6977440714836121,0
3115,230618_4-2-1.tif,"[5493.544708251953, 9121.732727050781, 99.96966552734375, 54.0546875]",0.6958709955215454,0
3116,230618_4-2-1.tif,"[447.430419921875, 4889.621643066406, 74.08837890625, 82.1751708984375]",0.695378839969635,0
3117,230618_4-2-1.tif,"[310.05255126953125, 5639.02978515625, 99.37408447265625, 54.967369079589844]",0.6898108720779419,0
3118,230618_4-2-1.tif,"[4790.609313964844, 9330.78313446045, 101.19049072265625, 51.61239242553711]",0.6894692778587341,0
3119,230618_4-2-1.tif,"[4779.608215332031, 4761.374114990234, 79.55935668945312, 47.580078125]",0.686913788318634,0
3120,230618_4-2-1.tif,"[2537.4873962402344, 8968.648132324219, 76.79060745239258, 169.1043701171875]",0.6860581040382385,0
3121,230618_4-2-1.tif,"[2202.8570404052734, 6971.92626953125, 62.511016845703125, 109.84130859375]",0.685836672782898,0
3122,230618_4-2-1.tif,"[4138.025775909424, 6429.248809814453, 67.28030014038086, 98.68734741210938]",0.6855894923210144,0
3123,230618_4-2-1.tif,"[3988.607696533203, 5543.402038574219, 58.58502197265625, 97.01220703125]",0.6850770115852356,0
3124,230618_4-2-1.tif,"[8981.108154296875, 1735.7700500488281, 56.75872802734375, 106.98605346679688]",0.6816375255584717,0
3125,230618_4-2-1.tif,"[4859.690460205078, 7482.634826660156, 57.9063720703125, 95.8807373046875]",0.6795573830604553,0
3126,230618_4-2-1.tif,"[4753.992645263672, 5917.79638671875, 76.23223876953125, 98.0146484375]",0.6764325499534607,0
3127,230618_4-2-1.tif,"[1.2464218139648438, 5205.215286254883, 77.42693328857422, 89.18240356445312]",0.6667158603668213,0
3128,230618_4-2-1.tif,"[6087.793273925781, 6502.789581298828, 52.00189208984375, 87.23284912109375]",0.6623081564903259,0
3129,230618_4-2-1.tif,"[6277.529205322266, 6573.063232421875, 50.23748779296875, 76.0938720703125]",0.6597304344177246,0
3130,230618_4-2-1.tif,"[1197.6018371582031, 5534.730804443359, 61.08306884765625, 73.024169921875]",0.6559953689575195,0
3131,230618_4-2-1.tif,"[2848.8702697753906, 7379.783264160156, 40.6160888671875, 70.47186279296875]",0.6478101015090942,0
3132,230618_4-2-1.tif,"[2366.5784301757812, 1862.2716979980469, 92.101318359375, 54.32421875]",0.6426596641540527,0
3133,230618_4-2-1.tif,"[1338.4519653320312, 627.07421875, 47.5828857421875, 49.7421875]",0.6370375752449036,0
3134,230618_4-2-1.tif,"[6253.827102661133, 3583.1717529296875, 54.15943908691406, 104.44561767578125]",0.6364290118217468,0
3135,230618_4-2-1.tif,"[2779.11376953125, 1690.2792663574219, 40.26226806640625, 83.75848388671875]",0.6341460347175598,0
3136,230618_4-2-1.tif,"[3557.5066528320312, 6064.42333984375, 53.7501220703125, 131.72819137573242]",0.6305795907974243,0
3137,230618_4-2-1.tif,"[6593.7664794921875, 9702.878967285156, 106.3447265625, 68.55950927734375]",0.6191684603691101,0
3138,230618_4-2-1.tif,"[4955.552581787109, 1544.838623046875, 61.182952880859375, 87.37669372558594]",0.6165821552276611,0
3139,230618_4-2-1.tif,"[1687.5681762695312, 8397.235931396484, 58.379150390625, 121.54254150390625]",0.6156577467918396,0
3140,230618_4-2-1.tif,"[6442.489898681641, 3425.603240966797, 63.48419189453125, 82.221435546875]",0.6149846911430359,0
3141,230618_4-2-1.tif,"[1256.402816772461, 842.1570434570312, 59.88758850097656, 41.3531494140625]",0.613574206829071,0
3142,230618_4-2-1.tif,"[2061.2041625976562, 1196.4863891601562, 36.87117004394531, 79.73992919921875]",0.610162615776062,0
3143,230618_4-2-1.tif,"[2697.0589599609375, 2050.382293701172, 91.08697509765625, 79.97142028808594]",0.6070791482925415,0
3144,230618_4-2-1.tif,"[5837.376525878906, 5487.876861572266, 50.36334228515625, 111.85699462890625]",0.6031537055969238,0
3145,230618_4-2-1.tif,"[3023.7406616210938, 0.0, 88.4119873046875, 38.21456527709961]",0.5854108929634094,0
3146,230618_4-2-1.tif,"[3872.3567504882812, 9811.616119384766, 76.47265625, 45.57855224609375]",0.5586482286453247,0
3147,230618_4-2-1.tif,"[2531.0083618164062, 2029.31103515625, 65.7493896484375, 53.4703369140625]",0.5521698594093323,0
3148,230618_4-2-1.tif,"[4799.092071533203, 2386.8346557617188, 63.61895751953125, 62.327392578125]",0.5406849980354309,0
3149,230618_4-2-1.tif,"[4983.0010986328125, 6098.2471923828125, 76.8001708984375, 98.8416748046875]",0.4932860732078552,0
3150,230618_4-2-1.tif,"[4065.9539184570312, 3709.821731567383, 61.17377853393555, 40.5240478515625]",0.45259687304496765,0
3151,230618_4-2-1.tif,"[4419.216857910156, 9266.078491210938, 44.761474609375, 52.919189453125]",0.44369858503341675,0
3152,230618_4-2-1.tif,"[418.2032470703125, 9972.153381347656, 35.823974609375, 27.7744140625]",0.4225393235683441,0
3153,230618_4-2-1.tif,"[468.40484619140625, 6105.355041503906, 65.14111328125, 40.1177978515625]",0.3827095031738281,0
3154,230618_4-2-1.tif,"[4473.15576171875, 4287.720794677734, 47.2244873046875, 63.25433349609375]",0.3593003451824188,0
3155,230618_4-2-1.tif,"[6918.132507324219, 9006.019409179688, 49.4012451171875, 52.5635986328125]",0.29151779413223267,0
3156,230618_4-2-1.tif,"[5253.78645324707, 8726.25129699707, 47.160919189453125, 51.82206726074219]",0.270844966173172,0
3157,230618_4-2-1.tif,"[5670.662841796875, 320.41204833984375, 30.47607421875, 21.056640625]",0.8498568534851074,1
3158,230618_4-2-1.tif,"[1267.9526062011719, 3659.2516479492188, 29.026885986328125, 27.193435668945312]",0.8460237383842468,1
3159,230618_4-2-1.tif,"[4451.514556884766, 6408.370452880859, 27.9925537109375, 27.596435546875]",0.843919575214386,1
3160,230618_4-2-1.tif,"[4611.868896484375, 5114.9298095703125, 33.2520751953125, 15.7730712890625]",0.8411585092544556,1
3161,230618_4-2-1.tif,"[803.8245239257812, 7211.157043457031, 31.37701416015625, 23.09918975830078]",0.8394250869750977,1
3162,230618_4-2-1.tif,"[5114.9547119140625, 8649.04232788086, 25.20263671875, 30.32159423828125]",0.8385677337646484,1
3163,230618_4-2-1.tif,"[4127.263916015625, 1284.8854370117188, 25.736709594726562, 28.8499755859375]",0.8380112051963806,1
3164,230618_4-2-1.tif,"[4129.08341217041, 5899.7147216796875, 33.003990173339844, 17.063232421875]",0.837411642074585,1
3165,230618_4-2-1.tif,"[1672.1587219238281, 7918.949920654297, 26.62408447265625, 24.51824951171875]",0.8368136286735535,1
3166,230618_4-2-1.tif,"[1311.0231323242188, 6702.5670166015625, 30.47369384765625, 23.08642578125]",0.835946798324585,1
3167,230618_4-2-1.tif,"[1019.9452209472656, 7179.129730224609, 31.327789306640625, 26.371368408203125]",0.8350539803504944,1
3168,230618_4-2-1.tif,"[5813.000183105469, 3334.63671875, 36.47027587890625, 20.40264892578125]",0.8335293531417847,1
3169,230618_4-2-1.tif,"[2669.443115234375, 4951.591125488281, 31.375, 22.33624267578125]",0.8330130577087402,1
3170,230618_4-2-1.tif,"[1756.4456481933594, 6772.5133056640625, 30.857254028320312, 15.754852294921875]",0.8329601287841797,1
3171,230618_4-2-1.tif,"[1722.8890380859375, 9642.661865234375, 21.592559814453125, 26.41693115234375]",0.8326703310012817,1
3172,230618_4-2-1.tif,"[1883.9408569335938, 3542.7269287109375, 31.7379150390625, 21.3736572265625]",0.8325908184051514,1
3173,230618_4-2-1.tif,"[2081.6129760742188, 3055.6513061523438, 23.65826416015625, 32.18120002746582]",0.8324612379074097,1
3174,230618_4-2-1.tif,"[4092.8958740234375, 1704.0644226074219, 30.91015625, 21.388702392578125]",0.8323478698730469,1
3175,230618_4-2-1.tif,"[3221.8074951171875, 1351.1516723632812, 25.579071044921875, 32.970947265625]",0.8323278427124023,1
3176,230618_4-2-1.tif,"[5981.399841308594, 9607.711334228516, 35.422332763671875, 23.105712890625]",0.8320264220237732,1
3177,230618_4-2-1.tif,"[4110.27099609375, 7056.588073730469, 27.306884765625, 26.5374755859375]",0.8319701552391052,1
3178,230618_4-2-1.tif,"[3975.4304809570312, 1924.6508178710938, 25.44677734375, 31.1806640625]",0.8319467306137085,1
3179,230618_4-2-1.tif,"[5749.6845703125, 2263.3899536132812, 28.881744384765625, 26.243682861328125]",0.831763505935669,1
3180,230618_4-2-1.tif,"[3681.9066619873047, 1537.2703247070312, 30.871231079101562, 21.207763671875]",0.8315760493278503,1
3181,230618_4-2-1.tif,"[1228.1626281738281, 7100.591583251953, 24.02178955078125, 27.56915283203125]",0.8315586447715759,1
3182,230618_4-2-1.tif,"[4605.552642822266, 9091.889099121094, 34.048309326171875, 19.44366455078125]",0.8312966823577881,1
3183,230618_4-2-1.tif,"[2554.3140563964844, 780.1486206054688, 24.239347457885742, 32.5042724609375]",0.8312035202980042,1
3184,230618_4-2-1.tif,"[1961.543701171875, 1536.51416015625, 31.582550048828125, 28.920654296875]",0.8310524225234985,1
3185,230618_4-2-1.tif,"[405.42626953125, 1837.5915832519531, 24.5545654296875, 24.62701416015625]",0.8306055665016174,1
3186,230618_4-2-1.tif,"[2517.546142578125, 2666.1632080078125, 35.2183837890625, 28.229949951171875]",0.8301587700843811,1
3187,230618_4-2-1.tif,"[1168.008316040039, 7384.048645019531, 28.972869873046875, 27.900177001953125]",0.8300456404685974,1
3188,230618_4-2-1.tif,"[5316.531677246094, 9373.5698928833, 29.173065185546875, 28.02318572998047]",0.8300015330314636,1
3189,230618_4-2-1.tif,"[860.4947509765625, 5178.1201171875, 32.8397216796875, 18.022705078125]",0.8296492099761963,1
3190,230618_4-2-1.tif,"[5007.438903808594, 9453.946868896484, 23.9066162109375, 29.842010498046875]",0.8296206593513489,1
3191,230618_4-2-1.tif,"[863.2796936035156, 8054.493896484375, 28.5831298828125, 26.9892578125]",0.8294650316238403,1
3192,230618_4-2-1.tif,"[5661.71475982666, 1923.9867553710938, 32.12109375, 24.23828125]",0.8289783000946045,1
3193,230618_4-2-1.tif,"[4034.670654296875, 3810.2472534179688, 23.9678955078125, 26.99835205078125]",0.8286226987838745,1
3194,230618_4-2-1.tif,"[2555.1378173828125, 2920.975830078125, 33.715576171875, 20.154541015625]",0.8285214900970459,1
3195,230618_4-2-1.tif,"[4110.106590270996, 5628.574981689453, 34.732704162597656, 21.560670852661133]",0.8280757069587708,1
3196,230618_4-2-1.tif,"[1927.2842407226562, 6464.872985839844, 28.43310546875, 21.95654296875]",0.828051745891571,1
3197,230618_4-2-1.tif,"[2702.2698974609375, 810.6792602539062, 32.842681884765625, 22.7403564453125]",0.8278151154518127,1
3198,230618_4-2-1.tif,"[4746.441589355469, 8046.210235595703, 25.79339599609375, 30.05950927734375]",0.8278107643127441,1
3199,230618_4-2-1.tif,"[4736.015625, 4084.3768310546875, 20.2945556640625, 33.60924530029297]",0.827477216720581,1
3200,230618_4-2-1.tif,"[1522.7579345703125, 1122.3704833984375, 25.931026458740234, 30.9022216796875]",0.8268565535545349,1
3201,230618_4-2-1.tif,"[2529.160858154297, 3163.7474365234375, 27.450531005859375, 15.095947265625]",0.8268024921417236,1
3202,230618_4-2-1.tif,"[660.7049560546875, 5999.966064453125, 37.97186279296875, 19.3876953125]",0.826260507106781,1
3203,230618_4-2-1.tif,"[4412.474548339844, 3473.040771484375, 31.821044921875, 21.7637939453125]",0.8260815143585205,1
3204,230618_4-2-1.tif,"[820.9481201171875, 1428.6815185546875, 28.1328125, 29.695068359375]",0.8259193301200867,1
3205,230618_4-2-1.tif,"[3759.0616760253906, 2299.0431518554688, 27.09075927734375, 28.9522705078125]",0.8258741497993469,1
3206,230618_4-2-1.tif,"[638.3074188232422, 3079.198684692383, 19.76422119140625, 35.403961181640625]",0.8258521556854248,1
3207,230618_4-2-1.tif,"[5789.089401245117, 2150.3905029296875, 34.40275573730469, 22.58984375]",0.8255713582038879,1
3208,230618_4-2-1.tif,"[1366.7442626953125, 5250.400085449219, 25.70751953125, 34.69915771484375]",0.8254460692405701,1
3209,230618_4-2-1.tif,"[481.72802734375, 576.81494140625, 35.40660619735718, 26.0008544921875]",0.825336754322052,1
3210,230618_4-2-1.tif,"[4654.632698059082, 3295.7600708007812, 23.198463439941406, 27.005126953125]",0.8249922394752502,1
3211,230618_4-2-1.tif,"[5355.871612548828, 50.37847137451172, 16.2213134765625, 32.58251953125]",0.8249634504318237,1
3212,230618_4-2-1.tif,"[5210.810287475586, 5393.27392578125, 27.483551025390625, 21.6495361328125]",0.8243608474731445,1
3213,230618_4-2-1.tif,"[2084.6585693359375, 2268.0349884033203, 33.098388671875, 16.257965087890625]",0.8243407011032104,1
3214,230618_4-2-1.tif,"[0.036808013916015625, 7979.825500488281, 24.795387268066406, 26.4146728515625]",0.8242772221565247,1
3215,230618_4-2-1.tif,"[5817.949493408203, 9531.021942138672, 33.85693359375, 15.89129638671875]",0.8236879706382751,1
3216,230618_4-2-1.tif,"[3645.7330322265625, 1189.1661682128906, 24.446044921875, 32.75506591796875]",0.8236314654350281,1
3217,230618_4-2-1.tif,"[906.9397277832031, 6814.344436645508, 29.69122314453125, 26.614227294921875]",0.8236042857170105,1
3218,230618_4-2-1.tif,"[2458.1253051757812, 4307.679107666016, 34.85302734375, 17.29583740234375]",0.8234692811965942,1
3219,230618_4-2-1.tif,"[2328.9832763671875, 9219.562705993652, 18.6021728515625, 34.844627380371094]",0.8231732845306396,1
3220,230618_4-2-1.tif,"[1480.9428405761719, 3655.2603759765625, 26.934051513671875, 27.473159790039062]",0.8229576945304871,1
3221,230618_4-2-1.tif,"[381.37750244140625, 6892.563140869141, 28.32391357421875, 29.818359375]",0.8228365778923035,1
3222,230618_4-2-1.tif,"[4181.596160888672, 4055.9297485351562, 26.6143798828125, 28.65545654296875]",0.8228239417076111,1
3223,230618_4-2-1.tif,"[7269.866394042969, 8599.102294921875, 33.83233642578125, 20.41522216796875]",0.8228023052215576,1
3224,230618_4-2-1.tif,"[3615.78662109375, 6099.2127685546875, 30.294921875, 29.26806640625]",0.8227999210357666,1
3225,230618_4-2-1.tif,"[5099.762451171875, 9061.187133789062, 24.27703857421875, 28.69146728515625]",0.822598934173584,1
3226,230618_4-2-1.tif,"[4271.481094360352, 7869.296875, 30.8509521484375, 29.00213623046875]",0.8225776553153992,1
3227,230618_4-2-1.tif,"[3623.149215698242, 2336.64599609375, 31.83722686767578, 25.870361328125]",0.8223029375076294,1
3228,230618_4-2-1.tif,"[1874.2433471679688, 3898.3859252929688, 26.130615234375, 31.8822021484375]",0.8220719695091248,1
3229,230618_4-2-1.tif,"[4289.317352294922, 1608.1613006591797, 40.701416015625, 21.396438598632812]",0.8219625353813171,1
3230,230618_4-2-1.tif,"[505.5166931152344, 1117.2607421875, 22.897485733032227, 32.34159851074219]",0.8213274478912354,1
3231,230618_4-2-1.tif,"[2363.2584533691406, 6354.2130126953125, 22.2366943359375, 28.7294921875]",0.8212869763374329,1
3232,230618_4-2-1.tif,"[2437.332733154297, 959.2489624023438, 21.67535400390625, 32.975341796875]",0.8211710453033447,1
3233,230618_4-2-1.tif,"[3325.401336669922, 9050.50537109375, 36.0406494140625, 20.9449462890625]",0.8210664987564087,1
3234,230618_4-2-1.tif,"[0.4755859375, 5809.663803100586, 25.17967987060547, 31.355682373046875]",0.8208300471305847,1
3235,230618_4-2-1.tif,"[1032.9913711547852, 1266.7724304199219, 36.0294189453125, 19.814178466796875]",0.8205294609069824,1
3236,230618_4-2-1.tif,"[643.5470275878906, 9690.926818847656, 36.388031005859375, 18.11181640625]",0.8205021619796753,1
3237,230618_4-2-1.tif,"[705.8963623046875, 3667.008834838867, 32.9444580078125, 22.546646118164062]",0.8204334378242493,1
3238,230618_4-2-1.tif,"[3524.861572265625, 2724.187774658203, 15.944091796875, 33.8209228515625]",0.8204174637794495,1
3239,230618_4-2-1.tif,"[4769.575866699219, 8669.603332519531, 28.236083984375, 31.3297119140625]",0.8203914761543274,1
3240,230618_4-2-1.tif,"[592.9683532714844, 98.98057556152344, 30.551666259765625, 24.809478759765625]",0.8203462958335876,1
3241,230618_4-2-1.tif,"[7473.295959472656, 6348.7454833984375, 26.603271484375, 22.53277587890625]",0.820239782333374,1
3242,230618_4-2-1.tif,"[857.6004028320312, 7499.032409667969, 20.998291015625, 35.5394287109375]",0.8200889825820923,1
3243,230618_4-2-1.tif,"[3107.762825012207, 1138.4698486328125, 24.230453491210938, 33.10917663574219]",0.8200337290763855,1
3244,230618_4-2-1.tif,"[709.7699432373047, 5804.512023925781, 32.42462158203125, 16.279541015625]",0.8199730515480042,1
3245,230618_4-2-1.tif,"[4520.253601074219, 7723.7601318359375, 35.1094970703125, 17.719482421875]",0.8199161291122437,1
3246,230618_4-2-1.tif,"[210.93173217773438, 7243.174652099609, 27.498870849609375, 26.548736572265625]",0.819882333278656,1
3247,230618_4-2-1.tif,"[3849.4967041015625, 1549.381103515625, 29.16656494140625, 16.4599609375]",0.8197392225265503,1
3248,230618_4-2-1.tif,"[3351.4780883789062, 267.083740234375, 29.1357421875, 24.50048828125]",0.8195329308509827,1
3249,230618_4-2-1.tif,"[2291.864501953125, 5410.567047119141, 30.44171142578125, 26.37225341796875]",0.8193448185920715,1
3250,230618_4-2-1.tif,"[3331.0753784179688, 3088.624557495117, 23.7198486328125, 31.660720825195312]",0.8192509412765503,1
3251,230618_4-2-1.tif,"[1242.1726684570312, 3906.3021850585938, 26.06787109375, 28.5185546875]",0.8192055821418762,1
3252,230618_4-2-1.tif,"[5846.724151611328, 9759.885986328125, 24.533233642578125, 27.41748046875]",0.8191496729850769,1
3253,230618_4-2-1.tif,"[5238.255615234375, 4432.408996582031, 33.650146484375, 19.2030029296875]",0.8188619017601013,1
3254,230618_4-2-1.tif,"[0.028249740600585938, 4302.279754638672, 27.94411277770996, 23.79681396484375]",0.8187547922134399,1
3255,230618_4-2-1.tif,"[2895.095184326172, 2578.751522064209, 28.48779296875, 30.318824768066406]",0.8187106251716614,1
3256,230618_4-2-1.tif,"[2540.1498413085938, 958.47705078125, 17.64453125, 37.78265380859375]",0.8184632062911987,1
3257,230618_4-2-1.tif,"[5109.970703125, 351.62152099609375, 25.992877960205078, 24.84100341796875]",0.8184486031532288,1
3258,230618_4-2-1.tif,"[2428.8814086914062, 5946.995544433594, 29.5391845703125, 26.99151611328125]",0.818388819694519,1
3259,230618_4-2-1.tif,"[4046.6705627441406, 1417.8867797851562, 33.705810546875, 21.8182373046875]",0.8183359503746033,1
3260,230618_4-2-1.tif,"[109.01718139648438, 8863.83154296875, 30.8389892578125, 16.86529541015625]",0.8181418776512146,1
3261,230618_4-2-1.tif,"[400.0295104980469, 980.6311645507812, 25.05810546875, 31.441650390625]",0.8181294202804565,1
3262,230618_4-2-1.tif,"[4153.385681152344, 7416.783996582031, 35.96112060546875, 18.02618408203125]",0.8180978298187256,1
3263,230618_4-2-1.tif,"[5605.103576660156, 3656.259750366211, 34.7779541015625, 17.6051025390625]",0.8180820345878601,1
3264,230618_4-2-1.tif,"[6567.007232666016, 183.579345703125, 21.62579345703125, 28.180908203125]",0.8180060386657715,1
3265,230618_4-2-1.tif,"[333.7337951660156, 7706.9913330078125, 17.29461669921875, 33.598876953125]",0.8179880380630493,1
3266,230618_4-2-1.tif,"[1238.0024108886719, 6697.7777099609375, 27.127197265625, 26.357421875]",0.8179860711097717,1
3267,230618_4-2-1.tif,"[3270.812774658203, 931.6439208984375, 38.72979736328125, 17.2786865234375]",0.8179618716239929,1
3268,230618_4-2-1.tif,"[1360.94091796875, 7270.1280517578125, 27.15777587890625, 26.2314453125]",0.8178858160972595,1
3269,230618_4-2-1.tif,"[3320.0861206054688, 5294.837554931641, 33.2222900390625, 21.056549072265625]",0.8177162408828735,1
3270,230618_4-2-1.tif,"[2326.446014404297, 5876.8680419921875, 24.79815673828125, 28.3536376953125]",0.8176657557487488,1
3271,230618_4-2-1.tif,"[5632.404296875, 9577.545593261719, 22.907001495361328, 32.90008544921875]",0.8176623582839966,1
3272,230618_4-2-1.tif,"[665.6355895996094, 4774.544570922852, 28.423828125, 22.10198974609375]",0.8176432847976685,1
3273,230618_4-2-1.tif,"[4874.788757324219, 1629.5113525390625, 23.30157470703125, 31.6502685546875]",0.817623496055603,1
3274,230618_4-2-1.tif,"[2187.096237182617, 5593.327880859375, 24.272857666015625, 25.1199951171875]",0.8176156878471375,1
3275,230618_4-2-1.tif,"[882.7807312011719, 1515.8005981445312, 33.6575927734375, 27.499162197113037]",0.8176108598709106,1
3276,230618_4-2-1.tif,"[2954.5835571289062, 505.5880126953125, 18.7747802734375, 39.32666015625]",0.8175354599952698,1
3277,230618_4-2-1.tif,"[6130.756683349609, 1365.3521728515625, 29.197959899902344, 25.39227294921875]",0.8170627355575562,1
3278,230618_4-2-1.tif,"[3689.3467407226562, 5212.8338623046875, 27.105789184570312, 31.3111572265625]",0.8170120716094971,1
3279,230618_4-2-1.tif,"[318.52386474609375, 1176.9913940429688, 24.47906494140625, 30.53045654296875]",0.8168604373931885,1
3280,230618_4-2-1.tif,"[2930.8731079101562, 2022.83642578125, 29.4432373046875, 28.595458984375]",0.8167897462844849,1
3281,230618_4-2-1.tif,"[1434.7723388671875, 3117.9305419921875, 36.364501953125, 22.59375]",0.8167088031768799,1
3282,230618_4-2-1.tif,"[4885.520446777344, 5910.291442871094, 35.306640625, 19.6014404296875]",0.8165687322616577,1
3283,230618_4-2-1.tif,"[1720.4328918457031, 1008.1727905273438, 27.43359375, 30.21369457244873]",0.816478431224823,1
3284,230618_4-2-1.tif,"[1463.6505126953125, 3840.6908569335938, 33.35443115234375, 22.2906494140625]",0.8163941502571106,1
3285,230618_4-2-1.tif,"[6566.3638916015625, 1055.4268798828125, 30.2509765625, 20.5958251953125]",0.8161274790763855,1
3286,230618_4-2-1.tif,"[1338.26171875, 405.943115234375, 26.439453125, 28.87091064453125]",0.8161015510559082,1
3287,230618_4-2-1.tif,"[4107.235534667969, 7724.975425720215, 22.0933837890625, 35.55906677246094]",0.8160882592201233,1
3288,230618_4-2-1.tif,"[4509.146240234375, 3250.604949951172, 30.19580078125, 27.22900390625]",0.8159087300300598,1
3289,230618_4-2-1.tif,"[2123.257179260254, 1982.9526062011719, 26.18878173828125, 21.770751953125]",0.8158665895462036,1
3290,230618_4-2-1.tif,"[2067.7319412231445, 2420.7838745117188, 26.15782928466797, 29.77972412109375]",0.8158239126205444,1
3291,230618_4-2-1.tif,"[1537.5686111450195, 36.89738464355469, 37.05956268310547, 22.180618286132812]",0.8157631158828735,1
3292,230618_4-2-1.tif,"[1018.4990234375, 7770.171661376953, 19.17576026916504, 36.5477294921875]",0.8156058192253113,1
3293,230618_4-2-1.tif,"[5989.488098144531, 816.2692260742188, 32.81884765625, 22.38629150390625]",0.8155279159545898,1
3294,230618_4-2-1.tif,"[926.6393432617188, 4666.382385253906, 30.024658203125, 27.968505859375]",0.8152079582214355,1
3295,230618_4-2-1.tif,"[171.68698120117188, 7561.466552734375, 19.657958984375, 31.074951171875]",0.8151063323020935,1
3296,230618_4-2-1.tif,"[2545.8006591796875, 6244.146911621094, 37.934722900390625, 17.924118041992188]",0.8150827288627625,1
3297,230618_4-2-1.tif,"[3685.4359741210938, 5314.643096923828, 18.911468505859375, 36.03717041015625]",0.8150336146354675,1
3298,230618_4-2-1.tif,"[2555.4191284179688, 7745.2432861328125, 38.76513671875, 26.7158203125]",0.81497722864151,1
3299,230618_4-2-1.tif,"[3851.536376953125, 2235.673553466797, 22.1302490234375, 33.78057861328125]",0.8149677515029907,1
3300,230618_4-2-1.tif,"[3880.9379272460938, 1876.3214416503906, 23.3077392578125, 31.6552734375]",0.8149478435516357,1
3301,230618_4-2-1.tif,"[436.20458984375, 8131.658203125, 20.92388916015625, 34.6197509765625]",0.8149147629737854,1
3302,230618_4-2-1.tif,"[3517.1817626953125, 1974.6312255859375, 37.523681640625, 20.702392578125]",0.814885139465332,1
3303,230618_4-2-1.tif,"[3717.8555908203125, 1315.4046630859375, 36.55224609375, 18.73193359375]",0.8148114681243896,1
3304,230618_4-2-1.tif,"[2195.081787109375, 3142.2676391601562, 21.86578369140625, 32.115234375]",0.8148025870323181,1
3305,230618_4-2-1.tif,"[1042.3572807312012, 7691.880870819092, 22.788822174072266, 29.609798431396484]",0.814714789390564,1
3306,230618_4-2-1.tif,"[1771.1984558105469, 4548.774475097656, 36.3302001953125, 16.61358642578125]",0.8146569132804871,1
3307,230618_4-2-1.tif,"[6275.409912109375, 1970.4033203125, 29.24261474609375, 29.12249755859375]",0.8145993947982788,1
3308,230618_4-2-1.tif,"[3413.4381713867188, 2579.1832275390625, 17.95147705078125, 34.63623046875]",0.8145756721496582,1
3309,230618_4-2-1.tif,"[4760.031494140625, 8803.424072265625, 33.269927978515625, 22.739013671875]",0.8145408034324646,1
3310,230618_4-2-1.tif,"[3888.384033203125, 5764.443161010742, 33.9971923828125, 21.83831787109375]",0.8142321705818176,1
3311,230618_4-2-1.tif,"[1468.3188171386719, 7933.262481689453, 29.71234130859375, 31.28863525390625]",0.8142310380935669,1
3312,230618_4-2-1.tif,"[4391.599182128906, 2659.2194213867188, 32.958984375, 26.0838623046875]",0.8141559958457947,1
3313,230618_4-2-1.tif,"[5851.7496337890625, 807.2740478515625, 30.1109619140625, 21.19189453125]",0.8141388297080994,1
3314,230618_4-2-1.tif,"[86.10498046875, 6698.608642578125, 29.644454956054688, 28.5406494140625]",0.8140178918838501,1
3315,230618_4-2-1.tif,"[5652.844301223755, 8239.255638122559, 35.878522872924805, 18.257179260253906]",0.8139572143554688,1
3316,230618_4-2-1.tif,"[2284.662384033203, 4884.643615722656, 31.43096923828125, 24.402099609375]",0.8139433860778809,1
3317,230618_4-2-1.tif,"[620.3439788818359, 7472.6348876953125, 26.583587646484375, 26.712890625]",0.8139312267303467,1
3318,230618_4-2-1.tif,"[1033.3350143432617, 6921.762512207031, 26.19135284423828, 37.3707275390625]",0.8135411739349365,1
3319,230618_4-2-1.tif,"[2833.7039794921875, 913.3518676757812, 25.52203369140625, 29.47113037109375]",0.8135374784469604,1
3320,230618_4-2-1.tif,"[698.1829528808594, 634.0228271484375, 30.177825927734375, 39.429595947265625]",0.8135150671005249,1
3321,230618_4-2-1.tif,"[3057.077880859375, 1797.3431396484375, 32.96713638305664, 22.603118896484375]",0.8134757876396179,1
3322,230618_4-2-1.tif,"[3709.495834350586, 4190.072265625, 20.387527465820312, 37.28424072265625]",0.8133915662765503,1
3323,230618_4-2-1.tif,"[3170.5011444091797, 1575.2681274414062, 17.5079345703125, 35.6199951171875]",0.8133847713470459,1
3324,230618_4-2-1.tif,"[1264.4283752441406, 8171.736633300781, 33.91558837890625, 18.103271484375]",0.8132820725440979,1
3325,230618_4-2-1.tif,"[4557.856140136719, 3399.8016967773438, 24.13385009765625, 30.35467529296875]",0.8132016062736511,1
3326,230618_4-2-1.tif,"[4565.132873535156, 5451.073181152344, 32.1510009765625, 19.7657470703125]",0.8131424784660339,1
3327,230618_4-2-1.tif,"[2329.563262939453, 2946.8733520507812, 21.39178466796875, 30.89385986328125]",0.8130480051040649,1
3328,230618_4-2-1.tif,"[2678.2197265625, 0.0, 22.942001342773438, 23.196428298950195]",0.8129763603210449,1
3329,230618_4-2-1.tif,"[2747.0091857910156, 5166.537399291992, 16.12994384765625, 32.63507080078125]",0.8129252195358276,1
3330,230618_4-2-1.tif,"[4445.8382568359375, 587.5597152709961, 35.36279296875, 16.383155822753906]",0.8128615021705627,1
3331,230618_4-2-1.tif,"[271.7640380859375, 1074.956787109375, 27.646484375, 25.795654296875]",0.8128370046615601,1
3332,230618_4-2-1.tif,"[5077.442413330078, 7588.409759521484, 25.87677001953125, 25.0535888671875]",0.8128089904785156,1
3333,230618_4-2-1.tif,"[4334.548919677734, 2937.1315307617188, 24.1842041015625, 30.014404296875]",0.8127631545066833,1
3334,230618_4-2-1.tif,"[2692.732147216797, 4647.749694824219, 34.1177978515625, 16.876930236816406]",0.8126371502876282,1
3335,230618_4-2-1.tif,"[1497.016845703125, 2323.3285522460938, 36.77557373046875, 17.9715576171875]",0.8126333951950073,1
3336,230618_4-2-1.tif,"[1032.34423828125, 5122.076599121094, 32.72039794921875, 20.94976806640625]",0.8125553727149963,1
3337,230618_4-2-1.tif,"[5810.242034912109, 2356.1770935058594, 35.648162841796875, 19.4556884765625]",0.8124514818191528,1
3338,230618_4-2-1.tif,"[538.4311504364014, 354.8519287109375, 20.858369827270508, 34.23193359375]",0.812427818775177,1
3339,230618_4-2-1.tif,"[2067.4802322387695, 3891.7640075683594, 17.75890350341797, 34.91937255859375]",0.8121823668479919,1
3340,230618_4-2-1.tif,"[2493.3753051757812, 4739.201232910156, 16.7960205078125, 29.4892578125]",0.812108039855957,1
3341,230618_4-2-1.tif,"[2668.2440185546875, 662.1554107666016, 35.447357177734375, 18.518600463867188]",0.8120930194854736,1
3342,230618_4-2-1.tif,"[3763.5084228515625, 1550.66402053833, 22.743194580078125, 32.39970016479492]",0.8120847344398499,1
3343,230618_4-2-1.tif,"[316.5526123046875, 6868.558044433594, 21.5103759765625, 33.9591064453125]",0.8120193481445312,1
3344,230618_4-2-1.tif,"[9.245620727539062, 6380.083526611328, 34.653953552246094, 19.91790771484375]",0.8119695782661438,1
3345,230618_4-2-1.tif,"[4298.228103637695, 8990.397827148438, 21.5909423828125, 34.289306640625]",0.8118807077407837,1
3346,230618_4-2-1.tif,"[5364.148986816406, 2829.4473876953125, 17.00238037109375, 34.209716796875]",0.8117127418518066,1
3347,230618_4-2-1.tif,"[1034.7669410705566, 6406.439880371094, 33.598854064941406, 16.055877685546875]",0.8117095232009888,1
3348,230618_4-2-1.tif,"[6142.832824707031, 7687.4505615234375, 23.87853240966797, 28.082664489746094]",0.8114898204803467,1
3349,230618_4-2-1.tif,"[648.896240234375, 874.4551086425781, 27.52117919921875, 23.6707763671875]",0.8114801645278931,1
3350,230618_4-2-1.tif,"[3887.4313354492188, 3979.3863525390625, 33.96197509765625, 24.9046630859375]",0.8114476799964905,1
3351,230618_4-2-1.tif,"[3115.30322265625, 2524.2789916992188, 22.161376953125, 31.3468017578125]",0.8113614916801453,1
3352,230618_4-2-1.tif,"[2120.0009155273438, 3146.159912109375, 19.32232666015625, 32.079498291015625]",0.8113312125205994,1
3353,230618_4-2-1.tif,"[4299.375396728516, 2510.770965576172, 20.53125, 35.416259765625]",0.8113057613372803,1
3354,230618_4-2-1.tif,"[5315.991943359375, 2058.079765319824, 33.40643310546875, 21.48859405517578]",0.8112723231315613,1
3355,230618_4-2-1.tif,"[2690.5896759033203, 1427.0252075195312, 17.84576416015625, 39.59423828125]",0.811253547668457,1
3356,230618_4-2-1.tif,"[886.0760498046875, 2048.550537109375, 37.225341796875, 24.47509765625]",0.8112127184867859,1
3357,230618_4-2-1.tif,"[3437.007598876953, 2455.3591918945312, 33.119873046875, 24.2254638671875]",0.8111772537231445,1
3358,230618_4-2-1.tif,"[4798.559585571289, 7819.645462036133, 27.893218994140625, 19.251190185546875]",0.811160147190094,1
3359,230618_4-2-1.tif,"[565.2477111816406, 6758.353790283203, 35.048553466796875, 31.657562255859375]",0.8109064102172852,1
3360,230618_4-2-1.tif,"[4891.6417236328125, 2846.7174377441406, 34.0908203125, 18.2276611328125]",0.810767650604248,1
3361,230618_4-2-1.tif,"[259.68585205078125, 5752.263916015625, 23.856048583984375, 29.369842529296875]",0.8107306957244873,1
3362,230618_4-2-1.tif,"[799.1200561523438, 3233.6957397460938, 37.23046875, 17.6083984375]",0.8106696605682373,1
3363,230618_4-2-1.tif,"[4462.859893798828, 1595.3650970458984, 33.2108154296875, 18.112030029296875]",0.8105881214141846,1
3364,230618_4-2-1.tif,"[1640.214599609375, 5139.928466796875, 38.75215148925781, 19.24676513671875]",0.810542643070221,1
3365,230618_4-2-1.tif,"[107.57783508300781, 5695.1968994140625, 32.4471435546875, 19.89208984375]",0.8103877305984497,1
3366,230618_4-2-1.tif,"[4047.4375, 2205.1141052246094, 30.08050537109375, 22.85198974609375]",0.8103032112121582,1
3367,230618_4-2-1.tif,"[5645.105983734131, 1563.3023071289062, 22.358261108398438, 31.538330078125]",0.8102288246154785,1
3368,230618_4-2-1.tif,"[3429.5368041992188, 1183.2411499023438, 32.66455078125, 19.629150390625]",0.8102204203605652,1
3369,230618_4-2-1.tif,"[3835.2266540527344, 1328.0434875488281, 16.70880126953125, 32.592529296875]",0.8101714253425598,1
3370,230618_4-2-1.tif,"[1278.9961853027344, 1688.084945678711, 29.2799072265625, 25.60638427734375]",0.8101144433021545,1
3371,230618_4-2-1.tif,"[32.71873474121094, 1566.3497905731201, 31.167476654052734, 23.017518997192383]",0.8101035952568054,1
3372,230618_4-2-1.tif,"[3677.2745361328125, 6213.2471923828125, 33.66290283203125, 23.080078125]",0.8097867965698242,1
3373,230618_4-2-1.tif,"[5096.065673828125, 1436.596435546875, 19.34033203125, 31.0264892578125]",0.8096092939376831,1
3374,230618_4-2-1.tif,"[823.9539794921875, 987.4837036132812, 38.5362548828125, 19.55596923828125]",0.809575617313385,1
3375,230618_4-2-1.tif,"[617.39501953125, 3746.9692993164062, 40.36322021484375, 16.903350830078125]",0.8095040321350098,1
3376,230618_4-2-1.tif,"[5109.059265136719, 850.2461547851562, 25.99840545654297, 40.055908203125]",0.8094775676727295,1
3377,230618_4-2-1.tif,"[1264.5683898925781, 7296.434524536133, 29.649566650390625, 26.265167236328125]",0.8094033002853394,1
3378,230618_4-2-1.tif,"[1633.804084777832, 7810.965545654297, 29.54442596435547, 17.313720703125]",0.8093492388725281,1
3379,230618_4-2-1.tif,"[4181.813232421875, 3665.3601684570312, 20.419830322265625, 25.50335693359375]",0.8092706203460693,1
3380,230618_4-2-1.tif,"[4642.311901092529, 4818.062286376953, 23.26842498779297, 31.467010498046875]",0.8092070817947388,1
3381,230618_4-2-1.tif,"[2930.0169677734375, 5563.252471923828, 24.155517578125, 32.3563232421875]",0.8091104626655579,1
3382,230618_4-2-1.tif,"[2207.090545654297, 1033.5036277770996, 36.01983642578125, 19.28720474243164]",0.8090363144874573,1
3383,230618_4-2-1.tif,"[1144.2261352539062, 5465.265686035156, 36.051177978515625, 22.79364013671875]",0.8090120553970337,1
3384,230618_4-2-1.tif,"[894.6188354492188, 3700.025390625, 39.13134765625, 17.22320556640625]",0.8089648485183716,1
3385,230618_4-2-1.tif,"[2252.0557250976562, 2608.0037155151367, 16.65008544921875, 34.522613525390625]",0.8089620471000671,1
3386,230618_4-2-1.tif,"[343.4602966308594, 7840.609802246094, 23.6751708984375, 32.2427978515625]",0.8089550137519836,1
3387,230618_4-2-1.tif,"[1517.5125122070312, 2559.765838623047, 22.56304931640625, 30.093780517578125]",0.8087841272354126,1
3388,230618_4-2-1.tif,"[2310.9497680664062, 6690.862579345703, 35.73004150390625, 17.425674438476562]",0.8087651133537292,1
3389,230618_4-2-1.tif,"[2944.992156982422, 2355.3992614746094, 31.46002197265625, 28.8680419921875]",0.8086668848991394,1
3390,230618_4-2-1.tif,"[3926.130157470703, 3747.9061584472656, 18.95526123046875, 34.9180908203125]",0.8086531758308411,1
3391,230618_4-2-1.tif,"[2290.7208862304688, 2247.414093017578, 26.257781982421875, 29.98150634765625]",0.8086358308792114,1
3392,230618_4-2-1.tif,"[1989.84521484375, 8199.959400177002, 17.3760986328125, 37.11696243286133]",0.8085623383522034,1
3393,230618_4-2-1.tif,"[5214.993408203125, 4097.252582550049, 21.90478515625, 28.456771850585938]",0.8085126280784607,1
3394,230618_4-2-1.tif,"[2312.7052612304688, 3512.824249267578, 37.804931640625, 18.41131591796875]",0.808456301689148,1
3395,230618_4-2-1.tif,"[6037.905853271484, 1313.7864990234375, 25.986083984375, 25.8311767578125]",0.8084321618080139,1
3396,230618_4-2-1.tif,"[1071.0748596191406, 3101.0950927734375, 32.190704345703125, 19.612098693847656]",0.8083546161651611,1
3397,230618_4-2-1.tif,"[1160.6988677978516, 3905.572479248047, 23.1422119140625, 32.7193603515625]",0.8083271384239197,1
3398,230618_4-2-1.tif,"[5766.005950927734, 8356.865142822266, 37.08172607421875, 21.19500732421875]",0.8082239627838135,1
3399,230618_4-2-1.tif,"[3666.1370239257812, 8086.4521484375, 17.4378662109375, 31.0216064453125]",0.8082208037376404,1
3400,230618_4-2-1.tif,"[4638.998197555542, 3831.0455474853516, 21.333147048950195, 33.95335388183594]",0.8081658482551575,1
3401,230618_4-2-1.tif,"[3205.3824157714844, 1796.0520935058594, 20.999298095703125, 35.1414794921875]",0.8081375956535339,1
3402,230618_4-2-1.tif,"[3357.185089111328, 1837.0108947753906, 29.37646484375, 30.143310546875]",0.808106541633606,1
3403,230618_4-2-1.tif,"[98.40000915527344, 602.0151062011719, 26.16888427734375, 26.546234130859375]",0.8078766465187073,1
3404,230618_4-2-1.tif,"[906.9152526855469, 5771.992904663086, 33.9892578125, 17.151397705078125]",0.8077313899993896,1
3405,230618_4-2-1.tif,"[5100.293395996094, 9679.113342285156, 31.6385498046875, 19.377197265625]",0.8077309131622314,1
3406,230618_4-2-1.tif,"[4870.175323486328, 1225.8977355957031, 17.4356689453125, 32.704254150390625]",0.8075599670410156,1
3407,230618_4-2-1.tif,"[3824.3741455078125, 6373.099029541016, 31.118408203125, 23.78302001953125]",0.8074612021446228,1
3408,230618_4-2-1.tif,"[3514.8992919921875, 5484.6043701171875, 34.337646484375, 21.192138671875]",0.8073956966400146,1
3409,230618_4-2-1.tif,"[4715.726531982422, 1619.3267974853516, 17.859893798828125, 38.63755798339844]",0.8073751330375671,1
3410,230618_4-2-1.tif,"[4427.492095947266, 1915.5372009277344, 16.79498291015625, 30.5474853515625]",0.8073170781135559,1
3411,230618_4-2-1.tif,"[923.1614379882812, 4335.540786743164, 18.2041015625, 37.17674255371094]",0.807295024394989,1
3412,230618_4-2-1.tif,"[2993.0720825195312, 1608.940185546875, 33.16375732421875, 20.247802734375]",0.8072533011436462,1
3413,230618_4-2-1.tif,"[2752.5442810058594, 5596.8673095703125, 20.62353515625, 32.8865966796875]",0.8072442412376404,1
3414,230618_4-2-1.tif,"[6235.2330322265625, 7392.073028564453, 23.52734375, 24.98974609375]",0.8072242140769958,1
3415,230618_4-2-1.tif,"[1243.5296630859375, 6190.4825439453125, 33.8670654296875, 26.646690368652344]",0.807220995426178,1
3416,230618_4-2-1.tif,"[4470.501281738281, 4512.588165283203, 28.3992919921875, 30.63397216796875]",0.8071499466896057,1
3417,230618_4-2-1.tif,"[2806.020782470703, 776.28076171875, 29.2392578125, 29.3812255859375]",0.8071491122245789,1
3418,230618_4-2-1.tif,"[5236.0128173828125, 824.8219604492188, 18.421554565429688, 37.52166748046875]",0.8071162700653076,1
3419,230618_4-2-1.tif,"[5320.319549560547, 9054.40673828125, 20.88446044921875, 24.9608154296875]",0.8070825934410095,1
3420,230618_4-2-1.tif,"[4509.048126220703, 5530.952941894531, 33.10498046875, 17.85601806640625]",0.8070793151855469,1
3421,230618_4-2-1.tif,"[845.9837646484375, 73.01203918457031, 34.96142578125, 16.746795654296875]",0.8070662617683411,1
3422,230618_4-2-1.tif,"[3029.5451049804688, 463.2177429199219, 27.71868896484375, 24.76812744140625]",0.8070436716079712,1
3423,230618_4-2-1.tif,"[4306.277145385742, 1714.4660034179688, 20.748260498046875, 32.94500732421875]",0.806974470615387,1
3424,230618_4-2-1.tif,"[1740.2738342285156, 881.3545837402344, 18.31292724609375, 36.03326416015625]",0.8069361448287964,1
3425,230618_4-2-1.tif,"[1008.4498291015625, 6033.595031738281, 24.59002685546875, 33.9915771484375]",0.8067877888679504,1
3426,230618_4-2-1.tif,"[1583.7508850097656, 4371.46875, 20.716644287109375, 31.45703125]",0.8065939545631409,1
3427,230618_4-2-1.tif,"[463.08221435546875, 2391.478790283203, 33.7906494140625, 18.3304443359375]",0.8065492510795593,1
3428,230618_4-2-1.tif,"[3344.808349609375, 1934.2198791503906, 21.3074951171875, 33.43194580078125]",0.8065352439880371,1
3429,230618_4-2-1.tif,"[5843.7880859375, 659.4876708984375, 26.7303466796875, 27.48846435546875]",0.8064959645271301,1
3430,230618_4-2-1.tif,"[2403.7991638183594, 4393.496643066406, 19.3973388671875, 33.01318359375]",0.8064912557601929,1
3431,230618_4-2-1.tif,"[6504.683776855469, 420.5052490234375, 33.2286376953125, 24.12445068359375]",0.8064045310020447,1
3432,230618_4-2-1.tif,"[458.15155029296875, 9656.124084472656, 28.055908203125, 30.46075439453125]",0.8062850832939148,1
3433,230618_4-2-1.tif,"[404.41766357421875, 9437.106872558594, 23.5159912109375, 35.86628723144531]",0.8061394095420837,1
3434,230618_4-2-1.tif,"[1252.3564758300781, 4581.317932128906, 33.30328369140625, 18.9188232421875]",0.8060982823371887,1
3435,230618_4-2-1.tif,"[1649.8693542480469, 7439.789978027344, 18.81085205078125, 35.8817138671875]",0.8060880303382874,1
3436,230618_4-2-1.tif,"[5964.359710693359, 1676.7281188964844, 28.670654296875, 23.71319580078125]",0.8060693144798279,1
3437,230618_4-2-1.tif,"[5974.199157714844, 9971.273986816406, 28.43902587890625, 27.655029296875]",0.8060125708580017,1
3438,230618_4-2-1.tif,"[5662.516220092773, 2907.3258666992188, 16.507736206054688, 30.83233642578125]",0.8060110807418823,1
3439,230618_4-2-1.tif,"[2868.6676635742188, 1048.066047668457, 23.52899169921875, 31.65892791748047]",0.8059706687927246,1
3440,230618_4-2-1.tif,"[6204.617946624756, 8903.655944824219, 17.857425689697266, 36.79718017578125]",0.8059289455413818,1
3441,230618_4-2-1.tif,"[3109.2130126953125, 5563.018524169922, 18.86279296875, 33.850555419921875]",0.8059101104736328,1
3442,230618_4-2-1.tif,"[3666.7703857421875, 6355.16911315918, 26.839736938476562, 26.510940551757812]",0.8058932423591614,1
3443,230618_4-2-1.tif,"[4082.9453735351562, 1582.3255615234375, 22.852813720703125, 37.3082275390625]",0.8058420419692993,1
3444,230618_4-2-1.tif,"[5480.7430419921875, 4732.023979187012, 34.212890625, 23.56189727783203]",0.8058012127876282,1
3445,230618_4-2-1.tif,"[4514.436279296875, 155.37759399414062, 18.6094970703125, 29.668426513671875]",0.8057999610900879,1
3446,230618_4-2-1.tif,"[2001.265380859375, 4162.234069824219, 18.249755859375, 29.4256591796875]",0.8057600855827332,1
3447,230618_4-2-1.tif,"[3756.0825958251953, 2470.432403564453, 29.51153564453125, 25.70562744140625]",0.805748462677002,1
3448,230618_4-2-1.tif,"[105.43882751464844, 9562.946594238281, 20.768966674804688, 32.62322998046875]",0.8056581616401672,1
3449,230618_4-2-1.tif,"[492.8401794433594, 3675.587677001953, 38.803497314453125, 72.17170715332031]",0.8056445717811584,1
3450,230618_4-2-1.tif,"[3206.794464111328, 1674.1976013183594, 25.884002685546875, 25.21209716796875]",0.8056231737136841,1
3451,230618_4-2-1.tif,"[854.12841796875, 4464.636474609375, 38.630615234375, 17.7720947265625]",0.8054927587509155,1
3452,230618_4-2-1.tif,"[848.5546875, 7663.197265625, 26.8917236328125, 26.6650390625]",0.8054333329200745,1
3453,230618_4-2-1.tif,"[5694.0926513671875, 1090.728416442871, 32.67822265625, 17.14971923828125]",0.8053191900253296,1
3454,230618_4-2-1.tif,"[5351.357727050781, 2245.553741455078, 38.273193359375, 19.3179931640625]",0.8053082227706909,1
3455,230618_4-2-1.tif,"[4309.537094116211, 6207.587139129639, 36.02435302734375, 22.548847198486328]",0.8053004741668701,1
3456,230618_4-2-1.tif,"[4882.610595703125, 6531.227142333984, 28.593505859375, 21.39190673828125]",0.8052660822868347,1
3457,230618_4-2-1.tif,"[6261.0882568359375, 510.3386535644531, 20.111251831054688, 43.940155029296875]",0.8051077723503113,1
3458,230618_4-2-1.tif,"[5309.67204284668, 2610.7237548828125, 19.075225830078125, 34.16015625]",0.805082380771637,1
3459,230618_4-2-1.tif,"[3321.3919219970703, 2186.087432861328, 21.812118530273438, 34.64874267578125]",0.8049583435058594,1
3460,230618_4-2-1.tif,"[395.70599365234375, 8208.834289550781, 31.074371337890625, 21.81768798828125]",0.8047615885734558,1
3461,230618_4-2-1.tif,"[2982.7816162109375, 757.0900573730469, 20.4073486328125, 33.01763916015625]",0.8047605156898499,1
3462,230618_4-2-1.tif,"[1259.48095703125, 3043.6154174804688, 33.45123291015625, 23.5333251953125]",0.8047267198562622,1
3463,230618_4-2-1.tif,"[6101.313018798828, 9545.275756835938, 18.27130126953125, 32.90167236328125]",0.8046767711639404,1
3464,230618_4-2-1.tif,"[2139.7642822265625, 1826.9462890625, 22.639251708984375, 30.236480712890625]",0.8046554327011108,1
3465,230618_4-2-1.tif,"[1335.6233825683594, 3545.3242797851562, 23.38470458984375, 27.2677001953125]",0.8046388626098633,1
3466,230618_4-2-1.tif,"[593.6062316894531, 7115.780517578125, 20.194122314453125, 33.76904296875]",0.80463045835495,1
3467,230618_4-2-1.tif,"[1083.4575653076172, 9351.59390258789, 35.12190246582031, 35.239871978759766]",0.8045312762260437,1
3468,230618_4-2-1.tif,"[2818.6337890625, 1834.2783203125, 32.96539306640625, 24.3724365234375]",0.80451899766922,1
3469,230618_4-2-1.tif,"[3848.9237060546875, 6630.3204345703125, 27.57012939453125, 28.17669677734375]",0.8044902682304382,1
3470,230618_4-2-1.tif,"[2705.2130126953125, 3100.141103744507, 36.28656005859375, 17.697153091430664]",0.8044629096984863,1
3471,230618_4-2-1.tif,"[1895.7910461425781, 1583.7633056640625, 24.538055419921875, 28.17725372314453]",0.8044543862342834,1
3472,230618_4-2-1.tif,"[2080.7960205078125, 1432.4295654296875, 27.980224609375, 27.3311767578125]",0.8043965697288513,1
3473,230618_4-2-1.tif,"[1778.5193786621094, 4218.73486328125, 42.690582275390625, 20.830581665039062]",0.8043849468231201,1
3474,230618_4-2-1.tif,"[708.7893371582031, 1261.1165161132812, 17.00360107421875, 33.583984375]",0.8043489456176758,1
3475,230618_4-2-1.tif,"[4963.6361083984375, 9022.431091308594, 16.9769287109375, 36.3890380859375]",0.8043083548545837,1
3476,230618_4-2-1.tif,"[3850.5029296875, 3237.770034790039, 37.226318359375, 22.41558837890625]",0.8042969703674316,1
3477,230618_4-2-1.tif,"[2277.3695678710938, 4977.004455566406, 33.77294921875, 20.03271484375]",0.8042694926261902,1
3478,230618_4-2-1.tif,"[2267.112823486328, 7132.7757568359375, 18.54193115234375, 37.1986083984375]",0.8042341470718384,1
3479,230618_4-2-1.tif,"[2117.2000122070312, 3967.5421142578125, 28.542724609375, 28.00048828125]",0.8041689991950989,1
3480,230618_4-2-1.tif,"[1017.2030639648438, 478.7607421875, 35.43022346496582, 17.94708251953125]",0.8041620850563049,1
3481,230618_4-2-1.tif,"[882.7915649414062, 6655.541687011719, 29.9862060546875, 27.9051513671875]",0.8041113615036011,1
3482,230618_4-2-1.tif,"[618.115234375, 3852.18505859375, 37.08587646484375, 23.0902099609375]",0.8040705323219299,1
3483,230618_4-2-1.tif,"[2957.7061767578125, 434.40655517578125, 25.6597900390625, 30.675048828125]",0.8040317296981812,1
3484,230618_4-2-1.tif,"[1299.876953125, 8060.954345703125, 20.758544921875, 37.571044921875]",0.8040019869804382,1
3485,230618_4-2-1.tif,"[6416.516632080078, 6707.189758300781, 35.75762939453125, 27.259765625]",0.8040007948875427,1
3486,230618_4-2-1.tif,"[1310.2289428710938, 7748.73046875, 29.9432373046875, 25.583114624023438]",0.8039958477020264,1
3487,230618_4-2-1.tif,"[3804.6961059570312, 75.61112976074219, 17.2642822265625, 34.59088134765625]",0.8039367198944092,1
3488,230618_4-2-1.tif,"[1877.832763671875, 2811.5763244628906, 38.7757568359375, 19.32122802734375]",0.8038752675056458,1
3489,230618_4-2-1.tif,"[3549.71044921875, 5172.038650512695, 27.3538818359375, 28.307052612304688]",0.8038615584373474,1
3490,230618_4-2-1.tif,"[490.2264404296875, 5843.703704833984, 22.3775634765625, 29.398895263671875]",0.8038140535354614,1
3491,230618_4-2-1.tif,"[764.5633850097656, 281.369873046875, 35.25164794921875, 17.6260986328125]",0.8036907315254211,1
3492,230618_4-2-1.tif,"[1367.0318603515625, 9696.201538085938, 19.8963623046875, 34.70684814453125]",0.8036215305328369,1
3493,230618_4-2-1.tif,"[666.0993957519531, 6565.665344238281, 20.42706298828125, 29.42449951171875]",0.8036198019981384,1
3494,230618_4-2-1.tif,"[1734.2213134765625, 6058.5882568359375, 19.553955078125, 38.81353759765625]",0.8035761713981628,1
3495,230618_4-2-1.tif,"[2675.74365234375, 2649.1005859375, 42.245391845703125, 19.259765625]",0.803570032119751,1
3496,230618_4-2-1.tif,"[1370.9175109863281, 8681.928192138672, 31.50250244140625, 18.231689453125]",0.8035630583763123,1
3497,230618_4-2-1.tif,"[3798.1949157714844, 5203.529388427734, 25.927490234375, 26.54071044921875]",0.8035365343093872,1
3498,230618_4-2-1.tif,"[1259.6987915039062, 5999.336212158203, 34.05059814453125, 17.7781982421875]",0.8034622073173523,1
3499,230618_4-2-1.tif,"[2533.7179565429688, 1192.2228393554688, 17.4166259765625, 33.9423828125]",0.8034477233886719,1
3500,230618_4-2-1.tif,"[4.730537414550781, 7575.601348876953, 26.224254608154297, 27.81475830078125]",0.8034037947654724,1
3501,230618_4-2-1.tif,"[6075.514221191406, 1040.4869079589844, 21.0079345703125, 39.341163635253906]",0.8032711744308472,1
3502,230618_4-2-1.tif,"[5171.223861694336, 7202.3055419921875, 19.020278930664062, 34.6693115234375]",0.8032182455062866,1
3503,230618_4-2-1.tif,"[1250.5804443359375, 1854.1952514648438, 22.42193603515625, 30.2076416015625]",0.8030751943588257,1
3504,230618_4-2-1.tif,"[4547.6201171875, 6094.661682128906, 18.074951171875, 37.7037353515625]",0.8029988408088684,1
3505,230618_4-2-1.tif,"[896.4481201171875, 7885.175354003906, 16.9083251953125, 30.179534912109375]",0.802966296672821,1
3506,230618_4-2-1.tif,"[2049.797046661377, 1150.6041107177734, 20.306652069091797, 35.816558837890625]",0.8028843402862549,1
3507,230618_4-2-1.tif,"[2551.0638427734375, 1081.52490234375, 22.4923095703125, 37.32171630859375]",0.8027647137641907,1
3508,230618_4-2-1.tif,"[5479.919860839844, 5395.951690673828, 25.46905517578125, 32.28472900390625]",0.8027324676513672,1
3509,230618_4-2-1.tif,"[710.3859100341797, 309.23223876953125, 36.093536376953125, 24.0098876953125]",0.8027251362800598,1
3510,230618_4-2-1.tif,"[1807.1661376953125, 4682.384704589844, 26.236328125, 31.207061767578125]",0.802670419216156,1
3511,230618_4-2-1.tif,"[494.072998046875, 7795.699691772461, 26.26774024963379, 26.30078125]",0.8025428652763367,1
3512,230618_4-2-1.tif,"[3683.1112213134766, 2552.933807373047, 16.499916076660156, 30.889801025390625]",0.8025346994400024,1
3513,230618_4-2-1.tif,"[3943.8392333984375, 7438.0869140625, 164.8126220703125, 230.6708984375]",0.8024760484695435,1
3514,230618_4-2-1.tif,"[613.9463500976562, 4672.698638916016, 17.603897094726562, 35.0650634765625]",0.8022452592849731,1
3515,230618_4-2-1.tif,"[1170.5052032470703, 6180.471435546875, 22.464996337890625, 35.16291809082031]",0.8022062182426453,1
3516,230618_4-2-1.tif,"[83.38778686523438, 3515.7479248046875, 17.3363037109375, 38.528076171875]",0.8021609783172607,1
3517,230618_4-2-1.tif,"[3991.3306579589844, 4585.9422607421875, 24.097442626953125, 37.15780735015869]",0.8021305203437805,1
3518,230618_4-2-1.tif,"[2906.6530151367188, 1610.593505859375, 18.570068359375, 38.5721435546875]",0.8021193146705627,1
3519,230618_4-2-1.tif,"[2587.61328125, 4432.888000488281, 24.676513671875, 29.83056640625]",0.8020930290222168,1
3520,230618_4-2-1.tif,"[1144.1915283203125, 8275.26350402832, 24.001602172851562, 32.11625671386719]",0.8020780086517334,1
3521,230618_4-2-1.tif,"[126.36895751953125, 809.5856018066406, 31.339447021484375, 23.6314697265625]",0.8020575642585754,1
3522,230618_4-2-1.tif,"[1689.3431396484375, 3643.9803466796875, 31.50067138671875, 25.2132568359375]",0.8019878268241882,1
3523,230618_4-2-1.tif,"[2779.076904296875, 1908.37451171875, 29.752532958984375, 32.2608642578125]",0.8018152713775635,1
3524,230618_4-2-1.tif,"[1676.7195129394531, 2568.9520874023438, 20.154632568359375, 33.56463623046875]",0.8018090724945068,1
3525,230618_4-2-1.tif,"[4089.58642578125, 23.856643676757812, 38.5203857421875, 17.50076675415039]",0.8017212152481079,1
3526,230618_4-2-1.tif,"[4375.787506103516, 6077.514404296875, 23.11419677734375, 34.46160888671875]",0.8016812205314636,1
3527,230618_4-2-1.tif,"[3175.400115966797, 6403.858703613281, 23.967681884765625, 29.7725830078125]",0.8016628623008728,1
3528,230618_4-2-1.tif,"[4024.638916015625, 8642.889587402344, 20.8433837890625, 33.803955078125]",0.8016575574874878,1
3529,230618_4-2-1.tif,"[5067.370361328125, 1581.48779296875, 17.59735107421875, 39.5189208984375]",0.8015201687812805,1
3530,230618_4-2-1.tif,"[2493.380889892578, 2366.1947021484375, 21.729248046875, 31.055908203125]",0.8015168309211731,1
3531,230618_4-2-1.tif,"[1562.6698608398438, 5415.376556396484, 35.16880798339844, 19.570098876953125]",0.8014917969703674,1
3532,230618_4-2-1.tif,"[425.1376953125, 7387.808929443359, 38.19549560546875, 18.36151123046875]",0.8014793395996094,1
3533,230618_4-2-1.tif,"[3502.015625, 3194.566162109375, 43.11676025390625, 19.563247680664062]",0.8014075756072998,1
3534,230618_4-2-1.tif,"[954.1477966308594, 7467.994873046875, 17.61895751953125, 37.18084716796875]",0.801360011100769,1
3535,230618_4-2-1.tif,"[7686.855838775635, 5633.9293212890625, 31.381465911865234, 34.717041015625]",0.8013501763343811,1
3536,230618_4-2-1.tif,"[2805.2861328125, 2667.096435546875, 38.578125, 23.323959350585938]",0.8013190031051636,1
3537,230618_4-2-1.tif,"[3667.764434814453, 2274.4107971191406, 29.563568115234375, 23.258438110351562]",0.8012691140174866,1
3538,230618_4-2-1.tif,"[2028.9823913574219, 482.10662841796875, 18.1920166015625, 33.233154296875]",0.8012139201164246,1
3539,230618_4-2-1.tif,"[2197.7138671875, 2212.998291015625, 33.42236328125, 23.79052734375]",0.8011179566383362,1
3540,230618_4-2-1.tif,"[4489.203430175781, 8643.318664550781, 34.1854248046875, 22.20068359375]",0.8011006116867065,1
3541,230618_4-2-1.tif,"[6020.678558349609, 9228.561645507812, 30.435821533203125, 20.21465301513672]",0.801001250743866,1
3542,230618_4-2-1.tif,"[5186.406066894531, 8500.881469726562, 18.333999633789062, 37.34527587890625]",0.800899088382721,1
3543,230618_4-2-1.tif,"[1858.2232055664062, 3098.3543701171875, 22.13433837890625, 39.24553680419922]",0.8008619546890259,1
3544,230618_4-2-1.tif,"[657.8458862304688, 1739.7134704589844, 17.4208984375, 32.018646240234375]",0.800794243812561,1
3545,230618_4-2-1.tif,"[3630.904499053955, 2036.6102905273438, 37.541561126708984, 18.698516845703125]",0.8007530570030212,1
3546,230618_4-2-1.tif,"[3959.7595825195312, 2260.773651123047, 33.265869140625, 18.80169677734375]",0.8007452487945557,1
3547,230618_4-2-1.tif,"[36.95286560058594, 997.7660827636719, 34.093849182128906, 20.482421875]",0.8006929159164429,1
3548,230618_4-2-1.tif,"[963.1161804199219, 9391.630340576172, 16.925567626953125, 35.443206787109375]",0.8006475567817688,1
3549,230618_4-2-1.tif,"[8035.421234130859, 5525.3009033203125, 38.63153076171875, 29.95367431640625]",0.8004259467124939,1
3550,230618_4-2-1.tif,"[4811.137588500977, 6259.2677001953125, 35.0706787109375, 24.779998779296875]",0.8004116415977478,1
3551,230618_4-2-1.tif,"[675.3471069335938, 7593.0699462890625, 31.16717529296875, 25.4617919921875]",0.8003779649734497,1
3552,230618_4-2-1.tif,"[1581.0023803710938, 9364.794509887695, 18.51654052734375, 35.98033142089844]",0.8003178834915161,1
3553,230618_4-2-1.tif,"[1085.7579345703125, 6829.413635253906, 21.44140625, 33.52764892578125]",0.800285279750824,1
3554,230618_4-2-1.tif,"[4432.607696533203, 8167.907958984375, 37.28338623046875, 22.1064453125]",0.8001830577850342,1
3555,230618_4-2-1.tif,"[4864.442626953125, 3775.2630004882812, 17.29791259765625, 34.0120849609375]",0.8001606464385986,1
3556,230618_4-2-1.tif,"[2475.457733154297, 3093.5213623046875, 19.938232421875, 31.779541015625]",0.8000723123550415,1
3557,230618_4-2-1.tif,"[5258.897567749023, 1201.9231719970703, 21.511688232421875, 28.617523193359375]",0.800058126449585,1
3558,230618_4-2-1.tif,"[1549.7373657226562, 9844.127563476562, 23.137176513671875, 38.4212646484375]",0.800036609172821,1
3559,230618_4-2-1.tif,"[3798.2450561523438, 1792.7620239257812, 35.725982666015625, 19.7508544921875]",0.799970269203186,1
3560,230618_4-2-1.tif,"[4105.733291625977, 2318.329803466797, 30.059707641601562, 29.028717041015625]",0.7999693155288696,1
3561,230618_4-2-1.tif,"[2708.048294067383, 2833.6912841796875, 18.049407958984375, 32.7835693359375]",0.7998912334442139,1
3562,230618_4-2-1.tif,"[2042.0995483398438, 1701.750732421875, 25.775131225585938, 27.079971313476562]",0.7998748421669006,1
3563,230618_4-2-1.tif,"[1683.7226867675781, 7765.8173828125, 33.59271240234375, 17.166015625]",0.7998585104942322,1
3564,230618_4-2-1.tif,"[3566.2847290039062, 1883.9905700683594, 24.067137718200684, 39.001708984375]",0.7998014092445374,1
3565,230618_4-2-1.tif,"[5305.881195068359, 6301.307373046875, 34.18536376953125, 16.917022705078125]",0.7997854948043823,1
3566,230618_4-2-1.tif,"[2735.8914489746094, 1695.0954895019531, 35.91510009765625, 17.824493408203125]",0.7997438311576843,1
3567,230618_4-2-1.tif,"[2681.4401245117188, 4297.397750854492, 17.880340576171875, 45.87896728515625]",0.7997212409973145,1
3568,230618_4-2-1.tif,"[2508.08056640625, 4962.916259765625, 21.3406982421875, 30.83941650390625]",0.7996671795845032,1
3569,230618_4-2-1.tif,"[5524.646484375, 3557.3374633789062, 22.36328125, 42.00442600250244]",0.7995679378509521,1
3570,230618_4-2-1.tif,"[2259.9486389160156, 7294.915634155273, 20.504241943359375, 42.093231201171875]",0.7995654940605164,1
3571,230618_4-2-1.tif,"[680.1892395019531, 4069.2552490234375, 32.90020751953125, 22.35546875]",0.7995306849479675,1
3572,230618_4-2-1.tif,"[3053.1486206054688, 8186.884735107422, 24.06244421005249, 32.744285583496094]",0.7995008826255798,1
3573,230618_4-2-1.tif,"[2053.5770950317383, 830.509765625, 36.77080535888672, 19.6802978515625]",0.7994875311851501,1
3574,230618_4-2-1.tif,"[4069.7080688476562, 941.9408569335938, 31.3360595703125, 21.005126953125]",0.799389123916626,1
3575,230618_4-2-1.tif,"[3147.701629638672, 8252.10595703125, 19.666519165039062, 33.245277404785156]",0.7993416786193848,1
3576,230618_4-2-1.tif,"[5546.011779785156, 2882.5115966796875, 33.81024169921875, 16.9400634765625]",0.7993142008781433,1
3577,230618_4-2-1.tif,"[4102.421630859375, 2941.6689453125, 28.2041015625, 23.8114013671875]",0.7992870807647705,1
3578,230618_4-2-1.tif,"[2395.4591674804688, 2000.5128784179688, 21.1470947265625, 31.870361328125]",0.7992764711380005,1
3579,230618_4-2-1.tif,"[2012.49560546875, 3966.3074951171875, 21.3424072265625, 35.201171875]",0.7992486953735352,1
3580,230618_4-2-1.tif,"[432.16387939453125, 1967.1201782226562, 35.02264404296875, 22.48724365234375]",0.7991718649864197,1
3581,230618_4-2-1.tif,"[2573.0077514648438, 6376.428436279297, 22.077186584472656, 34.720245361328125]",0.7991551756858826,1
3582,230618_4-2-1.tif,"[6513.6793212890625, 150.1813507080078, 16.7867431640625, 30.866607666015625]",0.7990719079971313,1
3583,230618_4-2-1.tif,"[1865.531494140625, 7006.8851318359375, 28.8409423828125, 21.16925048828125]",0.7989996075630188,1
3584,230618_4-2-1.tif,"[2460.9373779296875, 602.5234375, 16.799468994140625, 39.853118896484375]",0.7989590167999268,1
3585,230618_4-2-1.tif,"[3291.09521484375, 2490.326416015625, 34.40789794921875, 32.236328125]",0.7989097237586975,1
3586,230618_4-2-1.tif,"[5059.6014404296875, 6530.7774658203125, 18.609130859375, 33.82208251953125]",0.7989094853401184,1
3587,230618_4-2-1.tif,"[2709.337188720703, 3656.999755859375, 17.216339111328125, 35.0750732421875]",0.7987164258956909,1
3588,230618_4-2-1.tif,"[3859.3172607421875, 9406.365310668945, 20.61505126953125, 40.181640625]",0.7986835837364197,1
3589,230618_4-2-1.tif,"[42.6778564453125, 6087.285217285156, 33.442535400390625, 22.3480224609375]",0.7986679673194885,1
3590,230618_4-2-1.tif,"[2401.8994140625, 2445.763946533203, 18.6297607421875, 37.7203369140625]",0.7986050248146057,1
3591,230618_4-2-1.tif,"[988.238525390625, 2140.5186157226562, 34.9605712890625, 19.945419311523438]",0.7985879778862,1
3592,230618_4-2-1.tif,"[7389.450927734375, 9838.277587890625, 36.32171630859375, 24.2978515625]",0.7985814809799194,1
3593,230618_4-2-1.tif,"[5645.896366119385, 2463.8223266601562, 20.64495849609375, 34.78564453125]",0.7984749674797058,1
3594,230618_4-2-1.tif,"[3651.808578491211, 7974.725738525391, 21.696426391601562, 34.652679443359375]",0.7982280254364014,1
3595,230618_4-2-1.tif,"[4189.369247436523, 143.36639404296875, 31.041336059570312, 21.533905029296875]",0.7982210516929626,1
3596,230618_4-2-1.tif,"[5241.064956665039, 2769.259796142578, 27.709716796875, 30.604644775390625]",0.798210859298706,1
3597,230618_4-2-1.tif,"[1960.2549133300781, 3725.2008666992188, 18.882080078125, 35.203857421875]",0.7981927990913391,1
3598,230618_4-2-1.tif,"[2627.635726928711, 2226.3446655273438, 16.223464965820312, 32.78466796875]",0.7981698513031006,1
3599,230618_4-2-1.tif,"[2858.87841796875, 128.68231201171875, 30.2991943359375, 21.78741455078125]",0.7981690764427185,1
3600,230618_4-2-1.tif,"[271.2334289550781, 4903.6923828125, 28.03338623046875, 24.193359375]",0.7980960011482239,1
3601,230618_4-2-1.tif,"[3970.6077880859375, 2674.8983764648438, 35.7637939453125, 18.41900634765625]",0.798060417175293,1
3602,230618_4-2-1.tif,"[1604.7606201171875, 7024.855133056641, 20.218017578125, 35.1004638671875]",0.7980453968048096,1
3603,230618_4-2-1.tif,"[1021.5980224609375, 1140.6295013427734, 26.9473876953125, 32.38255310058594]",0.7979887127876282,1
3604,230618_4-2-1.tif,"[3854.2965087890625, 6506.248046875, 21.66015625, 37.994873046875]",0.7979366779327393,1
3605,230618_4-2-1.tif,"[4598.554443359375, 4673.117401123047, 18.625621795654297, 34.886444091796875]",0.797917366027832,1
3606,230618_4-2-1.tif,"[1348.860595703125, 3274.5042266845703, 20.47479248046875, 34.74224853515625]",0.7978953123092651,1
3607,230618_4-2-1.tif,"[1816.3580627441406, 4332.761749267578, 18.378662109375, 33.394927978515625]",0.7978927493095398,1
3608,230618_4-2-1.tif,"[6182.981407165527, 733.0437469482422, 34.955238342285156, 19.836410522460938]",0.7978532314300537,1
3609,230618_4-2-1.tif,"[2390.5296020507812, 5762.484848022461, 26.257080078125, 18.549560546875]",0.7978482842445374,1
3610,230618_4-2-1.tif,"[3464.677978515625, 9860.913452148438, 39.707763671875, 20.0389404296875]",0.79784095287323,1
3611,230618_4-2-1.tif,"[4570.648162841797, 2907.7335205078125, 29.672119140625, 24.05712890625]",0.7978326082229614,1
3612,230618_4-2-1.tif,"[3362.3555603027344, 3475.0416870117188, 15.9901123046875, 32.6845703125]",0.797827422618866,1
3613,230618_4-2-1.tif,"[1400.1897888183594, 2138.29931640625, 28.5577392578125, 30.254638671875]",0.7978032231330872,1
3614,230618_4-2-1.tif,"[1701.437744140625, 8704.4814453125, 18.3311767578125, 34.2825927734375]",0.7977153658866882,1
3615,230618_4-2-1.tif,"[1587.472297668457, 4726.442626953125, 23.514251708984375, 28.9500732421875]",0.7977139949798584,1
3616,230618_4-2-1.tif,"[1661.7100830078125, 4984.114440917969, 18.438995361328125, 31.0321044921875]",0.7977114915847778,1
3617,230618_4-2-1.tif,"[1638.6737060546875, 4235.770904541016, 37.208160400390625, 21.4495849609375]",0.7977024912834167,1
3618,230618_4-2-1.tif,"[3163.300537109375, 7009.1024169921875, 35.5958251953125, 17.876708984375]",0.7976876497268677,1
3619,230618_4-2-1.tif,"[640.4955444335938, 2835.9117431640625, 26.1663818359375, 32.6904296875]",0.7976276278495789,1
3620,230618_4-2-1.tif,"[4724.273956298828, 2798.5761108398438, 19.90380859375, 35.019134521484375]",0.7976162433624268,1
3621,230618_4-2-1.tif,"[2851.548095703125, 4503.07470703125, 39.015625, 23.4215087890625]",0.7976112961769104,1
3622,230618_4-2-1.tif,"[4114.1983642578125, 7162.271789550781, 18.7559814453125, 29.7012939453125]",0.7975974678993225,1
3623,230618_4-2-1.tif,"[1874.3903198242188, 4386.035125732422, 33.75921630859375, 16.9439697265625]",0.7975659966468811,1
3624,230618_4-2-1.tif,"[1514.9131774902344, 8096.889404296875, 18.78009033203125, 40.8157958984375]",0.7975561618804932,1
3625,230618_4-2-1.tif,"[2095.3085327148438, 4054.365020751953, 28.57177734375, 28.93096923828125]",0.7975432872772217,1
3626,230618_4-2-1.tif,"[94.98696899414062, 7522.682861328125, 17.510589599609375, 31.5496826171875]",0.7974702715873718,1
3627,230618_4-2-1.tif,"[6252.7435302734375, 7318.547332763672, 20.446792602539062, 35.617095947265625]",0.7974516153335571,1
3628,230618_4-2-1.tif,"[5211.2847900390625, 7041.152587890625, 35.474853515625, 17.95037841796875]",0.7974228262901306,1
3629,230618_4-2-1.tif,"[4031.248291015625, 5274.81071472168, 16.7525634765625, 31.737823486328125]",0.7973665595054626,1
3630,230618_4-2-1.tif,"[2194.0198974609375, 174.06484985351562, 18.379364013671875, 30.445098876953125]",0.7972699403762817,1
3631,230618_4-2-1.tif,"[4372.817840576172, 6622.244689941406, 18.2734375, 34.4857177734375]",0.7971726655960083,1
3632,230618_4-2-1.tif,"[2267.2245025634766, 762.3743133544922, 29.791534423828125, 26.311050415039062]",0.7970855236053467,1
3633,230618_4-2-1.tif,"[3860.114227294922, 2397.2474975585938, 39.37420654296875, 20.714599609375]",0.7968226075172424,1
3634,230618_4-2-1.tif,"[2503.93896484375, 6992.800598144531, 30.81341552734375, 28.3817138671875]",0.7967965006828308,1
3635,230618_4-2-1.tif,"[3601.175395965576, 981.330810546875, 29.880512237548828, 18.011474609375]",0.7967438101768494,1
3636,230618_4-2-1.tif,"[2088.8360595703125, 501.43682861328125, 45.512603759765625, 23.77298641204834]",0.7967392206192017,1
3637,230618_4-2-1.tif,"[2440.7907104492188, 4904.3428955078125, 22.08251953125, 31.83050537109375]",0.7966189384460449,1
3638,230618_4-2-1.tif,"[3244.9649963378906, 3838.0362243652344, 30.16851806640625, 24.33941650390625]",0.7965884208679199,1
3639,230618_4-2-1.tif,"[5497.446228027344, 28.12980079650879, 40.95208740234375, 17.926450729370117]",0.7965876460075378,1
3640,230618_4-2-1.tif,"[944.1116333007812, 3818.4454650878906, 36.4208984375, 16.5189208984375]",0.796491801738739,1
3641,230618_4-2-1.tif,"[1780.17626953125, 2080.39453125, 19.28228759765625, 32.5791015625]",0.796387791633606,1
3642,230618_4-2-1.tif,"[374.2735595703125, 7442.89111328125, 17.5089111328125, 35.34661865234375]",0.7963678240776062,1
3643,230618_4-2-1.tif,"[4969.504364013672, 2367.0090942382812, 27.5032958984375, 25.30902099609375]",0.7962766885757446,1
3644,230618_4-2-1.tif,"[326.03814697265625, 8072.0623779296875, 20.683349609375, 23.524169921875]",0.7962257862091064,1
3645,230618_4-2-1.tif,"[5057.845672607422, 3603.2014694213867, 37.157562255859375, 17.99054718017578]",0.7962043285369873,1
3646,230618_4-2-1.tif,"[5451.3087158203125, 8707.51982307434, 29.872283935546875, 28.081298828125]",0.7961464524269104,1
3647,230618_4-2-1.tif,"[5814.6060791015625, 1531.1185913085938, 22.75115966796875, 29.304548263549805]",0.7960863709449768,1
3648,230618_4-2-1.tif,"[1884.589111328125, 603.8759765625, 40.1341552734375, 17.118392944335938]",0.7960726618766785,1
3649,230618_4-2-1.tif,"[2129.4833984375, 1598.7508163452148, 21.760498046875, 30.722328186035156]",0.7960296273231506,1
3650,230618_4-2-1.tif,"[5467.9093017578125, 9060.614379882812, 22.693359375, 40.2344970703125]",0.7959672212600708,1
3651,230618_4-2-1.tif,"[1629.9627685546875, 239.0967254638672, 17.005279541015625, 36.12013244628906]",0.7958226799964905,1
3652,230618_4-2-1.tif,"[5901.0606689453125, 1889.3592224121094, 21.1839599609375, 37.2926025390625]",0.7957176566123962,1
3653,230618_4-2-1.tif,"[6857.626922607422, 7962.153991699219, 27.115203857421875, 29.1737060546875]",0.7956673502922058,1
3654,230618_4-2-1.tif,"[1566.467674255371, 7090.856109619141, 34.827735900878906, 17.527099609375]",0.7956361174583435,1
3655,230618_4-2-1.tif,"[674.5696411132812, 4011.435028076172, 35.541229248046875, 19.43048095703125]",0.795608639717102,1
3656,230618_4-2-1.tif,"[2565.7971477508545, 5612.3134765625, 16.45655059814453, 29.64825439453125]",0.7955132722854614,1
3657,230618_4-2-1.tif,"[497.045166015625, 663.8233642578125, 35.654104232788086, 19.80621337890625]",0.7953799366950989,1
3658,230618_4-2-1.tif,"[2880.095703125, 2190.7935180664062, 19.3533935546875, 34.516876220703125]",0.7953293323516846,1
3659,230618_4-2-1.tif,"[938.8811645507812, 1877.3521728515625, 20.3988037109375, 29.5799560546875]",0.7953000068664551,1
3660,230618_4-2-1.tif,"[194.6598663330078, 4537.605224609375, 17.877685546875, 39.68701171875]",0.795268177986145,1
3661,230618_4-2-1.tif,"[5527.370574951172, 9841.845336914062, 38.235870361328125, 22.11773681640625]",0.7950716614723206,1
3662,230618_4-2-1.tif,"[6592.122528076172, 4751.2587890625, 28.39923095703125, 38.1373291015625]",0.7950530648231506,1
3663,230618_4-2-1.tif,"[3489.2859497070312, 2576.9437255859375, 20.6917724609375, 33.796875]",0.7950447797775269,1
3664,230618_4-2-1.tif,"[2339.6118774414062, 5109.702331542969, 28.508056640625, 26.538536071777344]",0.7950440049171448,1
3665,230618_4-2-1.tif,"[3127.3311767578125, 29.832969665527344, 32.93182373046875, 20.041122436523438]",0.7950168251991272,1
3666,230618_4-2-1.tif,"[1420.1582336425781, 9345.5703125, 24.665130615234375, 37.54229736328125]",0.7949678301811218,1
3667,230618_4-2-1.tif,"[827.263427734375, 2926.8734130859375, 16.368896484375, 35.23193359375]",0.7949452996253967,1
3668,230618_4-2-1.tif,"[2991.914794921875, 2954.950225830078, 32.8182373046875, 23.44793701171875]",0.7949042916297913,1
3669,230618_4-2-1.tif,"[736.6963958740234, 2108.157470703125, 17.596221923828125, 37.91064453125]",0.7948452234268188,1
3670,230618_4-2-1.tif,"[6516.692443847656, 3267.3973693847656, 19.55206298828125, 29.2926025390625]",0.794780969619751,1
3671,230618_4-2-1.tif,"[2693.114776611328, 5828.168212890625, 36.629791259765625, 17.18109130859375]",0.7946807742118835,1
3672,230618_4-2-1.tif,"[5440.044464111328, 1679.1516418457031, 37.528564453125, 19.91131591796875]",0.7946462035179138,1
3673,230618_4-2-1.tif,"[182.61419677734375, 1215.2341003417969, 23.638671875, 30.494720458984375]",0.7944785356521606,1
3674,230618_4-2-1.tif,"[722.9707336425781, 1697.7556457519531, 24.6461181640625, 24.92437744140625]",0.7944566607475281,1
3675,230618_4-2-1.tif,"[3445.6865844726562, 506.2875061035156, 23.43603515625, 29.32251739501953]",0.7943209409713745,1
3676,230618_4-2-1.tif,"[2069.614501953125, 6829.829376220703, 27.670265197753906, 24.6949462890625]",0.7943145036697388,1
3677,230618_4-2-1.tif,"[7893.199401855469, 494.5972900390625, 16.52117919921875, 33.3087158203125]",0.7943055033683777,1
3678,230618_4-2-1.tif,"[4563.752227783203, 6936.856658935547, 31.54730224609375, 22.59619140625]",0.794218897819519,1
3679,230618_4-2-1.tif,"[1174.5752868652344, 6301.333938598633, 18.993408203125, 39.338623046875]",0.79408198595047,1
3680,230618_4-2-1.tif,"[755.9751892089844, 9526.767761230469, 32.7991943359375, 20.7685546875]",0.7940704822540283,1
3681,230618_4-2-1.tif,"[2078.1660385131836, 2896.1039123535156, 19.482215881347656, 33.60906982421875]",0.794049859046936,1
3682,230618_4-2-1.tif,"[1079.124267578125, 3446.3651123046875, 29.140701293945312, 23.5699462890625]",0.7940052151679993,1
3683,230618_4-2-1.tif,"[5699.7703857421875, 3221.8093872070312, 21.148193359375, 36.780029296875]",0.793981671333313,1
3684,230618_4-2-1.tif,"[1757.9735412597656, 2542.8818969726562, 35.601104736328125, 34.8422737121582]",0.7939354777336121,1
3685,230618_4-2-1.tif,"[6534.123718261719, 2248.8462829589844, 20.7344970703125, 29.484405517578125]",0.7938982248306274,1
3686,230618_4-2-1.tif,"[5038.6357421875, 9325.744506835938, 37.29705810546875, 17.464599609375]",0.7938514351844788,1
3687,230618_4-2-1.tif,"[2353.062957763672, 1943.9961242675781, 18.2958984375, 35.5322265625]",0.7938442230224609,1
3688,230618_4-2-1.tif,"[5074.88623046875, 8713.181394577026, 37.51751708984375, 18.568239212036133]",0.7938140630722046,1
3689,230618_4-2-1.tif,"[3832.515411376953, 1625.1488647460938, 16.4102783203125, 22.87646484375]",0.793803334236145,1
3690,230618_4-2-1.tif,"[902.5664672851562, 1695.365982055664, 17.684326171875, 34.809051513671875]",0.7937924265861511,1
3691,230618_4-2-1.tif,"[6681.907470703125, 57.93406677246094, 35.2364501953125, 16.679489135742188]",0.7937761545181274,1
3692,230618_4-2-1.tif,"[2869.0458984375, 3300.360076904297, 35.90740966796875, 18.88861083984375]",0.7937422394752502,1
3693,230618_4-2-1.tif,"[2562.7676944732666, 1696.7963256835938, 18.0958194732666, 33.711273193359375]",0.7937394976615906,1
3694,230618_4-2-1.tif,"[4016.9573669433594, 6777.3621826171875, 35.411712646484375, 20.1490478515625]",0.7937360405921936,1
3695,230618_4-2-1.tif,"[5583.127868652344, 6303.877151489258, 33.33154296875, 18.1611328125]",0.793698251247406,1
3696,230618_4-2-1.tif,"[2531.9815063476562, 2571.4930419921875, 27.1715087890625, 33.39240264892578]",0.7935948371887207,1
3697,230618_4-2-1.tif,"[4084.5293579101562, 2428.6587829589844, 18.679606437683105, 37.17523193359375]",0.7935603260993958,1
3698,230618_4-2-1.tif,"[1917.3441162109375, 7696.2744140625, 18.9891357421875, 40.76133728027344]",0.7934659719467163,1
3699,230618_4-2-1.tif,"[1695.81787109375, 1921.619384765625, 33.588653564453125, 19.97088623046875]",0.7934336066246033,1
3700,230618_4-2-1.tif,"[1047.5404052734375, 8512.405822753906, 39.117156982421875, 27.06292724609375]",0.7934140563011169,1
3701,230618_4-2-1.tif,"[2152.7294921875, 7034.414855957031, 36.258026123046875, 18.451416015625]",0.7933871746063232,1
3702,230618_4-2-1.tif,"[1100.1663513183594, 8061.2706298828125, 38.084564208984375, 22.3349609375]",0.7933349609375,1
3703,230618_4-2-1.tif,"[5358.349609375, 3272.5701293945312, 23.7552490234375, 40.6253662109375]",0.7933263182640076,1
3704,230618_4-2-1.tif,"[4416.151458740234, 4993.099670410156, 24.1175537109375, 34.9151611328125]",0.7932955622673035,1
3705,230618_4-2-1.tif,"[5113.909240722656, 2021.785400390625, 34.1617431640625, 17.287445068359375]",0.7932726740837097,1
3706,230618_4-2-1.tif,"[4761.152984619141, 2803.56201171875, 15.418701171875, 33.25946044921875]",0.7932380437850952,1
3707,230618_4-2-1.tif,"[4864.815979003906, 3245.863739013672, 33.567626953125, 22.41754150390625]",0.793056845664978,1
3708,230618_4-2-1.tif,"[1528.2683715820312, 6787.324813842773, 37.0521240234375, 18.230361938476562]",0.7930123209953308,1
3709,230618_4-2-1.tif,"[593.8317413330078, 6004.853576660156, 16.891281127929688, 33.4146728515625]",0.7929859161376953,1
3710,230618_4-2-1.tif,"[2878.9403686523438, 8742.356689453125, 20.2109375, 38.44239807128906]",0.792851984500885,1
3711,230618_4-2-1.tif,"[4132.170944213867, 2667.140869140625, 18.783843994140625, 40.15631103515625]",0.7927849292755127,1
3712,230618_4-2-1.tif,"[4729.765235900879, 6804.998321533203, 33.71874237060547, 22.216796875]",0.792717456817627,1
3713,230618_4-2-1.tif,"[3272.3300170898438, 8499.125305175781, 37.976318359375, 21.80059814453125]",0.7926389575004578,1
3714,230618_4-2-1.tif,"[4056.0289001464844, 2560.7865600585938, 21.24200439453125, 32.0435791015625]",0.792573869228363,1
3715,230618_4-2-1.tif,"[4617.166656494141, 1339.9240112304688, 19.229400634765625, 30.1246337890625]",0.7925724387168884,1
3716,230618_4-2-1.tif,"[4906.049774169922, 8529.852752685547, 18.24346923828125, 37.51800537109375]",0.7924852967262268,1
3717,230618_4-2-1.tif,"[1242.2039184570312, 5499.209747314453, 14.6976318359375, 33.14764404296875]",0.7924413084983826,1
3718,230618_4-2-1.tif,"[2125.7669525146484, 3425.9025268554688, 31.187149047851562, 29.430908203125]",0.7924269437789917,1
3719,230618_4-2-1.tif,"[1144.5675048828125, 3047.6724243164062, 18.603851318359375, 48.29911231994629]",0.7922902703285217,1
3720,230618_4-2-1.tif,"[2216.4729614257812, 4435.9141845703125, 17.3016357421875, 37.8663330078125]",0.7922745943069458,1
3721,230618_4-2-1.tif,"[3060.2935791015625, 2319.751495361328, 37.082590103149414, 25.360931396484375]",0.7922361493110657,1
3722,230618_4-2-1.tif,"[6332.668365478516, 7604.524230957031, 19.1922607421875, 37.373779296875]",0.792231023311615,1
3723,230618_4-2-1.tif,"[2592.966064453125, 3043.6260375976562, 36.3553466796875, 19.721923828125]",0.7921984195709229,1
3724,230618_4-2-1.tif,"[673.8765869140625, 215.46807861328125, 38.15386962890625, 22.16754150390625]",0.7921192646026611,1
3725,230618_4-2-1.tif,"[227.69784545898438, 677.8627014160156, 34.822235107421875, 17.44775390625]",0.7920291423797607,1
3726,230618_4-2-1.tif,"[6058.795349121094, 7233.077697753906, 23.755859375, 28.1170654296875]",0.7919824719429016,1
3727,230618_4-2-1.tif,"[4657.6181640625, 1042.7186889648438, 34.93446350097656, 16.028564453125]",0.7919604778289795,1
3728,230618_4-2-1.tif,"[368.85504150390625, 4218.241882324219, 40.924560546875, 21.480056762695312]",0.7918365001678467,1
3729,230618_4-2-1.tif,"[939.0394287109375, 6565.985168457031, 25.2672119140625, 35.0880126953125]",0.7918341159820557,1
3730,230618_4-2-1.tif,"[109.64860534667969, 5824.8519287109375, 19.013839721679688, 37.4173583984375]",0.7917686700820923,1
3731,230618_4-2-1.tif,"[1417.2552490234375, 2187.6332397460938, 31.5230712890625, 27.38616943359375]",0.7917369604110718,1
3732,230618_4-2-1.tif,"[4374.496368408203, 1192.84716796875, 17.12506103515625, 37.227783203125]",0.7917264103889465,1
3733,230618_4-2-1.tif,"[2180.047866821289, 1445.6017761230469, 19.62982177734375, 32.98651123046875]",0.7917184233665466,1
3734,230618_4-2-1.tif,"[735.9868469238281, 1217.6026306152344, 38.214691162109375, 18.68316650390625]",0.7916298508644104,1
3735,230618_4-2-1.tif,"[2656.751449584961, 9795.054382324219, 18.681289672851562, 35.30303955078125]",0.7915933132171631,1
3736,230618_4-2-1.tif,"[1668.3052368164062, 4490.611145019531, 34.9219970703125, 18.1331787109375]",0.7915834784507751,1
3737,230618_4-2-1.tif,"[6062.656005859375, 7088.749755859375, 27.8585205078125, 26.478515625]",0.7915046215057373,1
3738,230618_4-2-1.tif,"[1250.0725402832031, 6591.945953369141, 18.0355224609375, 35.72503662109375]",0.7914575338363647,1
3739,230618_4-2-1.tif,"[7148.153137207031, 8247.981842041016, 31.0517578125, 27.093704223632812]",0.7913945317268372,1
3740,230618_4-2-1.tif,"[1219.7054748535156, 1151.455551147461, 36.632110595703125, 18.467193603515625]",0.7913942337036133,1
3741,230618_4-2-1.tif,"[2189.263198852539, 6201.3277587890625, 32.38043212890625, 15.3375244140625]",0.7913838624954224,1
3742,230618_4-2-1.tif,"[951.3792114257812, 4867.6619873046875, 28.8560791015625, 21.68865966796875]",0.7913651466369629,1
3743,230618_4-2-1.tif,"[396.67657470703125, 6382.981262207031, 20.0499267578125, 33.93792724609375]",0.7913615107536316,1
3744,230618_4-2-1.tif,"[3267.514373779297, 7807.2005615234375, 39.21124267578125, 22.02099609375]",0.7913397550582886,1
3745,230618_4-2-1.tif,"[1482.6481323242188, 989.9252319335938, 17.4305419921875, 34.841064453125]",0.7913287878036499,1
3746,230618_4-2-1.tif,"[5995.5845947265625, 9813.293334960938, 17.61968994140625, 36.7369384765625]",0.7913158535957336,1
3747,230618_4-2-1.tif,"[4545.865051269531, 7259.8294677734375, 31.7265625, 22.13427734375]",0.7911112308502197,1
3748,230618_4-2-1.tif,"[3345.1309814453125, 1377.26318359375, 19.2396240234375, 30.7552490234375]",0.7911086678504944,1
3749,230618_4-2-1.tif,"[1422.7829284667969, 4073.50732421875, 16.79205322265625, 33.8094482421875]",0.7910372018814087,1
3750,230618_4-2-1.tif,"[3832.5860748291016, 5080.314758300781, 22.694808959960938, 30.867919921875]",0.7909765839576721,1
3751,230618_4-2-1.tif,"[4240.015090942383, 1234.2629089355469, 29.87249755859375, 28.495758056640625]",0.7908907532691956,1
3752,230618_4-2-1.tif,"[7074.423034667969, 9571.498229980469, 26.233154296875, 30.203872680664062]",0.790884792804718,1
3753,230618_4-2-1.tif,"[2675.39306640625, 4794.022857666016, 32.36482238769531, 24.94378662109375]",0.7908106446266174,1
3754,230618_4-2-1.tif,"[3538.484619140625, 2316.7464599609375, 21.2689208984375, 36.013916015625]",0.7907111048698425,1
3755,230618_4-2-1.tif,"[3721.909423828125, 3628.1583251953125, 29.721893310546875, 20.819786071777344]",0.7906998991966248,1
3756,230618_4-2-1.tif,"[5478.557312011719, 7897.9197998046875, 32.07550048828125, 15.576171875]",0.7906938791275024,1
3757,230618_4-2-1.tif,"[3760.4983825683594, 2129.028076171875, 18.389404296875, 38.051025390625]",0.7906249165534973,1
3758,230618_4-2-1.tif,"[5646.176345825195, 8416.73715209961, 23.691329956054688, 33.08099365234375]",0.7905726432800293,1
3759,230618_4-2-1.tif,"[1401.5980224609375, 4167.295166015625, 16.94500732421875, 38.11302185058594]",0.7905510067939758,1
3760,230618_4-2-1.tif,"[1593.440673828125, 6611.065460205078, 17.611328125, 42.42034912109375]",0.7905369400978088,1
3761,230618_4-2-1.tif,"[4245.850555419922, 6974.946044921875, 15.97869873046875, 38.17742919921875]",0.7905142307281494,1
3762,230618_4-2-1.tif,"[6387.628021240234, 7252.258338928223, 31.6573486328125, 20.559288024902344]",0.7905113697052002,1
3763,230618_4-2-1.tif,"[1186.169174194336, 6586.121643066406, 39.27655029296875, 22.27783203125]",0.790412187576294,1
3764,230618_4-2-1.tif,"[4352.644287109375, 3769.823486328125, 21.9759521484375, 31.0947265625]",0.7901868224143982,1
3765,230618_4-2-1.tif,"[2823.0099182128906, 1728.7912902832031, 35.2537841796875, 19.1019287109375]",0.7901731729507446,1
3766,230618_4-2-1.tif,"[2859.7783813476562, 403.89898681640625, 17.97705078125, 42.998779296875]",0.7901312708854675,1
3767,230618_4-2-1.tif,"[3316.3358764648438, 5066.7955322265625, 25.0386962890625, 28.2528076171875]",0.7901017069816589,1
3768,230618_4-2-1.tif,"[5025.217956542969, 9760.151245117188, 35.28082275390625, 19.0982666015625]",0.7900570631027222,1
3769,230618_4-2-1.tif,"[3333.4086303710938, 1574.4852905273438, 19.3023681640625, 37.0634765625]",0.7899368405342102,1
3770,230618_4-2-1.tif,"[1260.5626525878906, 7866.8963623046875, 17.11474609375, 36.010650634765625]",0.7899181842803955,1
3771,230618_4-2-1.tif,"[6887.115295410156, 9228.829578399658, 25.568145751953125, 25.801944732666016]",0.7898401618003845,1
3772,230618_4-2-1.tif,"[1924.165771484375, 4385.616027832031, 18.07452392578125, 32.0186767578125]",0.7898342609405518,1
3773,230618_4-2-1.tif,"[636.5688171386719, 9043.454406738281, 17.78643798828125, 38.48565673828125]",0.7897427678108215,1
3774,230618_4-2-1.tif,"[1334.0663146972656, 5742.183837890625, 35.233551025390625, 16.85009765625]",0.7896752953529358,1
3775,230618_4-2-1.tif,"[6284.218566894531, 8059.840728759766, 15.959014892578125, 29.26202392578125]",0.7896683216094971,1
3776,230618_4-2-1.tif,"[3741.635528564453, 4984.9041748046875, 21.36029052734375, 33.3092041015625]",0.7896436452865601,1
3777,230618_4-2-1.tif,"[6352.5343017578125, 437.77935791015625, 30.79852294921875, 17.482421875]",0.7896062731742859,1
3778,230618_4-2-1.tif,"[2500.6270141601562, 8930.926696777344, 19.8839111328125, 42.176513671875]",0.7895854711532593,1
3779,230618_4-2-1.tif,"[3685.7164154052734, 3722.808349609375, 18.514862060546875, 39.60723876953125]",0.7895318269729614,1
3780,230618_4-2-1.tif,"[1908.9586486816406, 6675.8740234375, 31.482086181640625, 26.00381851196289]",0.7894577980041504,1
3781,230618_4-2-1.tif,"[598.6873321533203, 133.09817504882812, 26.451583862304688, 32.918060302734375]",0.7894554138183594,1
3782,230618_4-2-1.tif,"[1180.5728149414062, 9858.035339355469, 20.3968505859375, 40.82177734375]",0.7894192337989807,1
3783,230618_4-2-1.tif,"[773.3243408203125, 1595.2806396484375, 19.165771484375, 37.044189453125]",0.7893526554107666,1
3784,230618_4-2-1.tif,"[1824.3755493164062, 5430.4654541015625, 34.4932861328125, 18.74969482421875]",0.7893321514129639,1
3785,230618_4-2-1.tif,"[5957.796936035156, 4096.3515625, 17.73699951171875, 35.19944381713867]",0.7892881631851196,1
3786,230618_4-2-1.tif,"[2561.6541748046875, 3125.1195678710938, 19.650226593017578, 36.2449951171875]",0.7892704606056213,1
3787,230618_4-2-1.tif,"[2681.5250244140625, 3221.0029907226562, 30.67059326171875, 28.63311767578125]",0.7892135977745056,1
3788,230618_4-2-1.tif,"[388.2264404296875, 6201.4427490234375, 19.0621337890625, 31.7255859375]",0.7891197204589844,1
3789,230618_4-2-1.tif,"[4075.7442016601562, 4753.070465087891, 32.124267578125, 24.80511474609375]",0.7890527844429016,1
3790,230618_4-2-1.tif,"[194.4075469970703, 9906.890625, 17.635009765625, 35.246337890625]",0.7889765501022339,1
3791,230618_4-2-1.tif,"[2838.338623046875, 3194.5016479492188, 38.8895263671875, 20.652084350585938]",0.7889065146446228,1
3792,230618_4-2-1.tif,"[1651.488525390625, 4423.7376708984375, 34.946014404296875, 23.64019775390625]",0.7888991236686707,1
3793,230618_4-2-1.tif,"[3784.856887817383, 6494.315826416016, 22.021820068359375, 25.70343017578125]",0.788846492767334,1
3794,230618_4-2-1.tif,"[5029.904266357422, 4405.394958496094, 44.405517578125, 19.6607666015625]",0.7888131141662598,1
3795,230618_4-2-1.tif,"[1941.3286743164062, 255.23902893066406, 19.0380859375, 36.42723083496094]",0.7888028025627136,1
3796,230618_4-2-1.tif,"[1896.8717041015625, 4468.402526855469, 34.695556640625, 17.7933349609375]",0.7887704372406006,1
3797,230618_4-2-1.tif,"[5239.392578125, 178.70936584472656, 18.29888916015625, 39.31280517578125]",0.7887119650840759,1
3798,230618_4-2-1.tif,"[2897.2423095703125, 840.7762451171875, 18.3868408203125, 37.225341796875]",0.7886742949485779,1
3799,230618_4-2-1.tif,"[4302.0819091796875, 1967.4344482421875, 34.18951416015625, 16.716064453125]",0.7885027527809143,1
3800,230618_4-2-1.tif,"[4770.307769775391, 7248.4920654296875, 16.021392822265625, 34.679931640625]",0.7884414792060852,1
3801,230618_4-2-1.tif,"[1050.7705078125, 3847.60888671875, 35.487548828125, 20.015625]",0.7884117364883423,1
3802,230618_4-2-1.tif,"[257.7497863769531, 3619.0172729492188, 20.783447265625, 34.160987854003906]",0.7884063124656677,1
3803,230618_4-2-1.tif,"[4196.974822998047, 2214.7674560546875, 18.538665771484375, 36.34912109375]",0.788353681564331,1
3804,230618_4-2-1.tif,"[1522.7374267578125, 4213.366889953613, 28.869335174560547, 45.59709930419922]",0.7882423996925354,1
3805,230618_4-2-1.tif,"[2671.481201171875, 9517.755249023438, 18.67205810546875, 43.65533447265625]",0.7882341146469116,1
3806,230618_4-2-1.tif,"[5590.830596923828, 7906.8665771484375, 31.30584716796875, 38.695068359375]",0.7878612279891968,1
3807,230618_4-2-1.tif,"[4143.870056152344, 2096.148681640625, 33.9827880859375, 18.2943115234375]",0.7878416180610657,1
3808,230618_4-2-1.tif,"[369.8031005859375, 9709.06674194336, 19.02685546875, 35.2562255859375]",0.7877600193023682,1
3809,230618_4-2-1.tif,"[3518.7022094726562, 414.22564697265625, 31.0733642578125, 27.37969970703125]",0.7877486944198608,1
3810,230618_4-2-1.tif,"[978.0804443359375, 5192.8485107421875, 29.708251953125, 23.662109375]",0.7877175807952881,1
3811,230618_4-2-1.tif,"[5232.5224609375, 1720.6618957519531, 20.484283447265625, 29.6693115234375]",0.7877086400985718,1
3812,230618_4-2-1.tif,"[6366.947723388672, 2950.974365234375, 31.96142578125, 21.1744384765625]",0.7876870036125183,1
3813,230618_4-2-1.tif,"[1254.4958038330078, 2081.1192626953125, 18.946533203125, 38.36085510253906]",0.7875344157218933,1
3814,230618_4-2-1.tif,"[3030.720458984375, 5158.5103759765625, 25.1575927734375, 27.70654296875]",0.7874689698219299,1
3815,230618_4-2-1.tif,"[2235.3807373046875, 688.60498046875, 32.026580810546875, 18.89495849609375]",0.7873994708061218,1
3816,230618_4-2-1.tif,"[4864.408996582031, 4751.35920715332, 16.8489990234375, 31.952117919921875]",0.787297248840332,1
3817,230618_4-2-1.tif,"[585.505859375, 9783.033905029297, 42.593994140625, 22.9439697265625]",0.7872211933135986,1
3818,230618_4-2-1.tif,"[790.1081848144531, 4050.3609008789062, 20.8956298828125, 32.1494140625]",0.787205159664154,1
3819,230618_4-2-1.tif,"[3841.30712890625, 6092.467468261719, 17.01806640625, 37.1927490234375]",0.7870762944221497,1
3820,230618_4-2-1.tif,"[6239.179260253906, 9078.209716796875, 34.80377197265625, 17.11737060546875]",0.7870638370513916,1
3821,230618_4-2-1.tif,"[1177.3191833496094, 8191.772033691406, 29.127716064453125, 25.582351684570312]",0.7870201468467712,1
3822,230618_4-2-1.tif,"[5562.459289550781, 7744.4893798828125, 16.3822021484375, 33.20703125]",0.7868928909301758,1
3823,230618_4-2-1.tif,"[4233.5316162109375, 3020.0225830078125, 18.49481201171875, 38.544677734375]",0.7868847250938416,1
3824,230618_4-2-1.tif,"[132.9056396484375, 7106.23828125, 19.701568603515625, 39.77203369140625]",0.7867898941040039,1
3825,230618_4-2-1.tif,"[956.1847229003906, 1992.1969909667969, 29.28558349609375, 28.72998046875]",0.7867860198020935,1
3826,230618_4-2-1.tif,"[4197.840667724609, 536.7763671875, 17.46636962890625, 36.158294677734375]",0.7866900563240051,1
3827,230618_4-2-1.tif,"[2398.7525329589844, 1053.2404899597168, 38.037811279296875, 19.476551055908203]",0.7866065502166748,1
3828,230618_4-2-1.tif,"[4925.755859375, 89.73910522460938, 17.3829345703125, 34.36915588378906]",0.786497950553894,1
3829,230618_4-2-1.tif,"[0.0, 2132.289306640625, 28.690156936645508, 21.664306640625]",0.7864628434181213,1
3830,230618_4-2-1.tif,"[2607.214599609375, 1895.1331787109375, 29.611328125, 18.666259765625]",0.7864274978637695,1
3831,230618_4-2-1.tif,"[5574.0484619140625, 4283.346282958984, 17.62152099609375, 36.3638916015625]",0.7864075899124146,1
3832,230618_4-2-1.tif,"[1957.999755859375, 6530.602020263672, 28.500732421875, 23.5252685546875]",0.786252498626709,1
3833,230618_4-2-1.tif,"[2645.102294921875, 2006.8768615722656, 17.718460083007812, 35.00323486328125]",0.7862396836280823,1
3834,230618_4-2-1.tif,"[4894.328155517578, 3575.53515625, 24.035888671875, 27.299793243408203]",0.786223828792572,1
3835,230618_4-2-1.tif,"[1007.1074829101562, 4223.241760253906, 24.3726806640625, 37.223968505859375]",0.7862210869789124,1
3836,230618_4-2-1.tif,"[1992.6468505859375, 1872.8488159179688, 17.0308837890625, 37.3486328125]",0.7861883640289307,1
3837,230618_4-2-1.tif,"[4719.2760009765625, 5088.442077636719, 27.126495361328125, 39.70570468902588]",0.7861319184303284,1
3838,230618_4-2-1.tif,"[5231.799255371094, 529.672664642334, 35.722015380859375, 17.540470123291016]",0.7860321998596191,1
3839,230618_4-2-1.tif,"[5182.645568847656, 1900.3008728027344, 17.24365234375, 36.425048828125]",0.7859382629394531,1
3840,230618_4-2-1.tif,"[3735.582733154297, 3843.4474182128906, 17.74688720703125, 37.2763671875]",0.7859048247337341,1
3841,230618_4-2-1.tif,"[5145.4814453125, 1552.5429649353027, 36.9248046875, 17.327030181884766]",0.7857568264007568,1
3842,230618_4-2-1.tif,"[3114.9471435546875, 3365.515106201172, 34.72607421875, 16.441802978515625]",0.7856640219688416,1
3843,230618_4-2-1.tif,"[3713.5719299316406, 1623.1221923828125, 37.50616455078125, 22.375]",0.7854653596878052,1
3844,230618_4-2-1.tif,"[4071.8018188476562, 3232.3074951171875, 17.3428955078125, 35.29547119140625]",0.7854108214378357,1
3845,230618_4-2-1.tif,"[2730.6367950439453, 1632.8899230957031, 16.006500244140625, 34.601409912109375]",0.7853693962097168,1
3846,230618_4-2-1.tif,"[4218.590179443359, 1399.0347900390625, 38.827728271484375, 18.3526611328125]",0.7853638529777527,1
3847,230618_4-2-1.tif,"[3035.9541625976562, 5506.846008300781, 33.19769287109375, 16.689697265625]",0.7852354049682617,1
3848,230618_4-2-1.tif,"[915.8500061035156, 6041.182342529297, 30.62890625, 17.72296142578125]",0.7852024435997009,1
3849,230618_4-2-1.tif,"[5250.230117797852, 2316.0274047851562, 29.582183837890625, 26.9141845703125]",0.7851884365081787,1
3850,230618_4-2-1.tif,"[3067.6383666992188, 4342.423919677734, 24.950305938720703, 28.47882080078125]",0.7850691080093384,1
3851,230618_4-2-1.tif,"[4970.34130859375, 3441.2973022460938, 33.65997314453125, 23.56207275390625]",0.7849653959274292,1
3852,230618_4-2-1.tif,"[2904.5662841796875, 3113.569938659668, 16.03759765625, 34.40050506591797]",0.7849436402320862,1
3853,230618_4-2-1.tif,"[5437.387878417969, 8891.438995361328, 23.9771728515625, 27.22027587890625]",0.7848997116088867,1
3854,230618_4-2-1.tif,"[1285.2197875976562, 5325.459899902344, 33.254638671875, 18.29730224609375]",0.7847732901573181,1
3855,230618_4-2-1.tif,"[2211.6627044677734, 9931.963012695312, 29.119293212890625, 24.36962890625]",0.7847710847854614,1
3856,230618_4-2-1.tif,"[1580.7481689453125, 3424.9916381835938, 32.168212890625, 19.696533203125]",0.7847597599029541,1
3857,230618_4-2-1.tif,"[4260.988342285156, 4586.415222167969, 20.0377197265625, 44.07901191711426]",0.7847534418106079,1
3858,230618_4-2-1.tif,"[2873.3479614257812, 9225.376953125, 19.502197265625, 40.8170166015625]",0.7846776247024536,1
3859,230618_4-2-1.tif,"[272.47747802734375, 7413.5931396484375, 22.033935546875, 32.56591796875]",0.7846599221229553,1
3860,230618_4-2-1.tif,"[5441.6759033203125, 2603.658836364746, 22.646484375, 30.005836486816406]",0.7845783233642578,1
3861,230618_4-2-1.tif,"[335.9376220703125, 3197.1791381835938, 31.2030029296875, 17.206298828125]",0.7845693230628967,1
3862,230618_4-2-1.tif,"[2661.2941284179688, 4706.694473266602, 19.253265380859375, 31.943603515625]",0.7845432162284851,1
3863,230618_4-2-1.tif,"[240.31448364257812, 6866.732711791992, 17.0499267578125, 33.251678466796875]",0.7845029234886169,1
3864,230618_4-2-1.tif,"[2582.0875854492188, 2434.4360961914062, 19.24585723876953, 38.23333740234375]",0.784408688545227,1
3865,230618_4-2-1.tif,"[4874.0009765625, 597.9895629882812, 37.38140869140625, 17.4910888671875]",0.784380316734314,1
3866,230618_4-2-1.tif,"[2356.989532470703, 5367.799865722656, 25.69268798828125, 24.50775146484375]",0.784376323223114,1
3867,230618_4-2-1.tif,"[6327.2432861328125, 915.7387084960938, 30.90826416015625, 27.6866455078125]",0.7843639254570007,1
3868,230618_4-2-1.tif,"[3242.180923461914, 5387.745269775391, 37.155731201171875, 17.58770751953125]",0.784348726272583,1
3869,230618_4-2-1.tif,"[422.0259094238281, 9527.821655273438, 36.61358642578125, 22.8956298828125]",0.7843044996261597,1
3870,230618_4-2-1.tif,"[2999.4764404296875, 5301.862701416016, 30.79541015625, 15.7840576171875]",0.7842746376991272,1
3871,230618_4-2-1.tif,"[5677.603675842285, 5455.4072265625, 33.778038024902344, 17.1754150390625]",0.7842634916305542,1
3872,230618_4-2-1.tif,"[705.3526611328125, 5107.4232177734375, 40.13673400878906, 22.294523239135742]",0.7842399477958679,1
3873,230618_4-2-1.tif,"[3767.774703979492, 2633.7393188476562, 21.242279052734375, 30.5775146484375]",0.7841452360153198,1
3874,230618_4-2-1.tif,"[2948.3189697265625, 9326.375610351562, 22.9644775390625, 42.53120422363281]",0.7841150760650635,1
3875,230618_4-2-1.tif,"[2926.3046875, 8448.740234375, 26.1552734375, 30.35015869140625]",0.7841079235076904,1
3876,230618_4-2-1.tif,"[941.4190063476562, 3434.0217895507812, 22.692138671875, 30.581787109375]",0.7840971350669861,1
3877,230618_4-2-1.tif,"[6561.193054199219, 8777.584075927734, 19.82281494140625, 28.794586181640625]",0.784065306186676,1
3878,230618_4-2-1.tif,"[1844.0781860351562, 6052.975891113281, 17.58685302734375, 42.8077392578125]",0.7840467691421509,1
3879,230618_4-2-1.tif,"[314.1080322265625, 4980.957550048828, 21.97314453125, 35.63153076171875]",0.7840128540992737,1
3880,230618_4-2-1.tif,"[3441.7276000976562, 3542.881591796875, 31.78485107421875, 16.3157958984375]",0.7839603424072266,1
3881,230618_4-2-1.tif,"[3958.9732971191406, 2133.6461181640625, 18.77117919921875, 38.466705322265625]",0.7837931513786316,1
3882,230618_4-2-1.tif,"[992.0527648925781, 1390.6101684570312, 21.23480224609375, 32.80126953125]",0.7836810946464539,1
3883,230618_4-2-1.tif,"[7064.156677246094, 497.7554931640625, 18.9310302734375, 34.586669921875]",0.783638596534729,1
3884,230618_4-2-1.tif,"[5130.5533447265625, 4034.7561645507812, 23.394729614257812, 19.9761962890625]",0.7835370302200317,1
3885,230618_4-2-1.tif,"[5056.421295166016, 6095.299255371094, 35.284912109375, 20.48199462890625]",0.7834706902503967,1
3886,230618_4-2-1.tif,"[3928.2344970703125, 1206.4093780517578, 31.79150390625, 21.21551513671875]",0.7834550142288208,1
3887,230618_4-2-1.tif,"[5426.532165527344, 128.84957885742188, 20.6378173828125, 30.3411865234375]",0.7832873463630676,1
3888,230618_4-2-1.tif,"[4706.640060424805, 2060.63037109375, 31.7674560546875, 28.18042755126953]",0.783223569393158,1
3889,230618_4-2-1.tif,"[2024.364501953125, 3763.3555755615234, 36.09646987915039, 23.385101318359375]",0.7831680178642273,1
3890,230618_4-2-1.tif,"[1960.9971008300781, 741.885009765625, 17.6102294921875, 35.632080078125]",0.7830870747566223,1
3891,230618_4-2-1.tif,"[2360.851776123047, 1324.3615112304688, 37.41656494140625, 18.14239501953125]",0.7830593585968018,1
3892,230618_4-2-1.tif,"[1605.88525390625, 1254.1941375732422, 35.810791015625, 18.734222412109375]",0.7830505967140198,1
3893,230618_4-2-1.tif,"[4076.7486267089844, 352.44873046875, 17.36859130859375, 39.6036376953125]",0.7830153107643127,1
3894,230618_4-2-1.tif,"[6130.4207763671875, 2470.2640991210938, 36.3865966796875, 19.8323974609375]",0.782741129398346,1
3895,230618_4-2-1.tif,"[5308.150375366211, 1509.2109985351562, 26.915435791015625, 29.949462890625]",0.7826676964759827,1
3896,230618_4-2-1.tif,"[5095.906555175781, 1856.8222351074219, 20.940673828125, 32.10986328125]",0.7826493382453918,1
3897,230618_4-2-1.tif,"[1907.5975952148438, 1420.6571655273438, 20.918701171875, 36.2122802734375]",0.7823560833930969,1
3898,230618_4-2-1.tif,"[162.673828125, 7444.571746826172, 20.2593994140625, 25.37005615234375]",0.7823417782783508,1
3899,230618_4-2-1.tif,"[249.4246826171875, 330.8377380371094, 36.2547607421875, 15.9176025390625]",0.7823415994644165,1
3900,230618_4-2-1.tif,"[7263.437286376953, 6073.3905029296875, 36.9041748046875, 37.29248046875]",0.7823089361190796,1
3901,230618_4-2-1.tif,"[3323.1382446289062, 309.02813720703125, 38.55499267578125, 18.748046875]",0.7822956442832947,1
3902,230618_4-2-1.tif,"[1658.5982055664062, 1728.1918640136719, 17.609344482421875, 38.260650634765625]",0.7822956442832947,1
3903,230618_4-2-1.tif,"[5633.6090087890625, 1354.49853515625, 36.31005859375, 23.38592529296875]",0.7821469902992249,1
3904,230618_4-2-1.tif,"[5211.204772949219, 6475.315734863281, 14.6309814453125, 35.302947998046875]",0.7821356058120728,1
3905,230618_4-2-1.tif,"[5990.321594238281, 135.2794952392578, 30.2041015625, 16.91082763671875]",0.7817041277885437,1
3906,230618_4-2-1.tif,"[3903.453369140625, 5048.580413818359, 17.00189208984375, 36.13525390625]",0.7815539240837097,1
3907,230618_4-2-1.tif,"[5431.2281494140625, 1550.0233221054077, 39.120361328125, 19.976815223693848]",0.7813227772712708,1
3908,230618_4-2-1.tif,"[4605.909027099609, 6662.24951171875, 30.137237548828125, 24.91998291015625]",0.7813053727149963,1
3909,230618_4-2-1.tif,"[4738.35009765625, 7120.990631103516, 33.817626953125, 21.22900390625]",0.7812959551811218,1
3910,230618_4-2-1.tif,"[2323.675567626953, 1405.5911865234375, 37.27020263671875, 18.744873046875]",0.7812575697898865,1
3911,230618_4-2-1.tif,"[5132.898494720459, 2456.339080810547, 37.256778717041016, 18.07208251953125]",0.7812292575836182,1
3912,230618_4-2-1.tif,"[5807.1798095703125, 549.5026245117188, 37.218017578125, 18.0887451171875]",0.7811021208763123,1
3913,230618_4-2-1.tif,"[2153.7432861328125, 2750.0980224609375, 18.5242919921875, 33.988189697265625]",0.7810571193695068,1
3914,230618_4-2-1.tif,"[4422.92431640625, 418.1176452636719, 23.8258056640625, 31.48333740234375]",0.7808900475502014,1
3915,230618_4-2-1.tif,"[4273.132415771484, 3697.2479248046875, 19.5672607421875, 29.12127685546875]",0.7808746695518494,1
3916,230618_4-2-1.tif,"[2506.5410766601562, 4118.0989990234375, 34.7685546875, 19.61817169189453]",0.7808293104171753,1
3917,230618_4-2-1.tif,"[1901.9422607421875, 2445.7434692382812, 18.7659912109375, 39.3172607421875]",0.780789852142334,1
3918,230618_4-2-1.tif,"[177.143310546875, 5234.364013671875, 27.074234008789062, 28.512710571289062]",0.7807888388633728,1
3919,230618_4-2-1.tif,"[5686.756904602051, 2541.0333251953125, 37.96533203125, 19.9691162109375]",0.7807878851890564,1
3920,230618_4-2-1.tif,"[2713.5860290527344, 1076.7539520263672, 31.6492919921875, 26.296844482421875]",0.7807196974754333,1
3921,230618_4-2-1.tif,"[3661.9758071899414, 2640.5533447265625, 18.445266723632812, 28.783111572265625]",0.7806999087333679,1
3922,230618_4-2-1.tif,"[3764.1181030273438, 5282.458923339844, 33.5166015625, 17.26397705078125]",0.7805651426315308,1
3923,230618_4-2-1.tif,"[63.536739349365234, 6967.715576171875, 19.32352066040039, 37.1175537109375]",0.7805047035217285,1
3924,230618_4-2-1.tif,"[1097.3404235839844, 446.30389404296875, 36.432708740234375, 23.39990234375]",0.7803877592086792,1
3925,230618_4-2-1.tif,"[5009.373779296875, 1760.057373046875, 18.4173583984375, 36.219970703125]",0.7802530527114868,1
3926,230618_4-2-1.tif,"[2306.2406616210938, 4128.124885559082, 35.8758544921875, 17.920394897460938]",0.7802420258522034,1
3927,230618_4-2-1.tif,"[3151.9992065429688, 348.30755615234375, 17.9896240234375, 33.0264892578125]",0.7801581025123596,1
3928,230618_4-2-1.tif,"[4451.535797119141, 5385.0076904296875, 34.76336669921875, 17.00140380859375]",0.7801408171653748,1
3929,230618_4-2-1.tif,"[2774.8645935058594, 690.37060546875, 18.34637451171875, 37.48907470703125]",0.78011155128479,1
3930,230618_4-2-1.tif,"[5686.999755859375, 3338.3906860351562, 36.8759765625, 29.107177734375]",0.780088484287262,1
3931,230618_4-2-1.tif,"[7140.315277099609, 9322.123779296875, 25.351959228515625, 37.26435852050781]",0.780082106590271,1
3932,230618_4-2-1.tif,"[5524.0074462890625, 954.05615234375, 32.2197265625, 19.52447509765625]",0.7800514698028564,1
3933,230618_4-2-1.tif,"[2398.5426025390625, 9039.846130371094, 46.44903564453125, 19.41748046875]",0.7800331711769104,1
3934,230618_4-2-1.tif,"[5959.517974853516, 605.8425140380859, 18.95452880859375, 32.49688720703125]",0.7799907922744751,1
3935,230618_4-2-1.tif,"[4071.9139404296875, 2840.048828125, 16.7801513671875, 37.5048828125]",0.7799449563026428,1
3936,230618_4-2-1.tif,"[4750.8448486328125, 2197.9891967773438, 32.79449462890625, 17.9580078125]",0.7798914313316345,1
3937,230618_4-2-1.tif,"[2713.1484985351562, 1831.74072265625, 35.99493408203125, 18.81640625]",0.7798449397087097,1
3938,230618_4-2-1.tif,"[4970.649658203125, 4925.841369628906, 16.2392578125, 36.39111328125]",0.7797925472259521,1
3939,230618_4-2-1.tif,"[3063.8131713867188, 2354.4401245117188, 42.38121795654297, 19.875640869140625]",0.7797885537147522,1
3940,230618_4-2-1.tif,"[2998.1716918945312, 378.94403076171875, 23.34625244140625, 30.6708984375]",0.779634952545166,1
3941,230618_4-2-1.tif,"[496.50128173828125, 7075.641265869141, 24.351839065551758, 31.67352294921875]",0.779539942741394,1
3942,230618_4-2-1.tif,"[3200.3167724609375, 4811.097747802734, 30.43798828125, 16.8038330078125]",0.7795023322105408,1
3943,230618_4-2-1.tif,"[2660.323440551758, 3450.9332275390625, 25.387741088867188, 30.5438232421875]",0.7794243097305298,1
3944,230618_4-2-1.tif,"[1910.7067260742188, 4512.2080078125, 17.00146484375, 27.7978515625]",0.779322624206543,1
3945,230618_4-2-1.tif,"[6506.58447265625, 2062.5441284179688, 44.03173828125, 18.437973022460938]",0.7793220281600952,1
3946,230618_4-2-1.tif,"[746.4501190185547, 643.8530883789062, 20.361114501953125, 41.3797607421875]",0.7792061567306519,1
3947,230618_4-2-1.tif,"[7788.946868896484, 6710.0956954956055, 33.582275390625, 47.75909423828125]",0.7791712284088135,1
3948,230618_4-2-1.tif,"[2814.2295532226562, 5573.335754394531, 38.42364501953125, 19.950439453125]",0.7790323495864868,1
3949,230618_4-2-1.tif,"[4012.8228759765625, 335.0863037109375, 18.50732421875, 31.75048828125]",0.7790166139602661,1
3950,230618_4-2-1.tif,"[1422.2449951171875, 5747.438171386719, 18.358642578125, 43.48036193847656]",0.7787706255912781,1
3951,230618_4-2-1.tif,"[3151.0216751098633, 2281.3016052246094, 16.996200561523438, 35.65234375]",0.7787160277366638,1
3952,230618_4-2-1.tif,"[1976.68701171875, 5466.961120605469, 39.9508056640625, 21.34503173828125]",0.7786746025085449,1
3953,230618_4-2-1.tif,"[2222.5665588378906, 834.8795471191406, 21.688995361328125, 38.81951904296875]",0.7785782814025879,1
3954,230618_4-2-1.tif,"[1472.3884582519531, 4552.175476074219, 16.91546630859375, 34.5230712890625]",0.7785230875015259,1
3955,230618_4-2-1.tif,"[5746.211669921875, 9604.192962646484, 43.67140197753906, 18.123382568359375]",0.7784258127212524,1
3956,230618_4-2-1.tif,"[2921.5909423828125, 3067.0499267578125, 37.49041748046875, 16.1982421875]",0.7784197926521301,1
3957,230618_4-2-1.tif,"[442.11236572265625, 5302.616668701172, 21.168701171875, 34.652984619140625]",0.7783911824226379,1
3958,230618_4-2-1.tif,"[619.1539306640625, 3668.0530395507812, 36.11827087402344, 22.88848876953125]",0.7783766388893127,1
3959,230618_4-2-1.tif,"[5014.535461425781, 189.5413360595703, 20.280029296875, 30.701934814453125]",0.778365969657898,1
3960,230618_4-2-1.tif,"[5914.283935546875, 6031.02587890625, 28.8870849609375, 46.0106201171875]",0.7783174514770508,1
3961,230618_4-2-1.tif,"[1972.64794921875, 2324.8605346679688, 18.413818359375, 38.7520751953125]",0.7782508134841919,1
3962,230618_4-2-1.tif,"[5437.327331542969, 63.74729919433594, 20.05450439453125, 35.04864501953125]",0.7781521677970886,1
3963,230618_4-2-1.tif,"[854.3345947265625, 4126.191898345947, 34.76824951171875, 19.607784271240234]",0.7781091928482056,1
3964,230618_4-2-1.tif,"[2452.6790771484375, 83.73847961425781, 35.8406982421875, 21.511001586914062]",0.778045654296875,1
3965,230618_4-2-1.tif,"[6434.6168212890625, 206.65167236328125, 18.3480224609375, 37.040374755859375]",0.7780054211616516,1
3966,230618_4-2-1.tif,"[3460.0588989257812, 1421.5064697265625, 19.14715576171875, 37.0767822265625]",0.7779838442802429,1
3967,230618_4-2-1.tif,"[2990.1709594726562, 3061.1713256835938, 38.3798828125, 18.04705047607422]",0.7779107093811035,1
3968,230618_4-2-1.tif,"[434.551513671875, 1361.8975219726562, 33.423095703125, 23.79345703125]",0.7778599858283997,1
3969,230618_4-2-1.tif,"[2598.0599365234375, 5037.0660400390625, 35.9776611328125, 20.40545654296875]",0.7778527140617371,1
3970,230618_4-2-1.tif,"[2920.5111694335938, 2267.576400756836, 33.312744140625, 20.43780517578125]",0.7778061032295227,1
3971,230618_4-2-1.tif,"[4684.100402832031, 6443.952667236328, 31.77691650390625, 23.49395751953125]",0.7777588367462158,1
3972,230618_4-2-1.tif,"[1979.4508056640625, 5418.907501220703, 15.7373046875, 30.73406982421875]",0.7777228355407715,1
3973,230618_4-2-1.tif,"[6396.91764831543, 989.697998046875, 23.525283813476562, 35.47900390625]",0.777680516242981,1
3974,230618_4-2-1.tif,"[2024.48095703125, 4551.239318847656, 36.05586528778076, 19.2705078125]",0.7776336669921875,1
3975,230618_4-2-1.tif,"[3862.389617919922, 2600.9078369140625, 23.34674072265625, 26.492919921875]",0.7776318788528442,1
3976,230618_4-2-1.tif,"[1976.5675354003906, 2732.3933715820312, 20.42327880859375, 37.03826904296875]",0.7776039838790894,1
3977,230618_4-2-1.tif,"[4562.8458251953125, 1300.8861999511719, 19.21343994140625, 35.02813720703125]",0.7775678634643555,1
3978,230618_4-2-1.tif,"[1831.4862670898438, 224.4203643798828, 29.50439453125, 23.435943603515625]",0.7775543928146362,1
3979,230618_4-2-1.tif,"[260.79217529296875, 7595.574279785156, 25.6693115234375, 34.2462158203125]",0.7775259613990784,1
3980,230618_4-2-1.tif,"[2678.0397338867188, 4505.286437988281, 18.409713745117188, 41.312347412109375]",0.777520477771759,1
3981,230618_4-2-1.tif,"[1730.5973815917969, 521.3771114349365, 38.0404052734375, 16.471643447875977]",0.7775007486343384,1
3982,230618_4-2-1.tif,"[6050.464416503906, 5719.729888916016, 16.7298583984375, 37.059417724609375]",0.7774675488471985,1
3983,230618_4-2-1.tif,"[6809.907745361328, 148.52194213867188, 33.21331787109375, 21.55841064453125]",0.7774413228034973,1
3984,230618_4-2-1.tif,"[534.5850143432617, 1427.844970703125, 41.55170440673828, 19.48095703125]",0.7773797512054443,1
3985,230618_4-2-1.tif,"[2606.4700927734375, 421.569091796875, 34.02290344238281, 17.5550537109375]",0.7773085832595825,1
3986,230618_4-2-1.tif,"[4194.58056640625, 1107.6634521484375, 22.034759521484375, 34.45458984375]",0.7773057818412781,1
3987,230618_4-2-1.tif,"[6755.9034423828125, 206.52540588378906, 18.27685546875, 31.515533447265625]",0.7772037386894226,1
3988,230618_4-2-1.tif,"[2564.384090423584, 3748.348388671875, 34.279483795166016, 15.99249267578125]",0.7772018313407898,1
3989,230618_4-2-1.tif,"[6185.096588134766, 8263.307373046875, 15.740257263183594, 36.381591796875]",0.7771925330162048,1
3990,230618_4-2-1.tif,"[4080.0028686523438, 6114.789337158203, 30.707886695861816, 24.191009521484375]",0.7771683931350708,1
3991,230618_4-2-1.tif,"[3245.0868225097656, 2110.7930603027344, 43.833984375, 20.410675048828125]",0.777165949344635,1
3992,230618_4-2-1.tif,"[2534.9249267578125, 5064.1114501953125, 16.54833984375, 32.1072998046875]",0.7771459221839905,1
3993,230618_4-2-1.tif,"[3636.42724609375, 726.9110107421875, 29.26983642578125, 37.27587890625]",0.7771312594413757,1
3994,230618_4-2-1.tif,"[2532.1231079101562, 2139.5423583984375, 27.806854248046875, 31.279647827148438]",0.7770038843154907,1
3995,230618_4-2-1.tif,"[5711.490745544434, 5092.691650390625, 31.4984130859375, 17.902099609375]",0.7770035266876221,1
3996,230618_4-2-1.tif,"[2245.660629272461, 7600.446441650391, 27.779541015625, 30.19097900390625]",0.7770007252693176,1
3997,230618_4-2-1.tif,"[2764.2711334228516, 180.38543701171875, 22.528350830078125, 40.1856689453125]",0.7768962979316711,1
3998,230618_4-2-1.tif,"[167.8834991455078, 9519.865295410156, 16.661605834960938, 33.916900634765625]",0.7768710255622864,1
3999,230618_4-2-1.tif,"[5412.9613037109375, 1777.3014526367188, 17.25244140625, 33.5489501953125]",0.7768028974533081,1
4000,230618_4-2-1.tif,"[4036.5614624023438, 2080.9498291015625, 17.59661865234375, 34.763916015625]",0.7767794132232666,1
4001,230618_4-2-1.tif,"[1806.1949462890625, 7322.4091796875, 34.5064697265625, 21.671478271484375]",0.7767304182052612,1
4002,230618_4-2-1.tif,"[635.5526733398438, 5816.2662353515625, 28.372650146484375, 24.1383056640625]",0.7767130136489868,1
4003,230618_4-2-1.tif,"[2191.427734375, 6116.3045654296875, 17.086181640625, 38.35079765319824]",0.776646077632904,1
4004,230618_4-2-1.tif,"[3840.3803100585938, 785.4455261230469, 16.819091796875, 32.80242919921875]",0.7765489816665649,1
4005,230618_4-2-1.tif,"[715.5798645019531, 4164.62663269043, 27.9481201171875, 25.865615844726562]",0.7765038013458252,1
4006,230618_4-2-1.tif,"[5263.52961730957, 1925.6123046875, 39.172576904296875, 18.851806640625]",0.7764514684677124,1
4007,230618_4-2-1.tif,"[4645.772705078125, 4895.791015625, 38.6044921875, 16.9261474609375]",0.7764342427253723,1
4008,230618_4-2-1.tif,"[2010.583251953125, 1318.9718933105469, 32.8448486328125, 21.4508056640625]",0.776287853717804,1
4009,230618_4-2-1.tif,"[268.51953125, 4119.402318954468, 19.99658203125, 31.20475959777832]",0.7762797474861145,1
4010,230618_4-2-1.tif,"[1016.5240478515625, 2808.8834533691406, 29.48796844482422, 32.62371826171875]",0.7762299180030823,1
4011,230618_4-2-1.tif,"[2241.660842895508, 2116.65966796875, 30.4075927734375, 22.3212890625]",0.7761368155479431,1
4012,230618_4-2-1.tif,"[7127.530456542969, 8634.078308105469, 18.433837890625, 33.3590087890625]",0.7761255502700806,1
4013,230618_4-2-1.tif,"[1928.0150756835938, 3113.5140380859375, 31.9500732421875, 20.69580078125]",0.7761198878288269,1
4014,230618_4-2-1.tif,"[2544.8475952148438, 3689.1732177734375, 27.586484909057617, 23.92193603515625]",0.7760546207427979,1
4015,230618_4-2-1.tif,"[7474.920806884766, 6429.203918457031, 30.32232666015625, 22.7530517578125]",0.7760027050971985,1
4016,230618_4-2-1.tif,"[2662.3104248046875, 1638.3824005126953, 38.18971252441406, 19.978073120117188]",0.7760015726089478,1
4017,230618_4-2-1.tif,"[6537.068603515625, 9163.913635253906, 29.0899658203125, 24.44488525390625]",0.7759830355644226,1
4018,230618_4-2-1.tif,"[6081.9334716796875, 816.3460998535156, 36.82080078125, 19.49591064453125]",0.775928258895874,1
4019,230618_4-2-1.tif,"[2233.0558471679688, 3879.0445251464844, 15.626708984375, 35.4034423828125]",0.7759183049201965,1
4020,230618_4-2-1.tif,"[3741.585479736328, 593.8729248046875, 35.207855224609375, 19.68206787109375]",0.7756724953651428,1
4021,230618_4-2-1.tif,"[2913.645263671875, 3373.812744140625, 19.11883544921875, 39.4920654296875]",0.7756184339523315,1
4022,230618_4-2-1.tif,"[3083.787477493286, 3824.469024658203, 18.043136596679688, 31.2467041015625]",0.775337815284729,1
4023,230618_4-2-1.tif,"[6127.776794433594, 2021.8882446289062, 18.7987060546875, 31.658203125]",0.7752869725227356,1
4024,230618_4-2-1.tif,"[5061.2591552734375, 5693.5587158203125, 17.3153076171875, 37.447021484375]",0.7752836346626282,1
4025,230618_4-2-1.tif,"[5738.747131347656, 5734.181503295898, 17.58770751953125, 34.61106872558594]",0.7752228379249573,1
4026,230618_4-2-1.tif,"[7072.1383056640625, 9737.068359375, 32.96429443359375, 18.129638671875]",0.7751460671424866,1
4027,230618_4-2-1.tif,"[120.44737243652344, 7645.4442138671875, 16.109954833984375, 31.9892578125]",0.7751103043556213,1
4028,230618_4-2-1.tif,"[3412.3056640625, 2949.6009521484375, 36.002197265625, 19.347900390625]",0.7750107049942017,1
4029,230618_4-2-1.tif,"[1413.6558837890625, 663.8791809082031, 40.45947265625, 19.95892333984375]",0.7749797701835632,1
4030,230618_4-2-1.tif,"[4522.4029541015625, 4335.21809387207, 28.58740234375, 33.79258728027344]",0.7748385071754456,1
4031,230618_4-2-1.tif,"[750.948974609375, 132.37945556640625, 18.06024169921875, 32.463165283203125]",0.7748225927352905,1
4032,230618_4-2-1.tif,"[2154.5826416015625, 1326.8444213867188, 33.74336242675781, 22.4130859375]",0.7747564911842346,1
4033,230618_4-2-1.tif,"[421.9019470214844, 2894.6527709960938, 18.353271484375, 37.64208984375]",0.77471524477005,1
4034,230618_4-2-1.tif,"[1655.09033203125, 1393.4705200195312, 17.621673583984375, 44.1021728515625]",0.7747122049331665,1
4035,230618_4-2-1.tif,"[4612.158935546875, 4971.361877441406, 25.436767578125, 28.45709228515625]",0.7744971513748169,1
4036,230618_4-2-1.tif,"[5876.2498779296875, 6897.661437988281, 22.5113525390625, 31.01336669921875]",0.7744361758232117,1
4037,230618_4-2-1.tif,"[7158.530517578125, 2904.6199951171875, 32.47998046875, 42.22857666015625]",0.774409830570221,1
4038,230618_4-2-1.tif,"[2435.6978759765625, 806.8319702148438, 30.2872314453125, 20.804443359375]",0.7743973135948181,1
4039,230618_4-2-1.tif,"[5026.727722167969, 4727.86540222168, 33.1331787109375, 19.76763916015625]",0.7743635177612305,1
4040,230618_4-2-1.tif,"[7085.6119384765625, 70.70388793945312, 18.00830078125, 36.434722900390625]",0.7741864919662476,1
4041,230618_4-2-1.tif,"[3695.3262329101562, 6564.033447265625, 29.639572143554688, 17.448577880859375]",0.7741774916648865,1
4042,230618_4-2-1.tif,"[2162.926513671875, 2487.267822265625, 37.62322998046875, 27.930419921875]",0.7740867733955383,1
4043,230618_4-2-1.tif,"[1295.7489624023438, 3232.2454223632812, 33.71588134765625, 20.715301513671875]",0.7740786075592041,1
4044,230618_4-2-1.tif,"[4919.2999267578125, 2648.2093200683594, 36.10479736328125, 21.366729736328125]",0.7740638852119446,1
4045,230618_4-2-1.tif,"[1189.0820007324219, 4399.6541748046875, 37.52667236328125, 19.6357421875]",0.7740533947944641,1
4046,230618_4-2-1.tif,"[713.2978057861328, 9190.017272949219, 20.970748901367188, 37.571001052856445]",0.7740257978439331,1
4047,230618_4-2-1.tif,"[3731.615020751953, 7052.7061767578125, 18.1224365234375, 33.4149169921875]",0.773966372013092,1
4048,230618_4-2-1.tif,"[3744.2244567871094, 2039.1919555664062, 39.256683349609375, 16.92041015625]",0.7739610075950623,1
4049,230618_4-2-1.tif,"[97.41523742675781, 5475.7484130859375, 22.1776123046875, 34.98388671875]",0.7739159464836121,1
4050,230618_4-2-1.tif,"[6723.876449584961, 7272.628845214844, 25.604873657226562, 29.998992919921875]",0.7738915681838989,1
4051,230618_4-2-1.tif,"[3900.3681640625, 2012.4285583496094, 23.5023193359375, 28.1463623046875]",0.7738906145095825,1
4052,230618_4-2-1.tif,"[3698.6644134521484, 3265.0856170654297, 22.141845703125, 22.11492919921875]",0.7738692760467529,1
4053,230618_4-2-1.tif,"[1755.5147399902344, 1423.0130615234375, 35.135498046875, 17.2958984375]",0.7738480567932129,1
4054,230618_4-2-1.tif,"[271.2392578125, 123.34636688232422, 35.91845703125, 19.04364776611328]",0.7738068699836731,1
4055,230618_4-2-1.tif,"[2525.0830688476562, 4490.1595458984375, 16.58514404296875, 35.5908203125]",0.7738037705421448,1
4056,230618_4-2-1.tif,"[2659.281005859375, 2108.0785522460938, 18.331809997558594, 33.9810791015625]",0.7736911177635193,1
4057,230618_4-2-1.tif,"[5228.8680419921875, 4947.794982910156, 36.563018798828125, 19.91949462890625]",0.7734076380729675,1
4058,230618_4-2-1.tif,"[2882.1432189941406, 4259.778564453125, 26.59320068359375, 23.01165771484375]",0.7733588814735413,1
4059,230618_4-2-1.tif,"[1387.70751953125, 6851.564544677734, 35.852294921875, 17.6768798828125]",0.7733471393585205,1
4060,230618_4-2-1.tif,"[2993.2848510742188, 2850.4300231933594, 35.8956298828125, 16.54351806640625]",0.7731347680091858,1
4061,230618_4-2-1.tif,"[2318.50048828125, 611.3760986328125, 30.85491943359375, 21.6181640625]",0.7731337547302246,1
4062,230618_4-2-1.tif,"[1833.356201171875, 5063.030334472656, 17.0301513671875, 40.58221435546875]",0.7729076743125916,1
4063,230618_4-2-1.tif,"[822.5020751953125, 3410.2506408691406, 24.9560546875, 28.7960205078125]",0.7728554606437683,1
4064,230618_4-2-1.tif,"[5376.573974609375, 7179.419189453125, 17.33758544921875, 31.313720703125]",0.7727501392364502,1
4065,230618_4-2-1.tif,"[1064.4304809570312, 922.3423767089844, 26.126708984375, 37.132080078125]",0.7727474570274353,1
4066,230618_4-2-1.tif,"[3486.5260620117188, 5422.0572509765625, 26.20361328125, 28.6463623046875]",0.7726298570632935,1
4067,230618_4-2-1.tif,"[2928.4694213867188, 4276.600158691406, 16.553955078125, 32.789306640625]",0.7726204991340637,1
4068,230618_4-2-1.tif,"[5511.716613769531, 7829.783401489258, 20.4534912109375, 28.64642333984375]",0.7725356817245483,1
4069,230618_4-2-1.tif,"[615.8961181640625, 1210.6368103027344, 17.25384521484375, 34.49658203125]",0.7724778652191162,1
4070,230618_4-2-1.tif,"[462.36553955078125, 6585.747406005859, 26.8212890625, 20.22222900390625]",0.772458553314209,1
4071,230618_4-2-1.tif,"[1085.7281341552734, 8303.07177734375, 39.51765441894531, 22.93353271484375]",0.7723469138145447,1
4072,230618_4-2-1.tif,"[5788.4166259765625, 1164.5138244628906, 23.8377685546875, 32.71112060546875]",0.772345781326294,1
4073,230618_4-2-1.tif,"[4791.441116333008, 2684.007858276367, 40.0072021484375, 17.685150146484375]",0.7722969651222229,1
4074,230618_4-2-1.tif,"[4418.737487792969, 2222.309356689453, 35.9632568359375, 18.348876953125]",0.7722518444061279,1
4075,230618_4-2-1.tif,"[204.14013671875, 5249.416885375977, 16.43670654296875, 37.180572509765625]",0.7720419764518738,1
4076,230618_4-2-1.tif,"[1406.630859375, 7283.34602355957, 16.933624267578125, 35.2237548828125]",0.771996259689331,1
4077,230618_4-2-1.tif,"[5336.542388916016, 3414.5945434570312, 19.44378662109375, 43.600341796875]",0.7718949317932129,1
4078,230618_4-2-1.tif,"[5734.5037841796875, 9130.929077148438, 30.514495849609375, 25.4664306640625]",0.7717882394790649,1
4079,230618_4-2-1.tif,"[5953.3111572265625, 739.8253784179688, 37.4228515625, 19.016387939453125]",0.7717642188072205,1
4080,230618_4-2-1.tif,"[123.85247802734375, 3250.6188354492188, 37.78265380859375, 16.750640869140625]",0.771763265132904,1
4081,230618_4-2-1.tif,"[444.0823059082031, 3935.7798461914062, 20.1502685546875, 38.126953125]",0.7717521786689758,1
4082,230618_4-2-1.tif,"[3790.7811889648438, 3347.9696655273438, 18.5018310546875, 36.1949462890625]",0.7717218995094299,1
4083,230618_4-2-1.tif,"[2722.320770263672, 5221.0462646484375, 18.658401489257812, 40.69398498535156]",0.7715764045715332,1
4084,230618_4-2-1.tif,"[988.1369323730469, 4526.8935546875, 34.82830810546875, 18.5950927734375]",0.7715316414833069,1
4085,230618_4-2-1.tif,"[2275.4020385742188, 222.45977783203125, 27.8819580078125, 24.7529296875]",0.7713903784751892,1
4086,230618_4-2-1.tif,"[287.7711181640625, 2322.5941162109375, 24.463623046875, 32.1885986328125]",0.7713101506233215,1
4087,230618_4-2-1.tif,"[2480.7435302734375, 5060.719268798828, 34.6649169921875, 16.461181640625]",0.770785391330719,1
4088,230618_4-2-1.tif,"[3344.6116943359375, 2865.3327026367188, 32.0714111328125, 17.1019287109375]",0.7707356810569763,1
4089,230618_4-2-1.tif,"[4125.9680824279785, 5201.812545776367, 22.12588882446289, 40.04878234863281]",0.7707105875015259,1
4090,230618_4-2-1.tif,"[4473.435577392578, 4714.551162719727, 23.3580322265625, 31.780517578125]",0.7707082033157349,1
4091,230618_4-2-1.tif,"[6039.453186035156, 4241.092071533203, 18.35986328125, 31.86383056640625]",0.7707076072692871,1
4092,230618_4-2-1.tif,"[5408.16455078125, 8571.458374023438, 33.46728515625, 17.5689697265625]",0.7706812620162964,1
4093,230618_4-2-1.tif,"[3614.5797119140625, 5025.5511474609375, 24.617794036865234, 31.20989990234375]",0.7705926299095154,1
4094,230618_4-2-1.tif,"[3377.7871704101562, 5080.575622558594, 36.2132568359375, 17.8880615234375]",0.7705883383750916,1
4095,230618_4-2-1.tif,"[5676.4306640625, 1843.1146850585938, 27.210708618164062, 26.27008056640625]",0.7705645561218262,1
4096,230618_4-2-1.tif,"[293.0181884765625, 889.3145446777344, 33.25177001953125, 17.007080078125]",0.7705414891242981,1
4097,230618_4-2-1.tif,"[1392.5102844238281, 8190.128387451172, 35.143524169921875, 19.270389556884766]",0.7705197930335999,1
4098,230618_4-2-1.tif,"[6338.728088378906, 5024.5096435546875, 30.04345703125, 35.47802734375]",0.770516037940979,1
4099,230618_4-2-1.tif,"[850.5888061523438, 6421.0064697265625, 17.90277099609375, 36.46868896484375]",0.770488440990448,1
4100,230618_4-2-1.tif,"[2357.9609375, 2975.1842651367188, 21.1495361328125, 32.54156494140625]",0.7704199552536011,1
4101,230618_4-2-1.tif,"[3096.1964111328125, 939.9270324707031, 24.951736450195312, 34.413238525390625]",0.7703708410263062,1
4102,230618_4-2-1.tif,"[6519.81689453125, 7213.96102142334, 35.602783203125, 18.122474670410156]",0.770317018032074,1
4103,230618_4-2-1.tif,"[147.24351501464844, 2303.7105712890625, 20.735565185546875, 37.138916015625]",0.7702504992485046,1
4104,230618_4-2-1.tif,"[770.0033874511719, 9940.539916992188, 35.42767333984375, 20.20263671875]",0.7702245712280273,1
4105,230618_4-2-1.tif,"[5936.206848144531, 9094.958984375, 35.4326171875, 16.4287109375]",0.7701735496520996,1
4106,230618_4-2-1.tif,"[498.17083740234375, 6480.4031982421875, 24.55692958831787, 33.73773193359375]",0.7701035141944885,1
4107,230618_4-2-1.tif,"[3800.1791381835938, 947.3793640136719, 28.42938232421875, 21.69512939453125]",0.7700795531272888,1
4108,230618_4-2-1.tif,"[1663.4491577148438, 4202.364303588867, 37.3792724609375, 26.803009033203125]",0.7700731158256531,1
4109,230618_4-2-1.tif,"[1075.3707885742188, 6162.312477111816, 36.08935546875, 18.106857299804688]",0.7700489163398743,1
4110,230618_4-2-1.tif,"[3810.103973388672, 6778.6802978515625, 42.355072021484375, 16.512908935546875]",0.770028829574585,1
4111,230618_4-2-1.tif,"[4192.263000488281, 1556.1258506774902, 17.7269287109375, 43.889408111572266]",0.7699142098426819,1
4112,230618_4-2-1.tif,"[1854.4076538085938, 2933.0787963867188, 36.4542236328125, 17.4503173828125]",0.769757866859436,1
4113,230618_4-2-1.tif,"[5250.047790527344, 8318.807891845703, 16.78338623046875, 34.6231689453125]",0.7696588039398193,1
4114,230618_4-2-1.tif,"[5475.379364013672, 2014.0070190429688, 24.2762451171875, 27.8154296875]",0.769658625125885,1
4115,230618_4-2-1.tif,"[7168.792724609375, 8618.79541015625, 21.990175247192383, 35.12274169921875]",0.7696302533149719,1
4116,230618_4-2-1.tif,"[5053.867767333984, 3392.7352600097656, 18.606689453125, 41.11688232421875]",0.7696187496185303,1
4117,230618_4-2-1.tif,"[3418.629913330078, 4040.1422119140625, 14.8043212890625, 29.8172607421875]",0.7695832252502441,1
4118,230618_4-2-1.tif,"[3978.531005859375, 2451.9418334960938, 17.75543212890625, 31.75439453125]",0.7694286108016968,1
4119,230618_4-2-1.tif,"[1968.2906494140625, 3613.1650390625, 35.47979736328125, 18.8681640625]",0.7693771719932556,1
4120,230618_4-2-1.tif,"[1802.5897827148438, 76.3982162475586, 21.3863525390625, 34.96659851074219]",0.7693080902099609,1
4121,230618_4-2-1.tif,"[1832.6135559082031, 3174.1749420166016, 40.5274658203125, 21.114852905273438]",0.7689772248268127,1
4122,230618_4-2-1.tif,"[3943.4511108398438, 3330.7886657714844, 31.2320556640625, 29.4674072265625]",0.7689308524131775,1
4123,230618_4-2-1.tif,"[4782.92578125, 531.1778049468994, 20.140533447265625, 34.155385971069336]",0.7688511610031128,1
4124,230618_4-2-1.tif,"[1537.6801528930664, 4561.659973144531, 38.3056640625, 16.8455810546875]",0.7687779068946838,1
4125,230618_4-2-1.tif,"[939.6361999511719, 3611.3542156219482, 18.39544677734375, 34.20512580871582]",0.7686804533004761,1
4126,230618_4-2-1.tif,"[3363.0097045898438, 2507.631072998047, 44.428955078125, 17.23760986328125]",0.7686344981193542,1
4127,230618_4-2-1.tif,"[4541.5694580078125, 893.134765625, 29.7769775390625, 18.520751953125]",0.7686119675636292,1
4128,230618_4-2-1.tif,"[1376.2285766601562, 3197.9227752685547, 28.9151611328125, 25.582305908203125]",0.7685269713401794,1
4129,230618_4-2-1.tif,"[982.0723571777344, 7042.452941894531, 21.69830322265625, 31.6082763671875]",0.7684295177459717,1
4130,230618_4-2-1.tif,"[3427.949493408203, 1831.5645751953125, 25.37933349609375, 31.6495361328125]",0.768380343914032,1
4131,230618_4-2-1.tif,"[1693.0003662109375, 725.7399139404297, 17.853759765625, 33.58935546875]",0.7683759331703186,1
4132,230618_4-2-1.tif,"[782.3878479003906, 7001.022033691406, 43.02459716796875, 18.200439453125]",0.7683355212211609,1
4133,230618_4-2-1.tif,"[125.80522155761719, 5515.103210449219, 34.40118408203125, 19.1197509765625]",0.7681740522384644,1
4134,230618_4-2-1.tif,"[4708.8179931640625, 6163.4649658203125, 33.68836975097656, 23.024658203125]",0.7681253552436829,1
4135,230618_4-2-1.tif,"[5873.088104248047, 4025.0919189453125, 21.97607421875, 30.44012451171875]",0.7677631378173828,1
4136,230618_4-2-1.tif,"[5223.497840881348, 5252.034881591797, 22.384300231933594, 34.29254150390625]",0.7677547931671143,1
4137,230618_4-2-1.tif,"[1214.4171142578125, 446.3009948730469, 36.89617919921875, 17.0032958984375]",0.7675857543945312,1
4138,230618_4-2-1.tif,"[2008.3577270507812, 4367.498046875, 16.1708984375, 33.847900390625]",0.7675197720527649,1
4139,230618_4-2-1.tif,"[59.49836349487305, 4651.5328369140625, 39.249332427978516, 26.096923828125]",0.7674440145492554,1
4140,230618_4-2-1.tif,"[962.3143920898438, 4567.177307128906, 15.65509033203125, 34.716064453125]",0.7670657634735107,1
4141,230618_4-2-1.tif,"[676.65087890625, 3926.95361328125, 45.87603759765625, 21.7054443359375]",0.7669164538383484,1
4142,230618_4-2-1.tif,"[2779.528594970703, 3688.802001953125, 30.0985107421875, 23.863861083984375]",0.7667778730392456,1
4143,230618_4-2-1.tif,"[5286.705856323242, 769.1094970703125, 33.050445556640625, 20.297607421875]",0.7667432427406311,1
4144,230618_4-2-1.tif,"[162.55197143554688, 3391.3613891601562, 35.92041015625, 19.1876220703125]",0.7665998935699463,1
4145,230618_4-2-1.tif,"[5910.662261962891, 1179.2029418945312, 28.06707763671875, 25.3099365234375]",0.7665191888809204,1
4146,230618_4-2-1.tif,"[5531.39208984375, 747.6341552734375, 24.53997802734375, 25.126953125]",0.7664811015129089,1
4147,230618_4-2-1.tif,"[3052.822509765625, 3808.8418579101562, 33.19466781616211, 18.83990478515625]",0.7664036154747009,1
4148,230618_4-2-1.tif,"[1611.3577880859375, 6246.7548828125, 27.917236328125, 26.12750244140625]",0.7662829160690308,1
4149,230618_4-2-1.tif,"[3900.7044677734375, 5296.36247253418, 37.2777099609375, 17.359283447265625]",0.7662651538848877,1
4150,230618_4-2-1.tif,"[5711.490905761719, 4425.150634765625, 17.393447875976562, 35.13555908203125]",0.7662331461906433,1
4151,230618_4-2-1.tif,"[2261.4505157470703, 6541.3001708984375, 18.54949951171875, 30.9434814453125]",0.7661600112915039,1
4152,230618_4-2-1.tif,"[5870.094787597656, 5686.078918457031, 31.016357421875, 17.90520477294922]",0.7661573886871338,1
4153,230618_4-2-1.tif,"[6264.263168334961, 5015.535705566406, 34.17987060546875, 21.178466796875]",0.7660797834396362,1
4154,230618_4-2-1.tif,"[7558.9171142578125, 6565.894439697266, 29.7938232421875, 46.5147705078125]",0.765975832939148,1
4155,230618_4-2-1.tif,"[4989.222473144531, 7655.004302978516, 34.21240234375, 18.98577880859375]",0.7659727334976196,1
4156,230618_4-2-1.tif,"[517.4390296936035, 1654.5106811523438, 36.697731018066406, 24.647705078125]",0.7659636735916138,1
4157,230618_4-2-1.tif,"[502.81427001953125, 3377.197021484375, 32.79319381713867, 25.73651123046875]",0.7658534049987793,1
4158,230618_4-2-1.tif,"[2633.656707763672, 4133.7283935546875, 27.5408935546875, 24.061767578125]",0.7658149003982544,1
4159,230618_4-2-1.tif,"[1530.4164123535156, 4088.5306396484375, 26.144859313964844, 39.180572509765625]",0.7657952308654785,1
4160,230618_4-2-1.tif,"[1550.5151977539062, 6896.686981201172, 30.1964111328125, 22.09637451171875]",0.7657504677772522,1
4161,230618_4-2-1.tif,"[2128.2435302734375, 4126.052001953125, 33.780517578125, 25.351898193359375]",0.7657102346420288,1
4162,230618_4-2-1.tif,"[1784.3079528808594, 4453.703674316406, 40.297607421875, 19.1859130859375]",0.7656898498535156,1
4163,230618_4-2-1.tif,"[476.85821533203125, 1035.5444869995117, 20.017578125, 32.52924346923828]",0.765662670135498,1
4164,230618_4-2-1.tif,"[3638.2283935546875, 205.4080810546875, 16.406837463378906, 38.898651123046875]",0.7654902935028076,1
4165,230618_4-2-1.tif,"[322.1675109863281, 6331.190231323242, 33.5648193359375, 21.4432373046875]",0.7654539942741394,1
4166,230618_4-2-1.tif,"[5699.695518493652, 3889.2147216796875, 41.821022033691406, 18.8531494140625]",0.7654092907905579,1
4167,230618_4-2-1.tif,"[4503.901062011719, 1799.2159729003906, 34.0947265625, 17.10357666015625]",0.765293538570404,1
4168,230618_4-2-1.tif,"[521.2686653137207, 4044.0372924804688, 35.524688720703125, 18.2373046875]",0.7650892734527588,1
4169,230618_4-2-1.tif,"[568.408935546875, 2582.914649963379, 24.212646484375, 30.804458618164062]",0.7648955583572388,1
4170,230618_4-2-1.tif,"[167.33169555664062, 498.91119384765625, 35.85601806640625, 19.8497314453125]",0.7647379040718079,1
4171,230618_4-2-1.tif,"[4223.189765930176, 6008.319396972656, 20.07097625732422, 31.8590087890625]",0.7647374272346497,1
4172,230618_4-2-1.tif,"[1865.1654052734375, 4746.737609863281, 36.14215087890625, 16.806884765625]",0.764689028263092,1
4173,230618_4-2-1.tif,"[2813.5316162109375, 37.828392028808594, 34.926025390625, 18.18004608154297]",0.7646743655204773,1
4174,230618_4-2-1.tif,"[5869.908935546875, 8838.042907714844, 17.90594482421875, 39.31280517578125]",0.7646735310554504,1
4175,230618_4-2-1.tif,"[3498.3535766601562, 649.4658508300781, 24.368408203125, 31.74505615234375]",0.7646607160568237,1
4176,230618_4-2-1.tif,"[2583.117431640625, 151.60848999023438, 16.977294921875, 37.0555419921875]",0.7645885944366455,1
4177,230618_4-2-1.tif,"[3571.9548950195312, 2658.774627685547, 35.933279037475586, 19.320465087890625]",0.7645264863967896,1
4178,230618_4-2-1.tif,"[6623.13134765625, 5514.637664794922, 39.905517578125, 22.5345458984375]",0.7644947171211243,1
4179,230618_4-2-1.tif,"[8922.619018554688, 607.7433013916016, 28.2232666015625, 25.195465087890625]",0.7644889950752258,1
4180,230618_4-2-1.tif,"[2126.9183349609375, 1251.6464385986328, 35.228302001953125, 20.145492553710938]",0.7644818425178528,1
4181,230618_4-2-1.tif,"[3174.025161743164, 2006.3675537109375, 17.928192138671875, 35.7640380859375]",0.7641103863716125,1
4182,230618_4-2-1.tif,"[6336.858154296875, 621.5494995117188, 18.64923095703125, 34.50555419921875]",0.7639479041099548,1
4183,230618_4-2-1.tif,"[4914.571838378906, 6029.081237792969, 40.3743896484375, 20.3382568359375]",0.7639446258544922,1
4184,230618_4-2-1.tif,"[6286.550720214844, 6492.460021972656, 18.15838623046875, 31.966064453125]",0.763911783695221,1
4185,230618_4-2-1.tif,"[7240.8795166015625, 8385.89712524414, 29.703887939453125, 33.9732666015625]",0.7638450264930725,1
4186,230618_4-2-1.tif,"[6332.6173095703125, 8642.893798828125, 16.43951416015625, 29.50830078125]",0.7637251615524292,1
4187,230618_4-2-1.tif,"[2101.781982421875, 906.6205444335938, 30.9913330078125, 22.696044921875]",0.7636688351631165,1
4188,230618_4-2-1.tif,"[625.7991943359375, 3940.6829528808594, 28.591064453125, 37.11798095703125]",0.7635970115661621,1
4189,230618_4-2-1.tif,"[6879.0189208984375, 9741.514709472656, 18.761962890625, 39.23388671875]",0.7635622620582581,1
4190,230618_4-2-1.tif,"[3696.2891845703125, 1938.4085693359375, 20.551040649414062, 39.56292724609375]",0.7635464072227478,1
4191,230618_4-2-1.tif,"[6083.134796142578, 1905.9653015136719, 38.62152099609375, 20.3857421875]",0.7635461091995239,1
4192,230618_4-2-1.tif,"[1520.1806030273438, 6954.3970947265625, 16.31884765625, 34.2254638671875]",0.7635167837142944,1
4193,230618_4-2-1.tif,"[4779.6337890625, 3547.0470581054688, 18.3397216796875, 33.3836669921875]",0.7634534239768982,1
4194,230618_4-2-1.tif,"[6948.223052978516, 9321.252655029297, 22.26324462890625, 36.072479248046875]",0.763365626335144,1
4195,230618_4-2-1.tif,"[8470.524841308594, 744.8968505859375, 29.42425537109375, 43.63299560546875]",0.7633216381072998,1
4196,230618_4-2-1.tif,"[2958.907745361328, 3173.45263671875, 17.6986083984375, 39.766937255859375]",0.7632205486297607,1
4197,230618_4-2-1.tif,"[5805.4278564453125, 5159.2996826171875, 38.61676025390625, 19.688720703125]",0.7631262540817261,1
4198,230618_4-2-1.tif,"[3228.048324584961, 671.7444152832031, 32.551605224609375, 23.334136962890625]",0.7630969285964966,1
4199,230618_4-2-1.tif,"[5746.751220703125, 8576.696044921875, 39.660552978515625, 18.20526123046875]",0.7630844116210938,1
4200,230618_4-2-1.tif,"[6620.667541503906, 8706.58203125, 39.025390625, 26.935302734375]",0.7630648612976074,1
4201,230618_4-2-1.tif,"[1250.4136657714844, 2664.716796875, 36.218353271484375, 18.92474365234375]",0.7630005478858948,1
4202,230618_4-2-1.tif,"[1455.8630981445312, 88.21414184570312, 17.560302734375, 39.71527099609375]",0.762972891330719,1
4203,230618_4-2-1.tif,"[476.21063232421875, 4408.248107910156, 34.85809326171875, 17.840576171875]",0.7629411816596985,1
4204,230618_4-2-1.tif,"[1319.261474609375, 2822.8226623535156, 38.39208984375, 17.46185302734375]",0.7626919150352478,1
4205,230618_4-2-1.tif,"[13.607486724853516, 1047.04296875, 28.171344757080078, 28.502639770507812]",0.7626347541809082,1
4206,230618_4-2-1.tif,"[2053.8599853515625, 2649.6946868896484, 23.915563583374023, 32.23109436035156]",0.7624323964118958,1
4207,230618_4-2-1.tif,"[2715.3916015625, 6609.050140380859, 19.4444580078125, 29.300048828125]",0.7624321579933167,1
4208,230618_4-2-1.tif,"[4115.654296875, 4335.501770019531, 19.83740234375, 39.1905517578125]",0.762328028678894,1
4209,230618_4-2-1.tif,"[6577.658752441406, 9054.035949707031, 22.2796630859375, 27.932373046875]",0.7622737884521484,1
4210,230618_4-2-1.tif,"[8193.844066619873, 5402.335388183594, 43.057743072509766, 22.711181640625]",0.7620629668235779,1
4211,230618_4-2-1.tif,"[2558.4239196777344, 7825.10986328125, 43.553985595703125, 20.3880615234375]",0.7620131969451904,1
4212,230618_4-2-1.tif,"[7442.0648193359375, 6235.2562255859375, 35.55621337890625, 20.22119140625]",0.7617977857589722,1
4213,230618_4-2-1.tif,"[1369.4363403320312, 4398.960540771484, 36.33587646484375, 21.3690185546875]",0.761751115322113,1
4214,230618_4-2-1.tif,"[1643.8018798828125, 6820.22119140625, 24.60125732421875, 29.068572998046875]",0.7616835832595825,1
4215,230618_4-2-1.tif,"[2779.4140625, 5254.998626708984, 29.94586181640625, 26.19464111328125]",0.761639416217804,1
4216,230618_4-2-1.tif,"[4888.472961425781, 6654.52490234375, 29.973876953125, 22.521366119384766]",0.7616196870803833,1
4217,230618_4-2-1.tif,"[5508.7103271484375, 2745.467330932617, 40.22039794921875, 17.678985595703125]",0.7615577578544617,1
4218,230618_4-2-1.tif,"[2125.935791015625, 6657.8875732421875, 31.904037475585938, 21.452239990234375]",0.7615448832511902,1
4219,230618_4-2-1.tif,"[5659.965969085693, 4029.4601440429688, 32.47055435180664, 16.269775390625]",0.7611822485923767,1
4220,230618_4-2-1.tif,"[2532.5206909179688, 3345.9810791015625, 32.5224609375, 22.7352294921875]",0.7610514760017395,1
4221,230618_4-2-1.tif,"[5157.435852050781, 4776.536102294922, 37.478515625, 19.13739013671875]",0.760748028755188,1
4222,230618_4-2-1.tif,"[4093.7025146484375, 4837.678375244141, 17.703628540039062, 31.72509765625]",0.7606232166290283,1
4223,230618_4-2-1.tif,"[72.0123291015625, 5072.19287109375, 26.23297119140625, 25.30621337890625]",0.7604540586471558,1
4224,230618_4-2-1.tif,"[3930.3798217773438, 9936.861572265625, 31.011962890625, 20.379150390625]",0.760332465171814,1
4225,230618_4-2-1.tif,"[5928.15087890625, 414.1913757324219, 24.3404541015625, 27.90087890625]",0.759904682636261,1
4226,230618_4-2-1.tif,"[902.4226379394531, 7308.791915893555, 15.78802490234375, 23.4404296875]",0.7598007917404175,1
4227,230618_4-2-1.tif,"[1389.9399108886719, 2643.4620971679688, 30.5413818359375, 25.23291015625]",0.7597379088401794,1
4228,230618_4-2-1.tif,"[7512.466491699219, 9431.937469482422, 18.6790771484375, 41.272796630859375]",0.7597344517707825,1
4229,230618_4-2-1.tif,"[535.2932739257812, 183.68118286132812, 25.367431640625, 24.250015258789062]",0.7596510648727417,1
4230,230618_4-2-1.tif,"[5784.743347167969, 6030.802062988281, 32.60504150390625, 37.9752197265625]",0.759558916091919,1
4231,230618_4-2-1.tif,"[5453.4088134765625, 2872.6140747070312, 25.95660400390625, 30.3634033203125]",0.7595379948616028,1
4232,230618_4-2-1.tif,"[5712.082763671875, 5383.973297119141, 29.847640991210938, 28.511932373046875]",0.7595365047454834,1
4233,230618_4-2-1.tif,"[1446.252685546875, 7793.34130859375, 31.1236572265625, 18.646011352539062]",0.7592892050743103,1
4234,230618_4-2-1.tif,"[6650.956726074219, 603.7481994628906, 21.841064453125, 38.79170227050781]",0.7592297196388245,1
4235,230618_4-2-1.tif,"[5943.245269775391, 6793.633239746094, 24.04620361328125, 29.2086181640625]",0.7591907382011414,1
4236,230618_4-2-1.tif,"[5509.775451660156, 1822.5191040039062, 28.7484130859375, 27.1014404296875]",0.759148120880127,1
4237,230618_4-2-1.tif,"[1366.0918273925781, 6337.034149169922, 35.0665283203125, 17.2916259765625]",0.7590351700782776,1
4238,230618_4-2-1.tif,"[3733.964096069336, 8833.948913574219, 24.34234619140625, 27.39764404296875]",0.7589153051376343,1
4239,230618_4-2-1.tif,"[7924.657287597656, 5544.147644042969, 34.243408203125, 33.1864013671875]",0.7588182687759399,1
4240,230618_4-2-1.tif,"[3971.0454711914062, 552.3466796875, 28.132537841796875, 26.4532470703125]",0.7587610483169556,1
4241,230618_4-2-1.tif,"[3540.0580444335938, 2394.750244140625, 34.5289306640625, 17.31982421875]",0.7586695551872253,1
4242,230618_4-2-1.tif,"[6537.637298583984, 7057.398223876953, 35.93353271484375, 39.9803466796875]",0.7585822343826294,1
4243,230618_4-2-1.tif,"[6404.170166015625, 2249.4198303222656, 33.8492431640625, 22.0675048828125]",0.7585598826408386,1
4244,230618_4-2-1.tif,"[4623.458251953125, 7704.12585067749, 24.31787109375, 19.505802154541016]",0.7585474848747253,1
4245,230618_4-2-1.tif,"[3078.6736755371094, 7540.800750732422, 36.470855712890625, 16.177001953125]",0.7585427165031433,1
4246,230618_4-2-1.tif,"[6453.095275878906, 359.47589111328125, 17.888916015625, 34.48974609375]",0.758230984210968,1
4247,230618_4-2-1.tif,"[1993.5055541992188, 4870.068298339844, 21.09417724609375, 33.3050537109375]",0.758211076259613,1
4248,230618_4-2-1.tif,"[206.16354370117188, 3010.044921875, 37.35693359375, 19.18798828125]",0.7581510543823242,1
4249,230618_4-2-1.tif,"[3041.0760498046875, 7004.195281982422, 36.69696807861328, 28.208160400390625]",0.7579162120819092,1
4250,230618_4-2-1.tif,"[1732.6903076171875, 5813.055435180664, 30.1666259765625, 22.40179443359375]",0.7575355768203735,1
4251,230618_4-2-1.tif,"[696.2605285644531, 8428.997955322266, 22.3775634765625, 34.52459716796875]",0.7575346827507019,1
4252,230618_4-2-1.tif,"[228.84719848632812, 3889.435302734375, 17.1856689453125, 40.172607421875]",0.7574499249458313,1
4253,230618_4-2-1.tif,"[1089.497802734375, 1585.2525634765625, 35.52268981933594, 18.84100341796875]",0.7574400901794434,1
4254,230618_4-2-1.tif,"[889.1883544921875, 391.4044189453125, 40.13287353515625, 18.295166015625]",0.7574155926704407,1
4255,230618_4-2-1.tif,"[4703.509033203125, 4195.657958984375, 20.814773559570312, 34.46929931640625]",0.7573808431625366,1
4256,230618_4-2-1.tif,"[5122.938674926758, 8020.74267578125, 19.576805114746094, 37.056640625]",0.7573761343955994,1
4257,230618_4-2-1.tif,"[936.6740112304688, 6468.253326416016, 27.2998046875, 32.08685302734375]",0.7570667266845703,1
4258,230618_4-2-1.tif,"[575.4757080078125, 4342.814453125, 32.816246032714844, 21.74066162109375]",0.7570330500602722,1
4259,230618_4-2-1.tif,"[1504.4813842773438, 6633.8411865234375, 32.6324462890625, 42.03835868835449]",0.7569872140884399,1
4260,230618_4-2-1.tif,"[6508.865936279297, 9918.361083984375, 36.18487548828125, 17.871826171875]",0.7569228410720825,1
4261,230618_4-2-1.tif,"[3246.9830627441406, 3953.716796875, 15.729248046875, 27.296875]",0.756811261177063,1
4262,230618_4-2-1.tif,"[8081.769348144531, 8112.972106933594, 23.49725341796875, 44.161865234375]",0.7566505670547485,1
4263,230618_4-2-1.tif,"[5025.816589355469, 464.58154296875, 38.7425537109375, 17.3404541015625]",0.7566010355949402,1
4264,230618_4-2-1.tif,"[1900.6242065429688, 5307.706329345703, 31.32440185546875, 25.49896240234375]",0.755974292755127,1
4265,230618_4-2-1.tif,"[2493.8448791503906, 4829.261260986328, 28.68316650390625, 26.393310546875]",0.7558391094207764,1
4266,230618_4-2-1.tif,"[3006.9253540039062, 3365.8482971191406, 23.86553955078125, 30.1724853515625]",0.7558355927467346,1
4267,230618_4-2-1.tif,"[6234.7408447265625, 6653.001708984375, 34.85661315917969, 18.745962142944336]",0.7558150291442871,1
4268,230618_4-2-1.tif,"[348.11773681640625, 9166.255187988281, 28.1175537109375, 38.0013427734375]",0.7557551264762878,1
4269,230618_4-2-1.tif,"[6071.1146240234375, 6334.187316894531, 32.7562255859375, 31.41571044921875]",0.7557468414306641,1
4270,230618_4-2-1.tif,"[2066.931884765625, 2356.5438232421875, 29.98193359375, 23.00604248046875]",0.7556894421577454,1
4271,230618_4-2-1.tif,"[2020.6641845703125, 4227.2559814453125, 21.55792236328125, 30.02294921875]",0.7556734085083008,1
4272,230618_4-2-1.tif,"[1171.2274475097656, 5972.986328125, 30.097900390625, 21.555419921875]",0.7554094195365906,1
4273,230618_4-2-1.tif,"[7202.678581237793, 509.0076599121094, 25.62183380126953, 31.83823585510254]",0.7553853988647461,1
4274,230618_4-2-1.tif,"[7614.574768066406, 3932.1140747070312, 26.4678955078125, 50.21978759765625]",0.7551630139350891,1
4275,230618_4-2-1.tif,"[733.2308349609375, 3061.4259643554688, 26.6290283203125, 34.58181953430176]",0.7551506757736206,1
4276,230618_4-2-1.tif,"[722.3417663574219, 6079.588134765625, 32.21710205078125, 16.8277587890625]",0.7550659775733948,1
4277,230618_4-2-1.tif,"[806.0486450195312, 430.9743957519531, 30.743896484375, 19.56085205078125]",0.7549636363983154,1
4278,230618_4-2-1.tif,"[2057.7791137695312, 407.8969421386719, 40.0732421875, 18.70904541015625]",0.7549576759338379,1
4279,230618_4-2-1.tif,"[2598.8313522338867, 6119.933349609375, 32.652626037597656, 20.33489990234375]",0.7548196911811829,1
4280,230618_4-2-1.tif,"[2480.4912719726562, 1944.876220703125, 20.630615234375, 29.7088623046875]",0.754797101020813,1
4281,230618_4-2-1.tif,"[5825.845764160156, 7221.841285705566, 18.74285888671875, 28.320335388183594]",0.7547897100448608,1
4282,230618_4-2-1.tif,"[2922.4494018554688, 5058.496398925781, 21.7808837890625, 27.60345458984375]",0.75478595495224,1
4283,230618_4-2-1.tif,"[6981.053436279297, 2211.4788513183594, 17.444580078125, 33.73626708984375]",0.754697859287262,1
4284,230618_4-2-1.tif,"[5567.8695068359375, 118.7983627319336, 30.4443359375, 24.55365753173828]",0.754571259021759,1
4285,230618_4-2-1.tif,"[3288.1192169189453, 5522.401794433594, 33.038848876953125, 15.470947265625]",0.7543575167655945,1
4286,230618_4-2-1.tif,"[1943.4261474609375, 2628.9735717773438, 27.197265625, 27.62353515625]",0.7543038129806519,1
4287,230618_4-2-1.tif,"[3968.266082763672, 2548.3375244140625, 29.958251953125, 22.111599922180176]",0.7542481422424316,1
4288,230618_4-2-1.tif,"[306.5890197753906, 5549.768341064453, 28.00244140625, 19.8006591796875]",0.7541634440422058,1
4289,230618_4-2-1.tif,"[2907.136474609375, 1883.76123046875, 23.0924072265625, 30.790283203125]",0.7541390061378479,1
4290,230618_4-2-1.tif,"[5846.853790283203, 7635.81591796875, 34.088043212890625, 16.0172119140625]",0.754106879234314,1
4291,230618_4-2-1.tif,"[3170.14453125, 5993.738739013672, 27.4437255859375, 26.67193603515625]",0.7540865540504456,1
4292,230618_4-2-1.tif,"[6149.374824523926, 1769.9109191894531, 21.391239166259766, 33.488800048828125]",0.7540532350540161,1
4293,230618_4-2-1.tif,"[7698.782844543457, 6292.150817871094, 36.15294647216797, 19.204193115234375]",0.7539463639259338,1
4294,230618_4-2-1.tif,"[4863.94514465332, 3928.3016357421875, 36.20542907714844, 18.5411376953125]",0.7539103627204895,1
4295,230618_4-2-1.tif,"[7931.85546875, 7605.364837646484, 35.53997802734375, 42.45526123046875]",0.753888726234436,1
4296,230618_4-2-1.tif,"[4687.6622314453125, 5409.9129638671875, 20.053695678710938, 28.31024169921875]",0.7537908554077148,1
4297,230618_4-2-1.tif,"[3339.0096435546875, 3840.502960205078, 33.2991943359375, 15.464111328125]",0.75369793176651,1
4298,230618_4-2-1.tif,"[4459.7593994140625, 1419.0272827148438, 37.7158203125, 21.656494140625]",0.7535933256149292,1
4299,230618_4-2-1.tif,"[1170.9344482421875, 4273.312896728516, 17.80462646484375, 34.313629150390625]",0.7535594701766968,1
4300,230618_4-2-1.tif,"[3950.484588623047, 252.9835205078125, 38.5252685546875, 18.70294189453125]",0.7535178065299988,1
4301,230618_4-2-1.tif,"[1958.2306213378906, 4711.042541503906, 22.559417724609375, 32.423065185546875]",0.7533199787139893,1
4302,230618_4-2-1.tif,"[821.33837890625, 6908.590515136719, 23.0899658203125, 35.20098876953125]",0.7532892227172852,1
4303,230618_4-2-1.tif,"[340.15728759765625, 6983.819519042969, 18.7340087890625, 32.6478271484375]",0.753183126449585,1
4304,230618_4-2-1.tif,"[1727.4412078857422, 6654.496887207031, 18.490890502929688, 35.75862121582031]",0.7530680298805237,1
4305,230618_4-2-1.tif,"[4912.566101074219, 1390.0975952148438, 18.62158203125, 34.798095703125]",0.7529454827308655,1
4306,230618_4-2-1.tif,"[1518.4476318359375, 2829.3964233398438, 41.43482971191406, 35.7066650390625]",0.7529194355010986,1
4307,230618_4-2-1.tif,"[4180.433792114258, 1184.0615539550781, 31.97772216796875, 20.7276611328125]",0.7529047131538391,1
4308,230618_4-2-1.tif,"[2287.03955078125, 6194.164901733398, 20.79510498046875, 36.85414123535156]",0.7528954148292542,1
4309,230618_4-2-1.tif,"[7714.698341369629, 7175.6810302734375, 33.048851013183594, 32.7504768371582]",0.7526588439941406,1
4310,230618_4-2-1.tif,"[2417.8272094726562, 3894.1473388671875, 25.2841796875, 25.7572021484375]",0.7525219321250916,1
4311,230618_4-2-1.tif,"[5769.8818359375, 3644.321044921875, 30.08917236328125, 22.44482421875]",0.7524267435073853,1
4312,230618_4-2-1.tif,"[2154.7471923828125, 294.60064697265625, 36.40419006347656, 19.359619140625]",0.7523425221443176,1
4313,230618_4-2-1.tif,"[4868.72802734375, 2065.1153564453125, 19.87139892578125, 31.807373046875]",0.7521457672119141,1
4314,230618_4-2-1.tif,"[6692.2639236450195, 7069.286682128906, 19.29327392578125, 35.3438720703125]",0.7520477771759033,1
4315,230618_4-2-1.tif,"[6784.978820800781, 8346.161193847656, 30.5087890625, 26.7381591796875]",0.7520239949226379,1
4316,230618_4-2-1.tif,"[4305.4849853515625, 1086.27880859375, 21.3580322265625, 28.157211303710938]",0.7520061731338501,1
4317,230618_4-2-1.tif,"[9366.041748046875, 519.8329467773438, 35.53155517578125, 48.867515563964844]",0.7519789338111877,1
4318,230618_4-2-1.tif,"[1.4392032623291016, 3525.658935546875, 29.34886932373047, 27.671630859375]",0.7518866062164307,1
4319,230618_4-2-1.tif,"[8661.847717285156, 671.8225402832031, 39.18359375, 43.825775146484375]",0.7518645524978638,1
4320,230618_4-2-1.tif,"[7582.702331542969, 6366.287933349609, 24.9395751953125, 52.2091064453125]",0.7517958879470825,1
4321,230618_4-2-1.tif,"[4048.0533447265625, 8995.290466308594, 20.4580078125, 35.244140625]",0.7515541315078735,1
4322,230618_4-2-1.tif,"[5811.938720703125, 3024.59765625, 34.654266357421875, 15.77587890625]",0.7511352896690369,1
4323,230618_4-2-1.tif,"[5460.727478027344, 9471.961120605469, 33.150421142578125, 21.81640625]",0.751116156578064,1
4324,230618_4-2-1.tif,"[2919.286376953125, 4813.975173950195, 24.4525146484375, 19.516082763671875]",0.7509334087371826,1
4325,230618_4-2-1.tif,"[3720.59814453125, 4443.6029052734375, 32.1944580078125, 15.5076904296875]",0.7508765459060669,1
4326,230618_4-2-1.tif,"[4955.366027832031, 5513.3870849609375, 36.502197265625, 19.39111328125]",0.7506455779075623,1
4327,230618_4-2-1.tif,"[7283.73388671875, 6174.4652099609375, 19.625656127929688, 44.506103515625]",0.750581681728363,1
4328,230618_4-2-1.tif,"[7294.7631759643555, 319.5400390625, 32.60865020751953, 18.35400390625]",0.7505618333816528,1
4329,230618_4-2-1.tif,"[6663.243408203125, 9630.600463867188, 17.224609375, 35.97265625]",0.7505075931549072,1
4330,230618_4-2-1.tif,"[747.4192810058594, 5673.245468139648, 28.37158203125, 16.083755493164062]",0.7504856586456299,1
4331,230618_4-2-1.tif,"[6328.436859130859, 7118.0489501953125, 18.4957275390625, 28.839111328125]",0.7502789497375488,1
4332,230618_4-2-1.tif,"[4489.83251953125, 5290.017654418945, 22.302734375, 28.39447021484375]",0.7502466440200806,1
4333,230618_4-2-1.tif,"[5784.778381347656, 3561.2222900390625, 22.64678955078125, 33.11724853515625]",0.7499656081199646,1
4334,230618_4-2-1.tif,"[6167.721294403076, 5795.0255126953125, 20.322162628173828, 38.799774169921875]",0.7498915791511536,1
4335,230618_4-2-1.tif,"[256.380859375, 1430.0711669921875, 23.46282958984375, 31.32794189453125]",0.7498836517333984,1
4336,230618_4-2-1.tif,"[2673.0733642578125, 5063.6497802734375, 21.86981201171875, 29.73504638671875]",0.749505341053009,1
4337,230618_4-2-1.tif,"[6168.7329750061035, 9842.172607421875, 38.250179290771484, 21.409759521484375]",0.7494384050369263,1
4338,230618_4-2-1.tif,"[1183.5543975830078, 819.3656005859375, 33.852783203125, 18.007080078125]",0.7493900060653687,1
4339,230618_4-2-1.tif,"[3202.969940185547, 3098.0912799835205, 33.47991943359375, 15.658597946166992]",0.7493188977241516,1
4340,230618_4-2-1.tif,"[6516.314697265625, 6782.768608093262, 29.92144775390625, 48.63086700439453]",0.7490062117576599,1
4341,230618_4-2-1.tif,"[7481.9947509765625, 6510.007751464844, 35.0233154296875, 19.8765869140625]",0.7489964962005615,1
4342,230618_4-2-1.tif,"[1942.9035034179688, 455.26568603515625, 37.4903564453125, 20.05206298828125]",0.748965322971344,1
4343,230618_4-2-1.tif,"[817.5533447265625, 6173.1959228515625, 36.26763916015625, 16.341766357421875]",0.7488925457000732,1
4344,230618_4-2-1.tif,"[4063.019317626953, 191.27920532226562, 17.45654296875, 32.88104248046875]",0.7486830949783325,1
4345,230618_4-2-1.tif,"[5531.538513183594, 1200.449234008789, 30.208740234375, 20.364044189453125]",0.7486768364906311,1
4346,230618_4-2-1.tif,"[3045.604766845703, 33.06825637817383, 19.69940185546875, 29.663307189941406]",0.7485204935073853,1
4347,230618_4-2-1.tif,"[1847.2003173828125, 1030.1304359436035, 18.260650634765625, 33.60361862182617]",0.7484564781188965,1
4348,230618_4-2-1.tif,"[1347.8463134765625, 4118.788297653198, 33.9647216796875, 19.04863166809082]",0.7483531832695007,1
4349,230618_4-2-1.tif,"[1546.0756072998047, 358.40924072265625, 31.845123291015625, 28.8955078125]",0.7483028769493103,1
4350,230618_4-2-1.tif,"[1570.69921875, 2546.7130126953125, 23.136688232421875, 37.05147171020508]",0.7480618357658386,1
4351,230618_4-2-1.tif,"[159.04141235351562, 6920.061248779297, 17.97509765625, 38.63311767578125]",0.7479920387268066,1
4352,230618_4-2-1.tif,"[2288.051300048828, 6325.886962890625, 17.28167724609375, 33.7764892578125]",0.7478185296058655,1
4353,230618_4-2-1.tif,"[3787.0848083496094, 8677.947387695312, 35.7587890625, 17.742919921875]",0.7477080821990967,1
4354,230618_4-2-1.tif,"[3678.9459228515625, 8543.035095214844, 31.079147338867188, 25.9183349609375]",0.747704267501831,1
4355,230618_4-2-1.tif,"[6545.345703125, 8515.274536132812, 24.228271484375, 47.1787109375]",0.7476836442947388,1
4356,230618_4-2-1.tif,"[3974.6238403320312, 1526.3922424316406, 21.4508056640625, 31.30257225036621]",0.7474721670150757,1
4357,230618_4-2-1.tif,"[3689.35693359375, 4271.534881591797, 26.83306884765625, 29.9609375]",0.7473299503326416,1
4358,230618_4-2-1.tif,"[3141.521728515625, 4234.143478393555, 16.08905029296875, 32.992401123046875]",0.7473212480545044,1
4359,230618_4-2-1.tif,"[1592.8936157226562, 489.37408447265625, 32.16412353515625, 32.911376953125]",0.7473077774047852,1
4360,230618_4-2-1.tif,"[174.5398712158203, 20.192493438720703, 31.9659423828125, 23.671401977539062]",0.7472459673881531,1
4361,230618_4-2-1.tif,"[1289.1228637695312, 3116.1072998046875, 34.27783203125, 17.997314453125]",0.7470865845680237,1
4362,230618_4-2-1.tif,"[3237.9808502197266, 3305.546600341797, 16.42388916015625, 31.502227783203125]",0.7468996644020081,1
4363,230618_4-2-1.tif,"[4797.049102783203, 7249.4210205078125, 16.580078125, 34.09504699707031]",0.7468399405479431,1
4364,230618_4-2-1.tif,"[3926.651885986328, 4198.914596557617, 30.33282470703125, 26.216033935546875]",0.7468183636665344,1
4365,230618_4-2-1.tif,"[3828.5994567871094, 1113.0384674072266, 35.9888916015625, 17.483627319335938]",0.7467923760414124,1
4366,230618_4-2-1.tif,"[2033.5972290039062, 4970.3448486328125, 22.1171875, 28.4114990234375]",0.7467880249023438,1
4367,230618_4-2-1.tif,"[682.2288818359375, 91.11083984375, 17.329986572265625, 36.42205810546875]",0.7465376853942871,1
4368,230618_4-2-1.tif,"[4853.17919921875, 6091.7838134765625, 22.94976806640625, 37.2923583984375]",0.7464348077774048,1
4369,230618_4-2-1.tif,"[5789.309906005859, 8091.999755859375, 18.47796630859375, 35.35150146484375]",0.7462441325187683,1
4370,230618_4-2-1.tif,"[3328.3363037109375, 8540.589416503906, 23.20556640625, 24.6087646484375]",0.7461752891540527,1
4371,230618_4-2-1.tif,"[122.32730102539062, 4520.641204833984, 21.562835693359375, 33.0660400390625]",0.7461370229721069,1
4372,230618_4-2-1.tif,"[3037.5694580078125, 8069.465087890625, 26.5765380859375, 25.7105712890625]",0.7459401488304138,1
4373,230618_4-2-1.tif,"[4903.323944091797, 7259.917724609375, 16.99871826171875, 35.26263427734375]",0.745609700679779,1
4374,230618_4-2-1.tif,"[3316.383743286133, 6575.089935302734, 40.17771911621094, 21.5350341796875]",0.745597779750824,1
4375,230618_4-2-1.tif,"[977.9118957519531, 1821.1441040039062, 19.04693603515625, 32.616943359375]",0.7451909184455872,1
4376,230618_4-2-1.tif,"[3415.4161987304688, 176.54446411132812, 27.029052734375, 20.20556640625]",0.7450050711631775,1
4377,230618_4-2-1.tif,"[2689.127700805664, 1241.5413970947266, 29.594390869140625, 23.859619140625]",0.7449313402175903,1
4378,230618_4-2-1.tif,"[2387.0855102539062, 1721.2947235107422, 17.91387939453125, 36.105377197265625]",0.7446677684783936,1
4379,230618_4-2-1.tif,"[7075.586822509766, 8519.496520996094, 22.182861328125, 43.4173583984375]",0.7445722222328186,1
4380,230618_4-2-1.tif,"[3587.6479721069336, 435.4124755859375, 36.041587829589844, 26.55816650390625]",0.7441898584365845,1
4381,230618_4-2-1.tif,"[3379.957794189453, 5403.142608642578, 40.7845458984375, 18.430908203125]",0.7441696524620056,1
4382,230618_4-2-1.tif,"[471.28948974609375, 4336.970855712891, 23.150146484375, 25.25604248046875]",0.7441456913948059,1
4383,230618_4-2-1.tif,"[734.8148498535156, 2779.4129638671875, 32.87322998046875, 19.0279541015625]",0.7440211772918701,1
4384,230618_4-2-1.tif,"[6615.810485839844, 538.7185325622559, 19.49285888671875, 30.530410766601562]",0.7437934875488281,1
4385,230618_4-2-1.tif,"[2202.281036376953, 1226.4465942382812, 32.17608642578125, 23.736968994140625]",0.7433032393455505,1
4386,230618_4-2-1.tif,"[1089.1426391601562, 4552.222900390625, 31.76611328125, 23.14898681640625]",0.7431288361549377,1
4387,230618_4-2-1.tif,"[1599.0653076171875, 642.3179321289062, 21.228271484375, 29.74285888671875]",0.7431055307388306,1
4388,230618_4-2-1.tif,"[3365.1130981445312, 4875.390563964844, 17.155029296875, 35.57305908203125]",0.7430143356323242,1
4389,230618_4-2-1.tif,"[2948.2444458007812, 4354.748107910156, 27.77069091796875, 29.353271484375]",0.7428526282310486,1
4390,230618_4-2-1.tif,"[312.81353759765625, 6637.5477294921875, 37.0323486328125, 19.375]",0.7425659894943237,1
4391,230618_4-2-1.tif,"[1919.1078186035156, 6257.7373046875, 19.70635986328125, 33.88275146484375]",0.7423518896102905,1
4392,230618_4-2-1.tif,"[3910.960662841797, 1151.0016632080078, 20.42889404296875, 27.0928955078125]",0.7422256469726562,1
4393,230618_4-2-1.tif,"[2121.6232833862305, 4513.401550292969, 28.075057983398438, 30.2174072265625]",0.7420763969421387,1
4394,230618_4-2-1.tif,"[1825.751220703125, 6413.076904296875, 17.13897705078125, 33.8905029296875]",0.741843044757843,1
4395,230618_4-2-1.tif,"[6219.149276733398, 5597.4432373046875, 20.54901123046875, 32.1634521484375]",0.741676390171051,1
4396,230618_4-2-1.tif,"[7255.686973571777, 8169.4910888671875, 28.266441345214844, 37.285417556762695]",0.7416583299636841,1
4397,230618_4-2-1.tif,"[2780.4530334472656, 559.0997848510742, 17.36065673828125, 31.906280517578125]",0.7416499257087708,1
4398,230618_4-2-1.tif,"[1295.8882446289062, 7619.976135253906, 37.33056640625, 20.2174072265625]",0.7414056658744812,1
4399,230618_4-2-1.tif,"[8294.022415161133, 5846.970184326172, 41.007354736328125, 22.6324462890625]",0.7413830161094666,1
4400,230618_4-2-1.tif,"[2070.6143798828125, 8785.517852783203, 17.8218994140625, 41.890106201171875]",0.7413784265518188,1
4401,230618_4-2-1.tif,"[1315.3450927734375, 6288.484802246094, 20.58740234375, 38.960418701171875]",0.7413693070411682,1
4402,230618_4-2-1.tif,"[5959.32666015625, 190.8685302734375, 16.310546875, 32.12188720703125]",0.7413484454154968,1
4403,230618_4-2-1.tif,"[556.7642059326172, 5373.182373046875, 35.85578918457031, 19.671539306640625]",0.7413391470909119,1
4404,230618_4-2-1.tif,"[1609.6222686767578, 7267.815505981445, 31.695419311523438, 20.873458862304688]",0.741282045841217,1
4405,230618_4-2-1.tif,"[6619.816833496094, 1959.8639221191406, 31.820556640625, 21.4627685546875]",0.741200864315033,1
4406,230618_4-2-1.tif,"[1656.5570220947266, 4033.7815551757812, 33.098907470703125, 23.4617919921875]",0.7411938905715942,1
4407,230618_4-2-1.tif,"[5124.3787841796875, 5951.5147705078125, 17.518518447875977, 33.737548828125]",0.7411520481109619,1
4408,230618_4-2-1.tif,"[9118.840087890625, 89.13694763183594, 28.0059814453125, 43.872467041015625]",0.7410888671875,1
4409,230618_4-2-1.tif,"[6676.717254638672, 1161.6626586914062, 37.188232421875, 21.992919921875]",0.7409719824790955,1
4410,230618_4-2-1.tif,"[7696.829273223877, 6749.740081787109, 40.38526916503906, 19.676055908203125]",0.7408024072647095,1
4411,230618_4-2-1.tif,"[3105.5971069335938, 2739.4762573242188, 37.0770263671875, 19.911224365234375]",0.7407897710800171,1
4412,230618_4-2-1.tif,"[1680.9933776855469, 6263.9932861328125, 43.282318115234375, 19.057037353515625]",0.7406240105628967,1
4413,230618_4-2-1.tif,"[4724.112365722656, 35.23460388183594, 27.858367919921875, 34.64515686035156]",0.7405576705932617,1
4414,230618_4-2-1.tif,"[1579.820915222168, 2424.4207458496094, 22.2149658203125, 35.2215576171875]",0.7403056621551514,1
4415,230618_4-2-1.tif,"[1774.3014831542969, 6690.443565368652, 32.2322998046875, 21.796173095703125]",0.740188717842102,1
4416,230618_4-2-1.tif,"[4422.522766113281, 1368.3323974609375, 31.18603515625, 21.416748046875]",0.7399659752845764,1
4417,230618_4-2-1.tif,"[2644.3121795654297, 1711.8504638671875, 31.822341918945312, 23.976287841796875]",0.7398973107337952,1
4418,230618_4-2-1.tif,"[6027.44970703125, 4541.644714355469, 41.6676025390625, 28.898681640625]",0.7397780418395996,1
4419,230618_4-2-1.tif,"[2980.6869506835938, 1195.02734375, 37.85113525390625, 37.24186706542969]",0.739643931388855,1
4420,230618_4-2-1.tif,"[4487.216247558594, 9439.05874633789, 18.37164306640625, 33.62506866455078]",0.7395381331443787,1
4421,230618_4-2-1.tif,"[1157.7772064208984, 231.0507354736328, 38.211212158203125, 17.17919921875]",0.7392235398292542,1
4422,230618_4-2-1.tif,"[5635.341492176056, 7062.251495361328, 15.747581005096436, 36.607421875]",0.7388814687728882,1
4423,230618_4-2-1.tif,"[6911.0430908203125, 8977.02456665039, 35.11895751953125, 23.7576904296875]",0.7387433052062988,1
4424,230618_4-2-1.tif,"[3145.1117553710938, 5138.563720703125, 37.23921203613281, 20.566551208496094]",0.738707959651947,1
4425,230618_4-2-1.tif,"[3581.39697265625, 3342.2296142578125, 36.1147346496582, 18.730377197265625]",0.738673985004425,1
4426,230618_4-2-1.tif,"[5835.91960144043, 4185.9486083984375, 25.156082153320312, 32.55091857910156]",0.7385936379432678,1
4427,230618_4-2-1.tif,"[2313.975372314453, 8120.7415771484375, 18.74755859375, 33.8128662109375]",0.7382515072822571,1
4428,230618_4-2-1.tif,"[2336.3276977539062, 3671.46044921875, 33.4400634765625, 25.38818359375]",0.7380874752998352,1
4429,230618_4-2-1.tif,"[3046.854248046875, 1400.522216796875, 19.3720703125, 28.16015625]",0.7376505136489868,1
4430,230618_4-2-1.tif,"[5303.957336425781, 2519.816650390625, 17.1097412109375, 32.9033203125]",0.7376012206077576,1
4431,230618_4-2-1.tif,"[321.21563720703125, 2753.6095428466797, 19.3089599609375, 33.479217529296875]",0.737373948097229,1
4432,230618_4-2-1.tif,"[1066.926139831543, 7364.954650878906, 18.02637481689453, 33.263397216796875]",0.7372009754180908,1
4433,230618_4-2-1.tif,"[7560.627258300781, 6442.272735595703, 29.8323974609375, 46.59454345703125]",0.7369738817214966,1
4434,230618_4-2-1.tif,"[4286.5484619140625, 1278.8228302001953, 29.107330322265625, 21.866928100585938]",0.7368427515029907,1
4435,230618_4-2-1.tif,"[3718.697021484375, 87.06889343261719, 32.38226318359375, 19.929840087890625]",0.736836314201355,1
4436,230618_4-2-1.tif,"[1648.58740234375, 6952.727874755859, 43.17094421386719, 24.285675048828125]",0.7367984652519226,1
4437,230618_4-2-1.tif,"[5920.72998046875, 6176.2896728515625, 16.2305908203125, 33.5836181640625]",0.736711859703064,1
4438,230618_4-2-1.tif,"[4519.644836425781, 774.4943542480469, 28.424072265625, 21.02618408203125]",0.7364870309829712,1
4439,230618_4-2-1.tif,"[646.8874664306641, 9562.057723999023, 16.97784423828125, 38.05548095703125]",0.7363249063491821,1
4440,230618_4-2-1.tif,"[3939.9837341308594, 1682.9640197753906, 33.758056640625, 23.72015380859375]",0.7363176941871643,1
4441,230618_4-2-1.tif,"[6175.126991271973, 8710.557678222656, 35.229087829589844, 35.1578369140625]",0.7362368702888489,1
4442,230618_4-2-1.tif,"[5364.998291015625, 7744.3057861328125, 32.711181640625, 37.902099609375]",0.7360981702804565,1
4443,230618_4-2-1.tif,"[5639.091655731201, 2287.337356567383, 17.902385711669922, 33.36155700683594]",0.7359386086463928,1
4444,230618_4-2-1.tif,"[2168.222366333008, 4719.641525268555, 17.859527587890625, 39.92240905761719]",0.7358642816543579,1
4445,230618_4-2-1.tif,"[2460.4564819335938, 4050.263397216797, 36.02850341796875, 29.21185302734375]",0.7357755303382874,1
4446,230618_4-2-1.tif,"[6816.936798095703, 3974.03759765625, 18.333251953125, 37.3497314453125]",0.7357209324836731,1
4447,230618_4-2-1.tif,"[717.5635681152344, 5334.596099853516, 23.6612548828125, 30.74334716796875]",0.7355015873908997,1
4448,230618_4-2-1.tif,"[0.17144203186035156, 6567.101318359375, 23.8065128326416, 17.7576904296875]",0.7354880571365356,1
4449,230618_4-2-1.tif,"[214.8939208984375, 5652.641654968262, 16.15911865234375, 31.565574645996094]",0.735345184803009,1
4450,230618_4-2-1.tif,"[1425.6480102539062, 2747.0164489746094, 18.4901123046875, 38.4674072265625]",0.7351944446563721,1
4451,230618_4-2-1.tif,"[610.3965759277344, 4213.064514160156, 22.901885986328125, 31.035308837890625]",0.7350785732269287,1
4452,230618_4-2-1.tif,"[3188.4097442626953, 4229.634338378906, 15.623321533203125, 35.509002685546875]",0.7350462675094604,1
4453,230618_4-2-1.tif,"[5951.095001220703, 6904.515594482422, 24.7327880859375, 25.828125]",0.7348673939704895,1
4454,230618_4-2-1.tif,"[7635.416442871094, 5563.6982421875, 33.210205078125, 42.738525390625]",0.733980119228363,1
4455,230618_4-2-1.tif,"[240.22927856445312, 1776.1802368164062, 28.216888427734375, 26.18212890625]",0.7339720726013184,1
4456,230618_4-2-1.tif,"[1306.4878540039062, 7098.075378417969, 40.6561279296875, 24.9862060546875]",0.7338322401046753,1
4457,230618_4-2-1.tif,"[2901.5579833984375, 5431.7587890625, 22.15496826171875, 29.4942626953125]",0.7336964011192322,1
4458,230618_4-2-1.tif,"[7766.8499755859375, 947.7193908691406, 25.520645141601562, 54.971588134765625]",0.73369300365448,1
4459,230618_4-2-1.tif,"[5047.865447998047, 6694.2996826171875, 17.38494873046875, 34.589111328125]",0.7336022257804871,1
4460,230618_4-2-1.tif,"[115.95298767089844, 314.97149658203125, 33.07470703125, 15.8975830078125]",0.7335976362228394,1
4461,230618_4-2-1.tif,"[2972.3218994140625, 1216.8526000976562, 40.555908203125, 20.918212890625]",0.7335667014122009,1
4462,230618_4-2-1.tif,"[5583.9200439453125, 7479.916687011719, 15.6361083984375, 35.96630859375]",0.7334958910942078,1
4463,230618_4-2-1.tif,"[1633.5783920288086, 7566.4525146484375, 17.588600158691406, 36.0823974609375]",0.7334883809089661,1
4464,230618_4-2-1.tif,"[7567.209411621094, 5579.996551513672, 33.3895263671875, 39.87335205078125]",0.7333134412765503,1
4465,230618_4-2-1.tif,"[6783.251434326172, 9361.394561767578, 20.8753662109375, 32.839637756347656]",0.7332385182380676,1
4466,230618_4-2-1.tif,"[5441.942199707031, 892.0807495117188, 24.47998046875, 31.94805908203125]",0.7331676483154297,1
4467,230618_4-2-1.tif,"[6918.7220458984375, 480.9552001953125, 30.4173583984375, 41.10302734375]",0.732965350151062,1
4468,230618_4-2-1.tif,"[4519.5693359375, 6772.2855224609375, 37.53936767578125, 16.640762329101562]",0.7329393625259399,1
4469,230618_4-2-1.tif,"[5794.947998046875, 3788.8790893554688, 22.088409423828125, 24.9505615234375]",0.7326505184173584,1
4470,230618_4-2-1.tif,"[4332.143463134766, 6946.87353515625, 18.23248291015625, 36.7847900390625]",0.7326460480690002,1
4471,230618_4-2-1.tif,"[355.7010498046875, 3083.976821899414, 32.43511962890625, 17.632186889648438]",0.7324303984642029,1
4472,230618_4-2-1.tif,"[3913.5166625976562, 4698.146560668945, 22.6942138671875, 36.21800231933594]",0.7323963642120361,1
4473,230618_4-2-1.tif,"[4258.147964477539, 5625.1644287109375, 21.413558959960938, 33.16294479370117]",0.7322791814804077,1
4474,230618_4-2-1.tif,"[7247.920478820801, 3555.8290405273438, 30.28630828857422, 34.7757568359375]",0.7316806316375732,1
4475,230618_4-2-1.tif,"[638.6730346679688, 5570.892028808594, 25.981842041015625, 37.7630615234375]",0.7316697835922241,1
4476,230618_4-2-1.tif,"[7151.9200439453125, 8163.154357910156, 28.525568962097168, 29.9046630859375]",0.7316216826438904,1
4477,230618_4-2-1.tif,"[7350.8099365234375, 4253.859466552734, 26.6966552734375, 44.39251708984375]",0.7314676642417908,1
4478,230618_4-2-1.tif,"[270.64141845703125, 7084.584533691406, 34.09735107421875, 18.79052734375]",0.7313095927238464,1
4479,230618_4-2-1.tif,"[6762.4072265625, 9649.867492675781, 17.450927734375, 30.452880859375]",0.7311067581176758,1
4480,230618_4-2-1.tif,"[582.6249313354492, 6310.0335693359375, 28.32465362548828, 17.531692504882812]",0.7310255765914917,1
4481,230618_4-2-1.tif,"[637.6618347167969, 1607.6339111328125, 15.4288330078125, 32.695556640625]",0.7309545278549194,1
4482,230618_4-2-1.tif,"[7662.82080078125, 6340.544891357422, 39.1968994140625, 35.07696533203125]",0.7308480143547058,1
4483,230618_4-2-1.tif,"[5471.0816650390625, 9370.236038208008, 31.958892822265625, 15.845855712890625]",0.730719804763794,1
4484,230618_4-2-1.tif,"[635.2590179443359, 4489.979064941406, 16.692108154296875, 36.434326171875]",0.7305527925491333,1
4485,230618_4-2-1.tif,"[3388.55224609375, 3264.7156372070312, 28.529296875, 25.8818359375]",0.730446457862854,1
4486,230618_4-2-1.tif,"[5378.715881347656, 760.6181945800781, 31.284912109375, 40.5574951171875]",0.7304183840751648,1
4487,230618_4-2-1.tif,"[2604.912109375, 5813.578643798828, 17.91937255859375, 26.625732421875]",0.7303377389907837,1
4488,230618_4-2-1.tif,"[6652.197204589844, 5796.930450439453, 37.55247497558594, 35.17572021484375]",0.7300772070884705,1
4489,230618_4-2-1.tif,"[854.7557373046875, 3882.9561767578125, 31.047119140625, 26.12811279296875]",0.7297840714454651,1
4490,230618_4-2-1.tif,"[4673.466888427734, 1410.0919799804688, 18.858123779296875, 34.156341552734375]",0.7297103404998779,1
4491,230618_4-2-1.tif,"[1336.5346069335938, 1812.4093933105469, 20.275146484375, 35.3074951171875]",0.7297060489654541,1
4492,230618_4-2-1.tif,"[2069.99072265625, 2549.0870361328125, 22.249107360839844, 29.052947998046875]",0.7296849489212036,1
4493,230618_4-2-1.tif,"[5080.552215576172, 2179.9942016601562, 17.44622802734375, 35.3704833984375]",0.7296830415725708,1
4494,230618_4-2-1.tif,"[4987.055908203125, 7809.040802001953, 21.462646484375, 26.4779052734375]",0.7295753359794617,1
4495,230618_4-2-1.tif,"[6222.486434936523, 573.678955078125, 24.810195922851562, 25.8760986328125]",0.7295033931732178,1
4496,230618_4-2-1.tif,"[3612.7774658203125, 3206.658447265625, 28.586307525634766, 25.62451171875]",0.7293923497200012,1
4497,230618_4-2-1.tif,"[4531.8468017578125, 2063.322003364563, 38.96661376953125, 22.86720561981201]",0.7291076183319092,1
4498,230618_4-2-1.tif,"[992.9633178710938, 6566.065216064453, 25.0931396484375, 24.1156005859375]",0.7287111282348633,1
4499,230618_4-2-1.tif,"[2173.536750793457, 36.51676940917969, 27.65117645263672, 16.822914123535156]",0.7285546660423279,1
4500,230618_4-2-1.tif,"[2312.291290283203, 3286.1749267578125, 22.1390380859375, 27.64141845703125]",0.7285297513008118,1
4501,230618_4-2-1.tif,"[4321.895355224609, 2455.7023010253906, 33.45111083984375, 17.42864990234375]",0.728489875793457,1
4502,230618_4-2-1.tif,"[3402.307403564453, 2327.296142578125, 24.6978759765625, 37.0675048828125]",0.7284446954727173,1
4503,230618_4-2-1.tif,"[3853.3682250976562, 4997.981658935547, 16.37469482421875, 34.11492919921875]",0.7284220457077026,1
4504,230618_4-2-1.tif,"[772.1319580078125, 5379.966796875, 35.215087890625, 14.8914794921875]",0.7282992601394653,1
4505,230618_4-2-1.tif,"[1345.337158203125, 4900.681732177734, 36.18328857421875, 23.20465087890625]",0.7280361652374268,1
4506,230618_4-2-1.tif,"[3318.1035766601562, 5951.77880859375, 12.47186279296875, 24.8380126953125]",0.7278091907501221,1
4507,230618_4-2-1.tif,"[3871.2349548339844, 5017.466461181641, 21.70904541015625, 25.83282470703125]",0.7274359464645386,1
4508,230618_4-2-1.tif,"[3271.887969970703, 3961.7108764648438, 19.719207763671875, 27.0269775390625]",0.7272922396659851,1
4509,230618_4-2-1.tif,"[4397.787841796875, 9650.973541259766, 29.4288330078125, 30.4447021484375]",0.7269303798675537,1
4510,230618_4-2-1.tif,"[5406.6663818359375, 9936.376708984375, 35.13818359375, 18.36083984375]",0.7266513109207153,1
4511,230618_4-2-1.tif,"[3832.4800415039062, 534.6346435546875, 24.75347900390625, 26.966278076171875]",0.726527988910675,1
4512,230618_4-2-1.tif,"[2298.8441772460938, 3033.1415405273438, 22.79913330078125, 28.5098876953125]",0.7262216806411743,1
4513,230618_4-2-1.tif,"[3229.7652893066406, 375.1089782714844, 17.27685546875, 27.2935791015625]",0.7262012958526611,1
4514,230618_4-2-1.tif,"[5958.010223388672, 1761.5609130859375, 34.97137451171875, 21.33447265625]",0.7255925536155701,1
4515,230618_4-2-1.tif,"[5937.928771972656, 6276.656463623047, 24.575439453125, 17.1405029296875]",0.7254763841629028,1
4516,230618_4-2-1.tif,"[4370.369964599609, 1340.2633666992188, 29.49835205078125, 27.77587890625]",0.7254233956336975,1
4517,230618_4-2-1.tif,"[6470.0234375, 9260.019607543945, 17.9976806640625, 32.60697937011719]",0.7253172993659973,1
4518,230618_4-2-1.tif,"[3367.0652465820312, 8820.22021484375, 36.57171630859375, 18.595123291015625]",0.725192129611969,1
4519,230618_4-2-1.tif,"[8089.563812255859, 235.22885131835938, 18.8294677734375, 32.67523193359375]",0.7246698141098022,1
4520,230618_4-2-1.tif,"[718.1681518554688, 5554.1790771484375, 19.37713623046875, 34.235107421875]",0.7245919108390808,1
4521,230618_4-2-1.tif,"[4649.971130371094, 1207.9166259765625, 32.22509765625, 21.6177978515625]",0.7243701815605164,1
4522,230618_4-2-1.tif,"[3829.053924560547, 5561.8194580078125, 18.62786865234375, 38.078857421875]",0.7239575386047363,1
4523,230618_4-2-1.tif,"[5360.953308105469, 6152.6104164123535, 17.901123046875, 31.498977661132812]",0.7238776683807373,1
4524,230618_4-2-1.tif,"[583.4779510498047, 5702.02774810791, 30.437789916992188, 47.02061462402344]",0.7236912250518799,1
4525,230618_4-2-1.tif,"[671.2460327148438, 2198.357131958008, 16.851806640625, 39.9530029296875]",0.7232806086540222,1
4526,230618_4-2-1.tif,"[864.7747802734375, 4812.334320068359, 19.3470458984375, 30.9449462890625]",0.7230786085128784,1
4527,230618_4-2-1.tif,"[2456.7066650390625, 6822.767837524414, 34.43341064453125, 20.038604736328125]",0.7230198383331299,1
4528,230618_4-2-1.tif,"[4290.237884521484, 7195.217041015625, 17.567626953125, 42.516845703125]",0.7228522896766663,1
4529,230618_4-2-1.tif,"[1201.1082458496094, 535.42236328125, 38.0233154296875, 18.1749267578125]",0.7227159738540649,1
4530,230618_4-2-1.tif,"[4006.8141174316406, 5761.527313232422, 33.55560302734375, 30.35577392578125]",0.7226901054382324,1
4531,230618_4-2-1.tif,"[6897.074768066406, 2193.439971923828, 41.53253173828125, 18.53338623046875]",0.7225949764251709,1
4532,230618_4-2-1.tif,"[6966.0455322265625, 462.450439453125, 16.6104736328125, 33.87445068359375]",0.7221372127532959,1
4533,230618_4-2-1.tif,"[1070.7380981445312, 5432.357421875, 30.736915588378906, 29.8114013671875]",0.7220727801322937,1
4534,230618_4-2-1.tif,"[6093.270690917969, 5542.388916015625, 24.7294921875, 44.30908203125]",0.7219816446304321,1
4535,230618_4-2-1.tif,"[4824.490966796875, 1867.8566284179688, 17.058685302734375, 33.19586181640625]",0.7219775319099426,1
4536,230618_4-2-1.tif,"[433.5020751953125, 791.5431518554688, 37.04864501953125, 16.9798583984375]",0.7217265963554382,1
4537,230618_4-2-1.tif,"[8231.3828125, 5503.095062255859, 45.780029296875, 38.37841796875]",0.7211254239082336,1
4538,230618_4-2-1.tif,"[6215.0914306640625, 5176.8458251953125, 19.1444091796875, 30.376708984375]",0.720911979675293,1
4539,230618_4-2-1.tif,"[3632.653305053711, 4870.547119140625, 39.40193176269531, 19.876922607421875]",0.7206523418426514,1
4540,230618_4-2-1.tif,"[1170.3230285644531, 3602.3909873962402, 28.877685546875, 21.76888656616211]",0.7205957770347595,1
4541,230618_4-2-1.tif,"[3266.1470336914062, 2952.0718383789062, 19.91021728515625, 33.6649169921875]",0.7205167412757874,1
4542,230618_4-2-1.tif,"[5719.5526123046875, 5281.351913452148, 41.20452880859375, 27.37652587890625]",0.7204009294509888,1
4543,230618_4-2-1.tif,"[5390.8062744140625, 4132.3087158203125, 23.2904052734375, 30.004150390625]",0.7202414274215698,1
4544,230618_4-2-1.tif,"[7682.5057373046875, 3879.3106689453125, 22.328292846679688, 49.42120361328125]",0.7199591398239136,1
4545,230618_4-2-1.tif,"[5351.7161865234375, 437.37750244140625, 39.0452880859375, 17.1820068359375]",0.7199308276176453,1
4546,230618_4-2-1.tif,"[7490.6383056640625, 5307.7843017578125, 40.4556884765625, 20.210693359375]",0.7198231220245361,1
4547,230618_4-2-1.tif,"[599.6049041748047, 6412.7509765625, 26.179763793945312, 29.80010986328125]",0.7195916771888733,1
4548,230618_4-2-1.tif,"[2719.0133209228516, 1795.9852905273438, 24.23406982421875, 28.8895263671875]",0.7193489670753479,1
4549,230618_4-2-1.tif,"[1087.2333221435547, 2265.009567260742, 19.881912231445312, 36.16020202636719]",0.7192177772521973,1
4550,230618_4-2-1.tif,"[4289.559875488281, 9500.70654296875, 21.11688232421875, 38.6064453125]",0.7188629508018494,1
4551,230618_4-2-1.tif,"[6038.378143310547, 4112.807479858398, 39.24810791015625, 23.484031677246094]",0.7188460230827332,1
4552,230618_4-2-1.tif,"[6152.6470947265625, 1525.8936462402344, 27.3458251953125, 51.27557373046875]",0.718806803226471,1
4553,230618_4-2-1.tif,"[1366.7490844726562, 6468.945831298828, 25.60595703125, 27.4532470703125]",0.7186331748962402,1
4554,230618_4-2-1.tif,"[6208.045761108398, 473.52447509765625, 24.331085205078125, 26.525146484375]",0.7184726595878601,1
4555,230618_4-2-1.tif,"[182.6391143798828, 7030.817840576172, 30.432952880859375, 22.70111083984375]",0.718158483505249,1
4556,230618_4-2-1.tif,"[5508.078186035156, 9724.6318359375, 34.450439453125, 27.96527099609375]",0.7181530594825745,1
4557,230618_4-2-1.tif,"[5274.6026611328125, 1057.4176025390625, 31.34375, 24.206161499023438]",0.7181440591812134,1
4558,230618_4-2-1.tif,"[421.61175537109375, 4504.964691162109, 37.2371826171875, 17.9947509765625]",0.7181127667427063,1
4559,230618_4-2-1.tif,"[8085.168060302734, 7565.375305175781, 29.72711181640625, 37.6888427734375]",0.7177361845970154,1
4560,230618_4-2-1.tif,"[4905.435729980469, 6970.643341064453, 20.427001953125, 35.03973388671875]",0.7177209258079529,1
4561,230618_4-2-1.tif,"[5905.493560791016, 9278.778228759766, 33.216064453125, 21.76171875]",0.7176846265792847,1
4562,230618_4-2-1.tif,"[2118.0435180664062, 6138.184539794922, 25.515380859375, 32.699974060058594]",0.7176734209060669,1
4563,230618_4-2-1.tif,"[5351.759765625, 8134.529052734375, 40.60614013671875, 47.0794677734375]",0.7176223993301392,1
4564,230618_4-2-1.tif,"[6688.1965408325195, 8742.531860351562, 19.523727416992188, 34.810768127441406]",0.7175774574279785,1
4565,230618_4-2-1.tif,"[2813.7681274414062, 5083.6103515625, 36.82135009765625, 17.95361328125]",0.7171303629875183,1
4566,230618_4-2-1.tif,"[705.9275054931641, 6194.806396484375, 34.55622863769531, 26.48974609375]",0.7171249389648438,1
4567,230618_4-2-1.tif,"[6727.259765625, 574.0120010375977, 20.4715576171875, 44.33599853515625]",0.7170739769935608,1
4568,230618_4-2-1.tif,"[1203.2294616699219, 9350.54653930664, 28.476348876953125, 17.82366943359375]",0.717046856880188,1
4569,230618_4-2-1.tif,"[25.5831298828125, 7161.353576660156, 20.966720581054688, 37.86712074279785]",0.7169853448867798,1
4570,230618_4-2-1.tif,"[2266.6779174804688, 6440.284759521484, 29.632659912109375, 25.92852783203125]",0.7168130874633789,1
4571,230618_4-2-1.tif,"[8768.18017578125, 345.5346374511719, 36.49015808105469, 48.1175537109375]",0.71678227186203,1
4572,230618_4-2-1.tif,"[5222.64404296875, 4679.70947265625, 32.70799255371094, 26.4378662109375]",0.7167568206787109,1
4573,230618_4-2-1.tif,"[699.5704650878906, 7860.322967529297, 20.329681396484375, 37.8741455078125]",0.7167212963104248,1
4574,230618_4-2-1.tif,"[951.4629821777344, 5953.727508544922, 20.22491455078125, 33.64593505859375]",0.7166951298713684,1
4575,230618_4-2-1.tif,"[4366.477600097656, 2849.5064086914062, 39.896240234375, 18.6754150390625]",0.7166407704353333,1
4576,230618_4-2-1.tif,"[7524.4522705078125, 4096.574951171875, 28.56353759765625, 44.094970703125]",0.7164362668991089,1
4577,230618_4-2-1.tif,"[307.4762878417969, 5240.5078125, 37.2412109375, 18.523590087890625]",0.7164221405982971,1
4578,230618_4-2-1.tif,"[1946.7623291015625, 4483.475158691406, 30.0438232421875, 23.3106689453125]",0.7161276936531067,1
4579,230618_4-2-1.tif,"[4244.943420410156, 2852.2557373046875, 36.487518310546875, 18.865478515625]",0.715918242931366,1
4580,230618_4-2-1.tif,"[763.0185241699219, 4218.597053527832, 26.08709716796875, 46.56829071044922]",0.7157778143882751,1
4581,230618_4-2-1.tif,"[1592.552734375, 9985.353881835938, 19.019424438476562, 14.6461181640625]",0.7157130241394043,1
4582,230618_4-2-1.tif,"[3349.4168701171875, 954.786865234375, 33.4002685546875, 24.01495361328125]",0.7156217694282532,1
4583,230618_4-2-1.tif,"[6038.130096435547, 6619.083435058594, 20.80535888671875, 41.77703857421875]",0.7155707478523254,1
4584,230618_4-2-1.tif,"[4444.294616699219, 9369.006610870361, 23.086181640625, 35.88148498535156]",0.71550452709198,1
4585,230618_4-2-1.tif,"[3400.4591369628906, 7007.353271484375, 17.4013671875, 34.989013671875]",0.7154828310012817,1
4586,230618_4-2-1.tif,"[1103.5150756835938, 4768.339874267578, 23.01641845703125, 33.43304443359375]",0.7154515385627747,1
4587,230618_4-2-1.tif,"[3319.4761657714844, 7061.529724121094, 34.14898681640625, 19.6234130859375]",0.7154346704483032,1
4588,230618_4-2-1.tif,"[515.4562835693359, 3287.5587158203125, 21.00794792175293, 41.513824462890625]",0.7148557901382446,1
4589,230618_4-2-1.tif,"[7639.036926269531, 4220.194808959961, 22.65966796875, 45.308319091796875]",0.7146548628807068,1
4590,230618_4-2-1.tif,"[8185.613220214844, 5488.683349609375, 35.96916580200195, 37.0379638671875]",0.7145592570304871,1
4591,230618_4-2-1.tif,"[3727.795623779297, 9894.134765625, 19.845550537109375, 24.438720703125]",0.7145503163337708,1
4592,230618_4-2-1.tif,"[3492.471923828125, 9111.457275390625, 22.025634765625, 32.24609375]",0.7142388820648193,1
4593,230618_4-2-1.tif,"[2197.3675231933594, 5685.096412658691, 28.810714721679688, 28.742759704589844]",0.7142024636268616,1
4594,230618_4-2-1.tif,"[9375.999145507812, 584.1647491455078, 41.40556716918945, 33.16716003417969]",0.7141645550727844,1
4595,230618_4-2-1.tif,"[6770.2713623046875, 1294.7726440429688, 22.468231201171875, 44.21533203125]",0.7139350771903992,1
4596,230618_4-2-1.tif,"[2865.0953979492188, 2360.8565979003906, 36.60009765625, 20.26446533203125]",0.7135465741157532,1
4597,230618_4-2-1.tif,"[7392.093719482422, 139.91848754882812, 31.8360595703125, 54.967041015625]",0.7133183479309082,1
4598,230618_4-2-1.tif,"[7614.827545166016, 6151.876403808594, 28.42181396484375, 37.975341796875]",0.7132938504219055,1
4599,230618_4-2-1.tif,"[1909.31884765625, 987.2876281738281, 18.8682861328125, 36.4482421875]",0.712750256061554,1
4600,230618_4-2-1.tif,"[4542.227752685547, 3831.341506958008, 30.73480224609375, 20.707015991210938]",0.7126953601837158,1
4601,230618_4-2-1.tif,"[1106.38232421875, 7478.7816162109375, 36.53565979003906, 32.3402099609375]",0.7124766111373901,1
4602,230618_4-2-1.tif,"[3605.8985595703125, 5284.598907470703, 23.453125, 37.506744384765625]",0.7122280597686768,1
4603,230618_4-2-1.tif,"[6430.571960449219, 7402.7662353515625, 40.3668212890625, 33.01910400390625]",0.7119277715682983,1
4604,230618_4-2-1.tif,"[7104.551666259766, 3179.803512573242, 23.5574951171875, 43.873321533203125]",0.711861789226532,1
4605,230618_4-2-1.tif,"[5379.630798339844, 9326.946670532227, 17.27374267578125, 29.088409423828125]",0.7118246555328369,1
4606,230618_4-2-1.tif,"[5412.822021484375, 8016.722412109375, 20.9034423828125, 30.7252197265625]",0.711760938167572,1
4607,230618_4-2-1.tif,"[537.3167762756348, 4469.1463623046875, 30.091224670410156, 35.6136474609375]",0.7116722464561462,1
4608,230618_4-2-1.tif,"[2989.3098754882812, 4993.008605957031, 32.447509765625, 16.9970703125]",0.7114676237106323,1
4609,230618_4-2-1.tif,"[858.8536682128906, 3153.9656143188477, 30.3348388671875, 17.899497985839844]",0.7113885283470154,1
4610,230618_4-2-1.tif,"[2652.730712890625, 1279.0639038085938, 26.37701416015625, 32.465087890625]",0.7113212943077087,1
4611,230618_4-2-1.tif,"[5606.223693847656, 1426.316162109375, 23.58782958984375, 28.96728515625]",0.710724949836731,1
4612,230618_4-2-1.tif,"[1194.0667724609375, 5247.649276733398, 18.9625244140625, 34.486480712890625]",0.7107160687446594,1
4613,230618_4-2-1.tif,"[4754.958190917969, 4873.345031738281, 36.01904296875, 23.2889404296875]",0.7106559872627258,1
4614,230618_4-2-1.tif,"[674.41552734375, 6785.407150268555, 28.38970947265625, 26.005615234375]",0.7104749083518982,1
4615,230618_4-2-1.tif,"[4119.497240066528, 8431.254577636719, 33.30988883972168, 19.085174560546875]",0.7103919386863708,1
4616,230618_4-2-1.tif,"[383.27850341796875, 5164.190612792969, 19.748046875, 30.8582763671875]",0.7102863192558289,1
4617,230618_4-2-1.tif,"[3628.1463623046875, 4551.211883544922, 30.625732421875, 19.8857421875]",0.7100874185562134,1
4618,230618_4-2-1.tif,"[3564.567626953125, 5084.776763916016, 39.059932708740234, 19.330322265625]",0.709975004196167,1
4619,230618_4-2-1.tif,"[6872.302337646484, 8389.837158203125, 32.837921142578125, 26.863800048828125]",0.709467887878418,1
4620,230618_4-2-1.tif,"[1517.8092651367188, 1310.9091796875, 33.98019599914551, 24.4481201171875]",0.7092965841293335,1
4621,230618_4-2-1.tif,"[5313.716842651367, 8696.322814941406, 31.199981689453125, 15.4132080078125]",0.7090622186660767,1
4622,230618_4-2-1.tif,"[1147.9057312011719, 3222.9983825683594, 24.643951416015625, 24.57501220703125]",0.7090166807174683,1
4623,230618_4-2-1.tif,"[3706.210823059082, 813.4786682128906, 38.33873748779297, 39.8157958984375]",0.7089803218841553,1
4624,230618_4-2-1.tif,"[849.50390625, 2916.7601318359375, 19.4986572265625, 36.85888671875]",0.7089449167251587,1
4625,230618_4-2-1.tif,"[565.3779525756836, 1343.5216369628906, 22.819801330566406, 29.560577392578125]",0.7089222073554993,1
4626,230618_4-2-1.tif,"[2574.854236602783, 2855.0928344726562, 29.886180877685547, 26.65631103515625]",0.7088262438774109,1
4627,230618_4-2-1.tif,"[3366.1788940429688, 3152.9709701538086, 35.525146484375, 25.552322387695312]",0.7087633609771729,1
4628,230618_4-2-1.tif,"[4736.998260498047, 6545.3043212890625, 19.6922607421875, 24.8792724609375]",0.7077924609184265,1
4629,230618_4-2-1.tif,"[2377.9819946289062, 4182.92643737793, 28.97412109375, 24.120620727539062]",0.7077892422676086,1
4630,230618_4-2-1.tif,"[5043.353820800781, 5307.319808959961, 20.3280029296875, 30.334259033203125]",0.7076499462127686,1
4631,230618_4-2-1.tif,"[6169.742687225342, 6733.8394775390625, 27.449939727783203, 39.03515625]",0.7073405385017395,1
4632,230618_4-2-1.tif,"[5164.959014892578, 1158.3459167480469, 30.253753662109375, 29.52362060546875]",0.7072790265083313,1
4633,230618_4-2-1.tif,"[8447.453430175781, 5894.638854980469, 40.4208984375, 49.1693115234375]",0.7070407867431641,1
4634,230618_4-2-1.tif,"[874.9908447265625, 4553.103820800781, 35.8466796875, 18.2047119140625]",0.7069639563560486,1
4635,230618_4-2-1.tif,"[224.82183837890625, 2658.9732055664062, 33.98919677734375, 28.3204345703125]",0.7067182660102844,1
4636,230618_4-2-1.tif,"[3689.9813079833984, 3498.3378295898438, 23.04913330078125, 46.09197998046875]",0.7064419388771057,1
4637,230618_4-2-1.tif,"[2314.6226196289062, 1672.5078582763672, 17.8096923828125, 38.500091552734375]",0.7059284448623657,1
4638,230618_4-2-1.tif,"[1994.7340087890625, 3206.382522583008, 17.866943359375, 34.027923583984375]",0.7055380940437317,1
4639,230618_4-2-1.tif,"[1937.830810546875, 6851.7835693359375, 24.24017333984375, 31.064910888671875]",0.7055070996284485,1
4640,230618_4-2-1.tif,"[7015.8199462890625, 2202.3846740722656, 16.6876220703125, 37.045166015625]",0.7049193382263184,1
4641,230618_4-2-1.tif,"[6249.3935546875, 8496.44271850586, 33.978729248046875, 16.65155029296875]",0.7047603130340576,1
4642,230618_4-2-1.tif,"[7717.1748046875, 6999.713134765625, 42.4609375, 21.844879150390625]",0.704380452632904,1
4643,230618_4-2-1.tif,"[2573.6613159179688, 2216.998565673828, 20.734619140625, 30.61175537109375]",0.7043758630752563,1
4644,230618_4-2-1.tif,"[1898.6692504882812, 4016.7278442382812, 32.11907958984375, 25.77093505859375]",0.7040531039237976,1
4645,230618_4-2-1.tif,"[2587.8791065216064, 3868.5023193359375, 37.55697441101074, 21.9617919921875]",0.7039587497711182,1
4646,230618_4-2-1.tif,"[4052.4268493652344, 7260.9278564453125, 36.0498046875, 16.005859375]",0.7038905024528503,1
4647,230618_4-2-1.tif,"[7723.065773010254, 6345.3756103515625, 21.622970581054688, 49.922210693359375]",0.7038341164588928,1
4648,230618_4-2-1.tif,"[598.6911926269531, 1466.0024719238281, 18.877593994140625, 36.37225341796875]",0.7037608027458191,1
4649,230618_4-2-1.tif,"[7348.174377441406, 6102.0263671875, 38.64056396484375, 30.47113037109375]",0.7037289142608643,1
4650,230618_4-2-1.tif,"[6366.287353515625, 9806.465148925781, 23.7171630859375, 51.8980712890625]",0.7034900784492493,1
4651,230618_4-2-1.tif,"[135.32669067382812, 3131.3512573242188, 24.801834106445312, 34.204803466796875]",0.7032878398895264,1
4652,230618_4-2-1.tif,"[4974.940765380859, 8663.667785644531, 18.808349609375, 24.70654296875]",0.7029159665107727,1
4653,230618_4-2-1.tif,"[752.0998840332031, 5202.717636108398, 37.07855224609375, 20.349380493164062]",0.702548623085022,1
4654,230618_4-2-1.tif,"[1738.2919311523438, 2287.7705688476562, 47.317291259765625, 29.61041259765625]",0.702489972114563,1
4655,230618_4-2-1.tif,"[6836.983581542969, 8697.154388427734, 41.35931396484375, 23.815174102783203]",0.7024437189102173,1
4656,230618_4-2-1.tif,"[593.9764404296875, 949.6630859375, 187.44085693359375, 262.7205810546875]",0.7022878527641296,1
4657,230618_4-2-1.tif,"[2336.3650512695312, 4328.937652587891, 28.19696044921875, 29.60467529296875]",0.7022247314453125,1
4658,230618_4-2-1.tif,"[5780.85791015625, 9446.554718017578, 16.693206787109375, 34.26458740234375]",0.7020432353019714,1
4659,230618_4-2-1.tif,"[2262.0834045410156, 396.34014892578125, 39.78851318359375, 39.68609619140625]",0.7019994258880615,1
4660,230618_4-2-1.tif,"[7265.452575683594, 459.29827880859375, 29.69097900390625, 23.308349609375]",0.7019680738449097,1
4661,230618_4-2-1.tif,"[8347.077362060547, 5905.504943847656, 40.91864013671875, 29.8575439453125]",0.7018902897834778,1
4662,230618_4-2-1.tif,"[2796.2093200683594, 1352.90576171875, 28.068145751953125, 17.05596923828125]",0.7017460465431213,1
4663,230618_4-2-1.tif,"[6200.950119018555, 1954.047119140625, 23.774612426757812, 27.965087890625]",0.7015632390975952,1
4664,230618_4-2-1.tif,"[1011.3987426757812, 1749.3026428222656, 34.77510643005371, 19.685546875]",0.7013412714004517,1
4665,230618_4-2-1.tif,"[2629.6303939819336, 806.3272094726562, 36.602027893066406, 16.2481689453125]",0.7012196183204651,1
4666,230618_4-2-1.tif,"[5995.501434326172, 3438.9893493652344, 34.80975341796875, 19.9141845703125]",0.7008588314056396,1
4667,230618_4-2-1.tif,"[1013.76123046875, 4998.119842529297, 17.19842529296875, 32.40155029296875]",0.700855016708374,1
4668,230618_4-2-1.tif,"[1434.0397338867188, 1700.9622497558594, 27.9652099609375, 31.527099609375]",0.7006379961967468,1
4669,230618_4-2-1.tif,"[1681.4229125976562, 7133.791564941406, 16.962860107421875, 32.14508056640625]",0.7004657983779907,1
4670,230618_4-2-1.tif,"[5444.841857910156, 3869.397186279297, 15.75640869140625, 33.15606689453125]",0.7003955245018005,1
4671,230618_4-2-1.tif,"[6511.209564208984, 2393.800537109375, 36.84619140625, 16.47998046875]",0.7003079056739807,1
4672,230618_4-2-1.tif,"[343.74005126953125, 2343.0906982421875, 29.6865234375, 23.060546875]",0.7002808451652527,1
4673,230618_4-2-1.tif,"[902.32958984375, 4517.600158691406, 22.4407958984375, 28.20068359375]",0.700275182723999,1
4674,230618_4-2-1.tif,"[5846.349838256836, 1241.5446472167969, 36.22479248046875, 23.05682373046875]",0.6998138427734375,1
4675,230618_4-2-1.tif,"[658.35498046875, 4884.7994384765625, 37.759674072265625, 14.97357177734375]",0.6996545791625977,1
4676,230618_4-2-1.tif,"[2336.4116821289062, 632.0530395507812, 39.83392333984375, 18.9652099609375]",0.6994391083717346,1
4677,230618_4-2-1.tif,"[5030.2373046875, 7925.22509765625, 40.5191650390625, 18.30572509765625]",0.6993781328201294,1
4678,230618_4-2-1.tif,"[6257.653076171875, 6832.187896728516, 28.19439697265625, 32.09759521484375]",0.6993518471717834,1
4679,230618_4-2-1.tif,"[1679.366928100586, 2173.902587890625, 33.40313720703125, 15.888885498046875]",0.6990644931793213,1
4680,230618_4-2-1.tif,"[1913.153564453125, 4307.411071777344, 41.8331298828125, 26.246307373046875]",0.6988217234611511,1
4681,230618_4-2-1.tif,"[1439.5770263671875, 8300.516479492188, 43.6060791015625, 21.663223266601562]",0.6988192200660706,1
4682,230618_4-2-1.tif,"[2627.6216583251953, 305.9169921875, 35.50541687011719, 24.27294921875]",0.6984856128692627,1
4683,230618_4-2-1.tif,"[4660.224380493164, 1525.7525634765625, 19.742660522460938, 36.867820739746094]",0.6980229020118713,1
4684,230618_4-2-1.tif,"[1930.25048828125, 5181.331245422363, 30.76898193359375, 18.45671844482422]",0.6978786587715149,1
4685,230618_4-2-1.tif,"[1388.6111450195312, 1824.004150390625, 21.20208740234375, 28.21337890625]",0.6978161931037903,1
4686,230618_4-2-1.tif,"[7511.3779296875, 7930.060272216797, 36.78985595703125, 18.23150634765625]",0.6977570056915283,1
4687,230618_4-2-1.tif,"[7393.863952636719, 6155.951965332031, 24.09722900390625, 31.1876220703125]",0.6975224018096924,1
4688,230618_4-2-1.tif,"[7659.176086425781, 4114.780578613281, 19.598876953125, 39.78857421875]",0.6973133087158203,1
4689,230618_4-2-1.tif,"[9173.217468261719, 578.53955078125, 29.51025390625, 52.505615234375]",0.6972914338111877,1
4690,230618_4-2-1.tif,"[5926.3470458984375, 8913.019073486328, 30.7647705078125, 16.85491943359375]",0.6970797777175903,1
4691,230618_4-2-1.tif,"[4608.992042541504, 2521.8185424804688, 18.502037048339844, 30.75616455078125]",0.6970463395118713,1
4692,230618_4-2-1.tif,"[1698.2807312011719, 72.48341369628906, 23.717041015625, 35.373687744140625]",0.6967453956604004,1
4693,230618_4-2-1.tif,"[238.23052978515625, 7785.107772827148, 19.26190185546875, 22.599136352539062]",0.6967276334762573,1
4694,230618_4-2-1.tif,"[2209.674789428711, 6316.011322021484, 20.854278564453125, 33.530548095703125]",0.6966456174850464,1
4695,230618_4-2-1.tif,"[1910.1739501953125, 8060.450378417969, 28.4591064453125, 26.857177734375]",0.6965101361274719,1
4696,230618_4-2-1.tif,"[1718.7900390625, 637.7768859863281, 41.53997802734375, 24.454498291015625]",0.6962318420410156,1
4697,230618_4-2-1.tif,"[295.1802978515625, 224.12362670898438, 28.4813232421875, 24.52545166015625]",0.6962146162986755,1
4698,230618_4-2-1.tif,"[61.76721954345703, 8131.461822509766, 32.23277282714844, 18.6561279296875]",0.6960826516151428,1
4699,230618_4-2-1.tif,"[5547.941619873047, 3240.4259033203125, 21.18408203125, 54.59454345703125]",0.6960210800170898,1
4700,230618_4-2-1.tif,"[6603.395263671875, 8323.081939697266, 18.0272216796875, 30.55291748046875]",0.6960057616233826,1
4701,230618_4-2-1.tif,"[6622.513488769531, 6728.4114990234375, 42.2747802734375, 31.65668487548828]",0.6959267854690552,1
4702,230618_4-2-1.tif,"[5831.358642578125, 1369.978759765625, 17.60382080078125, 36.529052734375]",0.6958678960800171,1
4703,230618_4-2-1.tif,"[5535.323181152344, 1427.764892578125, 22.54107666015625, 34.33892822265625]",0.6958622336387634,1
4704,230618_4-2-1.tif,"[3211.302536010742, 5482.048431396484, 32.229248046875, 19.62579345703125]",0.6957764625549316,1
4705,230618_4-2-1.tif,"[2753.3880462646484, 1556.5650634765625, 15.73187255859375, 33.12586975097656]",0.6957485675811768,1
4706,230618_4-2-1.tif,"[4444.155212402344, 8980.261962890625, 30.24554443359375, 18.81475830078125]",0.6956403851509094,1
4707,230618_4-2-1.tif,"[6015.292236328125, 3664.394256591797, 43.3787841796875, 25.544052124023438]",0.6956361532211304,1
4708,230618_4-2-1.tif,"[2615.8934326171875, 5143.89892578125, 21.506446838378906, 30.91796875]",0.6951632499694824,1
4709,230618_4-2-1.tif,"[8115.207550048828, 5474.0230712890625, 21.03497314453125, 52.5208740234375]",0.6951196193695068,1
4710,230618_4-2-1.tif,"[5126.298400878906, 5628.782135009766, 37.0777587890625, 21.702049255371094]",0.695106029510498,1
4711,230618_4-2-1.tif,"[6661.0166015625, 1613.352638244629, 23.641338348388672, 48.269996643066406]",0.695092499256134,1
4712,230618_4-2-1.tif,"[5140.9078369140625, 8468.855346679688, 25.789669036865234, 34.48687744140625]",0.6950708627700806,1
4713,230618_4-2-1.tif,"[632.9932403564453, 3435.4425048828125, 30.92193603515625, 35.61822509765625]",0.6950284242630005,1
4714,230618_4-2-1.tif,"[7867.2401123046875, 5523.948547363281, 28.92327880859375, 45.23504638671875]",0.6950267553329468,1
4715,230618_4-2-1.tif,"[2020.3533325195312, 50.315277099609375, 32.2813720703125, 22.207992553710938]",0.6948587894439697,1
4716,230618_4-2-1.tif,"[2232.2303771972656, 6111.7572021484375, 18.50360107421875, 32.502685546875]",0.6948385238647461,1
4717,230618_4-2-1.tif,"[4743.3446044921875, 5650.962926864624, 27.673812866210938, 29.076013565063477]",0.6948234438896179,1
4718,230618_4-2-1.tif,"[4279.902679443359, 712.3767395019531, 31.004119873046875, 16.57177734375]",0.6945363879203796,1
4719,230618_4-2-1.tif,"[1342.3330078125, 7572.689514160156, 17.96844482421875, 24.934326171875]",0.6944636702537537,1
4720,230618_4-2-1.tif,"[342.7242431640625, 2972.4910278320312, 35.13134765625, 21.18603515625]",0.6942635774612427,1
4721,230618_4-2-1.tif,"[6412.5162353515625, 7095.8717041015625, 25.8272705078125, 24.8441162109375]",0.6937884092330933,1
4722,230618_4-2-1.tif,"[1462.7481689453125, 1981.1407470703125, 36.793701171875, 19.139404296875]",0.6935556530952454,1
4723,230618_4-2-1.tif,"[3252.7632446289062, 4855.860595703125, 17.0703125, 35.19659423828125]",0.6935256123542786,1
4724,230618_4-2-1.tif,"[1255.1092834472656, 2744.1817474365234, 28.63201904296875, 28.844818115234375]",0.6931055188179016,1
4725,230618_4-2-1.tif,"[7498.7125244140625, 8001.086181640625, 29.94964599609375, 38.656494140625]",0.6928942799568176,1
4726,230618_4-2-1.tif,"[5680.610122680664, 9416.920852661133, 30.866943359375, 21.61333465576172]",0.6923568248748779,1
4727,230618_4-2-1.tif,"[7645.321350097656, 6391.8775634765625, 18.6795654296875, 46.3466796875]",0.6923432350158691,1
4728,230618_4-2-1.tif,"[6415.9056396484375, 342.4555358886719, 20.251953125, 27.984130859375]",0.6923291683197021,1
4729,230618_4-2-1.tif,"[6465.783020019531, 1907.9281005859375, 23.1829833984375, 29.82098388671875]",0.692289412021637,1
4730,230618_4-2-1.tif,"[3165.6344604492188, 3116.590835571289, 41.07110595703125, 32.59822082519531]",0.6922402381896973,1
4731,230618_4-2-1.tif,"[7112.631896972656, 9805.180297851562, 30.27777099609375, 21.284912109375]",0.6919116973876953,1
4732,230618_4-2-1.tif,"[1170.2259063720703, 2836.3577575683594, 40.169708251953125, 19.8450927734375]",0.6918739676475525,1
4733,230618_4-2-1.tif,"[4035.943634033203, 7616.162445068359, 22.8609619140625, 30.42236328125]",0.6918213367462158,1
4734,230618_4-2-1.tif,"[6052.694427490234, 8519.185791015625, 30.32720947265625, 40.577392578125]",0.6917846202850342,1
4735,230618_4-2-1.tif,"[2224.6280212402344, 4307.221405029297, 43.447418212890625, 39.4327392578125]",0.691650927066803,1
4736,230618_4-2-1.tif,"[6286.4498291015625, 3514.6244506835938, 18.292755126953125, 42.76904296875]",0.6915705800056458,1
4737,230618_4-2-1.tif,"[6172.639984130859, 5352.734436035156, 18.553260803222656, 36.49200439453125]",0.6903765201568604,1
4738,230618_4-2-1.tif,"[5819.572570800781, 6705.841323852539, 18.507659912109375, 32.6527099609375]",0.6903607249259949,1
4739,230618_4-2-1.tif,"[3628.5014038085938, 3627.0008544921875, 27.7147216796875, 44.631103515625]",0.6901814341545105,1
4740,230618_4-2-1.tif,"[7570.669586181641, 6507.769287109375, 34.39166259765625, 17.5338134765625]",0.69013911485672,1
4741,230618_4-2-1.tif,"[870.4302978515625, 5068.157531738281, 17.3865966796875, 29.194091796875]",0.6900877356529236,1
4742,230618_4-2-1.tif,"[1305.4757690429688, 535.084716796875, 27.021331787109375, 26.9803466796875]",0.6899557113647461,1
4743,230618_4-2-1.tif,"[6448.5809326171875, 8635.945251464844, 20.36273193359375, 45.59442138671875]",0.689936637878418,1
4744,230618_4-2-1.tif,"[5939.3656005859375, 5155.0811767578125, 15.39404296875, 36.837646484375]",0.68985515832901,1
4745,230618_4-2-1.tif,"[4374.641174316406, 2142.004898071289, 19.36151123046875, 33.00453186035156]",0.6897633671760559,1
4746,230618_4-2-1.tif,"[6518.879425048828, 5729.913818359375, 24.8564453125, 47.20025634765625]",0.6895339488983154,1
4747,230618_4-2-1.tif,"[3047.939453125, 2470.0118408203125, 32.7265625, 18.4530029296875]",0.6892722845077515,1
4748,230618_4-2-1.tif,"[3209.1082763671875, 2538.387481689453, 27.60601806640625, 18.833984375]",0.689232349395752,1
4749,230618_4-2-1.tif,"[5058.9112548828125, 3217.023223876953, 37.9246826171875, 16.61199951171875]",0.6892196536064148,1
4750,230618_4-2-1.tif,"[4062.4593811035156, 4870.8289794921875, 17.48529052734375, 34.57275390625]",0.6888301372528076,1
4751,230618_4-2-1.tif,"[6304.6925048828125, 499.1231689453125, 25.0914306640625, 47.80167007446289]",0.6886031627655029,1
4752,230618_4-2-1.tif,"[1961.4607238769531, 2144.202438354492, 22.61883544921875, 47.15892028808594]",0.6882774829864502,1
4753,230618_4-2-1.tif,"[5773.174407958984, 6203.753890991211, 18.17724609375, 34.784149169921875]",0.6881927251815796,1
4754,230618_4-2-1.tif,"[1338.6508178710938, 52.674774169921875, 28.14129638671875, 33.72425842285156]",0.6878623962402344,1
4755,230618_4-2-1.tif,"[6341.359771728516, 3727.2249145507812, 33.55908203125, 17.0213623046875]",0.6876277327537537,1
4756,230618_4-2-1.tif,"[2664.9159545898438, 3833.2693481445312, 24.66522216796875, 41.00823974609375]",0.6875835061073303,1
4757,230618_4-2-1.tif,"[248.03836059570312, 9195.24984741211, 28.4244384765625, 18.5667724609375]",0.6874448657035828,1
4758,230618_4-2-1.tif,"[2738.276824951172, 3887.0984497070312, 29.36322021484375, 20.55535888671875]",0.6873154640197754,1
4759,230618_4-2-1.tif,"[8633.867736816406, 478.310791015625, 41.6295166015625, 37.92132568359375]",0.6870944499969482,1
4760,230618_4-2-1.tif,"[2939.1260375976562, 2991.032470703125, 22.42047119140625, 29.002197265625]",0.6870901584625244,1
4761,230618_4-2-1.tif,"[3463.6199340820312, 2706.317901611328, 17.1026611328125, 35.792999267578125]",0.6870222687721252,1
4762,230618_4-2-1.tif,"[9264.325164794922, 464.75823974609375, 37.57414245605469, 47.55126953125]",0.6870179176330566,1
4763,230618_4-2-1.tif,"[6351.2750244140625, 1866.1539916992188, 28.8963623046875, 28.943359375]",0.686860978603363,1
4764,230618_4-2-1.tif,"[987.4861145019531, 8347.392837524414, 32.45001220703125, 17.266937255859375]",0.6867472529411316,1
4765,230618_4-2-1.tif,"[6820.4390869140625, 9467.505584716797, 22.819091796875, 46.457122802734375]",0.6867172718048096,1
4766,230618_4-2-1.tif,"[4184.838424682617, 809.110107421875, 17.815750122070312, 29.4967041015625]",0.6866179704666138,1
4767,230618_4-2-1.tif,"[5086.1060791015625, 5454.492218017578, 22.5858154296875, 26.51165771484375]",0.6864726543426514,1
4768,230618_4-2-1.tif,"[5330.698196411133, 6473.543365478516, 31.452484130859375, 38.54876708984375]",0.6864398717880249,1
4769,230618_4-2-1.tif,"[5202.16162109375, 6153.311767578125, 34.48583984375, 17.4508056640625]",0.6861299872398376,1
4770,230618_4-2-1.tif,"[6788.385528564453, 9223.851989746094, 42.3050537109375, 21.487548828125]",0.6861132383346558,1
4771,230618_4-2-1.tif,"[1207.3981628417969, 1514.8281860351562, 40.7225341796875, 21.026611328125]",0.6859829425811768,1
4772,230618_4-2-1.tif,"[9270.992790222168, 262.61322021484375, 42.78813171386719, 35.2510986328125]",0.6859819293022156,1
4773,230618_4-2-1.tif,"[5956.530853271484, 6332.761520385742, 33.00775146484375, 35.953460693359375]",0.6857548356056213,1
4774,230618_4-2-1.tif,"[7266.894775390625, 2929.375030517578, 38.918914794921875, 48.93353271484375]",0.6852213144302368,1
4775,230618_4-2-1.tif,"[6492.064880371094, 3392.2727661132812, 17.686279296875, 51.185302734375]",0.685009241104126,1
4776,230618_4-2-1.tif,"[6234.27702331543, 7557.807708740234, 37.47955322265625, 32.605255126953125]",0.6849438548088074,1
4777,230618_4-2-1.tif,"[14.328534126281738, 3774.942337036133, 15.612120628356934, 32.50860595703125]",0.6847330331802368,1
4778,230618_4-2-1.tif,"[1181.3287200927734, 5145.159563064575, 20.560943603515625, 34.619733810424805]",0.6845105886459351,1
4779,230618_4-2-1.tif,"[6551.499450683594, 6911.35595703125, 34.1060791015625, 36.80450439453125]",0.6842417120933533,1
4780,230618_4-2-1.tif,"[4907.866851806641, 4307.033966064453, 20.12335205078125, 39.51898193359375]",0.6841111183166504,1
4781,230618_4-2-1.tif,"[90.6255874633789, 430.45733642578125, 17.471710205078125, 40.21160888671875]",0.6840595006942749,1
4782,230618_4-2-1.tif,"[3048.5291137695312, 5267.962493896484, 17.11846923828125, 33.414947509765625]",0.6836037039756775,1
4783,230618_4-2-1.tif,"[4884.418670654297, 5561.8367919921875, 36.9769287109375, 20.3458251953125]",0.6835481524467468,1
4784,230618_4-2-1.tif,"[5365.855560302734, 8596.983337402344, 18.270172119140625, 33.893798828125]",0.6831767559051514,1
4785,230618_4-2-1.tif,"[4109.468017578125, 795.6297607421875, 33.6436767578125, 38.1917724609375]",0.6831555366516113,1
4786,230618_4-2-1.tif,"[241.1088104248047, 2200.4345092773438, 41.24635314941406, 32.82855224609375]",0.6829850077629089,1
4787,230618_4-2-1.tif,"[2597.0529708862305, 4669.723815917969, 15.269355773925781, 31.853271484375]",0.682506799697876,1
4788,230618_4-2-1.tif,"[1125.432373046875, 6767.38623046875, 29.059371948242188, 19.050277709960938]",0.6822972297668457,1
4789,230618_4-2-1.tif,"[1104.008529663086, 1846.5748901367188, 24.694717407226562, 33.497314453125]",0.6820776462554932,1
4790,230618_4-2-1.tif,"[6030.1671142578125, 3726.4760131835938, 34.986328125, 40.2657470703125]",0.6817420721054077,1
4791,230618_4-2-1.tif,"[5312.046188354492, 1255.7621765136719, 34.247711181640625, 23.5179443359375]",0.6816179752349854,1
4792,230618_4-2-1.tif,"[6622.875885009766, 9244.072395324707, 30.17919921875, 47.47277069091797]",0.6804018020629883,1
4793,230618_4-2-1.tif,"[406.1160888671875, 7224.726989746094, 20.7406005859375, 42.0845947265625]",0.6803576350212097,1
4794,230618_4-2-1.tif,"[1621.816291809082, 321.7347412109375, 37.48844909667969, 19.639312744140625]",0.6803163290023804,1
4795,230618_4-2-1.tif,"[3290.968292236328, 4779.846832275391, 21.00299072265625, 27.659515380859375]",0.6803044080734253,1
4796,230618_4-2-1.tif,"[6861.732971191406, 2101.9310760498047, 19.760101318359375, 42.83366394042969]",0.6802932024002075,1
4797,230618_4-2-1.tif,"[7700.8240966796875, 6885.3585205078125, 28.130126953125, 48.128875732421875]",0.6801718473434448,1
4798,230618_4-2-1.tif,"[479.8179931640625, 34.61347961425781, 22.4576416015625, 37.07025146484375]",0.6801342964172363,1
4799,230618_4-2-1.tif,"[5777.196487426758, 8491.734375, 36.758148193359375, 22.275390625]",0.6795144081115723,1
4800,230618_4-2-1.tif,"[8423.649658203125, 6293.598129272461, 43.237213134765625, 23.280914306640625]",0.6795077323913574,1
4801,230618_4-2-1.tif,"[6123.7823486328125, 4796.821685791016, 29.8548583984375, 37.871307373046875]",0.6790284514427185,1
4802,230618_4-2-1.tif,"[4420.246337890625, 2364.6727905273438, 27.381591796875, 29.7725830078125]",0.6788275837898254,1
4803,230618_4-2-1.tif,"[6563.8546142578125, 5620.086273193359, 21.405029296875, 40.57536506652832]",0.6787621378898621,1
4804,230618_4-2-1.tif,"[2423.8872680664062, 2767.3451538085938, 17.461181640625, 41.868896484375]",0.6787388324737549,1
4805,230618_4-2-1.tif,"[1473.124755859375, 2910.5439453125, 40.2861328125, 21.132080078125]",0.6787185072898865,1
4806,230618_4-2-1.tif,"[3084.3103790283203, 3963.998504638672, 36.13420104980469, 18.180419921875]",0.6782547235488892,1
4807,230618_4-2-1.tif,"[6703.846519470215, 9345.093963623047, 21.433265686035156, 32.793914794921875]",0.6779495477676392,1
4808,230618_4-2-1.tif,"[4307.562103271484, 8019.335998535156, 26.4437255859375, 30.8470458984375]",0.6776641607284546,1
4809,230618_4-2-1.tif,"[6221.531433105469, 7750.1312255859375, 22.68987274169922, 49.5654296875]",0.6775184273719788,1
4810,230618_4-2-1.tif,"[6960.167297363281, 9117.218841552734, 20.322265625, 37.239501953125]",0.6774671077728271,1
4811,230618_4-2-1.tif,"[2447.9646606445312, 3961.4158935546875, 28.499755859375, 32.8782958984375]",0.6773616671562195,1
4812,230618_4-2-1.tif,"[2909.82861328125, 4041.358856201172, 18.233642578125, 27.77471923828125]",0.6773381233215332,1
4813,230618_4-2-1.tif,"[5774.929992675781, 2639.230255126953, 34.25848388671875, 26.893386840820312]",0.6769987344741821,1
4814,230618_4-2-1.tif,"[779.000732421875, 4713.3248291015625, 18.4403076171875, 36.856475830078125]",0.6769152879714966,1
4815,230618_4-2-1.tif,"[7000.122253417969, 1937.8717651367188, 40.4591064453125, 36.2200927734375]",0.6767857670783997,1
4816,230618_4-2-1.tif,"[2012.8402709960938, 6694.822128295898, 43.06488037109375, 34.67311096191406]",0.6764009594917297,1
4817,230618_4-2-1.tif,"[6176.354774475098, 5980.77783203125, 18.93621826171875, 35.28497314453125]",0.6755099296569824,1
4818,230618_4-2-1.tif,"[5520.007568359375, 6123.434478759766, 30.7547607421875, 18.51129150390625]",0.6754021644592285,1
4819,230618_4-2-1.tif,"[7374.517791748047, 5880.1734619140625, 19.55157470703125, 42.08856201171875]",0.6753005385398865,1
4820,230618_4-2-1.tif,"[8156.4871826171875, 5296.744644165039, 18.50732421875, 47.295013427734375]",0.6751078963279724,1
4821,230618_4-2-1.tif,"[2182.193817138672, 8378.944931030273, 19.623565673828125, 40.229156494140625]",0.6748953461647034,1
4822,230618_4-2-1.tif,"[2492.606475830078, 1441.2765197753906, 35.628662109375, 21.52728271484375]",0.6748800873756409,1
4823,230618_4-2-1.tif,"[1914.0004577636719, 3258.5349884033203, 38.22467041015625, 17.30938720703125]",0.674727737903595,1
4824,230618_4-2-1.tif,"[9157.065979003906, 282.53167724609375, 39.9033203125, 26.413818359375]",0.6746646165847778,1
4825,230618_4-2-1.tif,"[1050.6663208007812, 9456.131530761719, 45.8824462890625, 19.5341796875]",0.6744939088821411,1
4826,230618_4-2-1.tif,"[5854.610626220703, 2814.5244903564453, 18.38623046875, 34.07627868652344]",0.6743094325065613,1
4827,230618_4-2-1.tif,"[2132.0530395507812, 214.41043090820312, 23.7015380859375, 34.01214599609375]",0.6742855310440063,1
4828,230618_4-2-1.tif,"[3033.3552856445312, 4718.007949829102, 24.484130859375, 35.541290283203125]",0.674182653427124,1
4829,230618_4-2-1.tif,"[1443.9119873046875, 185.61236572265625, 33.32373046875, 22.6463623046875]",0.674008309841156,1
4830,230618_4-2-1.tif,"[6676.0679359436035, 3925.6900024414062, 22.158191680908203, 54.08154296875]",0.6739237308502197,1
4831,230618_4-2-1.tif,"[3486.9945068359375, 227.66055297851562, 22.4521484375, 35.5028076171875]",0.6729267239570618,1
4832,230618_4-2-1.tif,"[1249.6742248535156, 4040.4611206054688, 35.48529052734375, 18.1571044921875]",0.6728425621986389,1
4833,230618_4-2-1.tif,"[5885.3983154296875, 2918.7922973632812, 36.7989501953125, 20.5018310546875]",0.6728131771087646,1
4834,230618_4-2-1.tif,"[626.4608459472656, 2287.6986389160156, 31.578948974609375, 50.0926513671875]",0.6727087497711182,1
4835,230618_4-2-1.tif,"[6100.281494140625, 3253.780563354492, 18.4835205078125, 38.250885009765625]",0.6722216010093689,1
4836,230618_4-2-1.tif,"[5666.2706298828125, 8491.968872070312, 24.50048828125, 25.095947265625]",0.6721100211143494,1
4837,230618_4-2-1.tif,"[2343.9912109375, 9585.204956054688, 20.80615234375, 38.391845703125]",0.6717933416366577,1
4838,230618_4-2-1.tif,"[2365.5966796875, 758.9756774902344, 34.2528076171875, 19.77581787109375]",0.6715250611305237,1
4839,230618_4-2-1.tif,"[2453.8370361328125, 3426.6790466308594, 39.4910888671875, 27.41943359375]",0.6713508367538452,1
4840,230618_4-2-1.tif,"[3606.7097606658936, 596.9822998046875, 42.147905349731445, 27.744338989257812]",0.671341061592102,1
4841,230618_4-2-1.tif,"[4785.729309082031, 1721.3268432617188, 20.58160400390625, 35.70697021484375]",0.6712999939918518,1
4842,230618_4-2-1.tif,"[2265.5270080566406, 2885.7772827148438, 18.67724609375, 34.3924560546875]",0.6710429787635803,1
4843,230618_4-2-1.tif,"[4280.4100341796875, 412.6534423828125, 33.3157958984375, 19.468017578125]",0.6710035800933838,1
4844,230618_4-2-1.tif,"[2350.060546875, 2605.5622329711914, 37.0418701171875, 24.340492248535156]",0.6698663234710693,1
4845,230618_4-2-1.tif,"[4036.0736694335938, 1538.214599609375, 23.61700439453125, 31.732666015625]",0.6698630452156067,1
4846,230618_4-2-1.tif,"[662.5719299316406, 2679.4490356445312, 17.83062744140625, 35.11151123046875]",0.6697270274162292,1
4847,230618_4-2-1.tif,"[247.8861083984375, 3887.0905151367188, 15.404449462890625, 32.7862548828125]",0.6692861318588257,1
4848,230618_4-2-1.tif,"[731.7301025390625, 6126.6180419921875, 38.1781005859375, 19.23345947265625]",0.6683403849601746,1
4849,230618_4-2-1.tif,"[4309.6353759765625, 7762.781539916992, 21.10357666015625, 33.1826171875]",0.6682807207107544,1
4850,230618_4-2-1.tif,"[5871.136047363281, 1840.8272705078125, 30.270233154296875, 23.08984375]",0.6680163741111755,1
4851,230618_4-2-1.tif,"[2008.383544921875, 9611.800598144531, 24.129638671875, 32.8388671875]",0.6679180860519409,1
4852,230618_4-2-1.tif,"[2289.7459411621094, 3437.5257568359375, 20.063568115234375, 44.070556640625]",0.6676580309867859,1
4853,230618_4-2-1.tif,"[5542.0546875, 8458.294311523438, 25.07696533203125, 29.210693359375]",0.6672810912132263,1
4854,230618_4-2-1.tif,"[1198.823471069336, 9965.722717285156, 38.718292236328125, 20.2080078125]",0.6671455502510071,1
4855,230618_4-2-1.tif,"[6277.134735107422, 1752.7772521972656, 19.6422119140625, 52.750244140625]",0.6670202612876892,1
4856,230618_4-2-1.tif,"[6771.9884033203125, 1928.5682373046875, 46.5948486328125, 23.3641357421875]",0.666245698928833,1
4857,230618_4-2-1.tif,"[8833.255950927734, 481.41888427734375, 34.3829345703125, 36.2060546875]",0.6659960746765137,1
4858,230618_4-2-1.tif,"[8619.960205078125, 613.4014739990234, 44.951416015625, 30.222564697265625]",0.665938138961792,1
4859,230618_4-2-1.tif,"[516.9989013671875, 8040.986511230469, 20.89635467529297, 30.99267578125]",0.6659131646156311,1
4860,230618_4-2-1.tif,"[5386.3956298828125, 6054.592132568359, 42.50506591796875, 26.48895263671875]",0.6656058430671692,1
4861,230618_4-2-1.tif,"[336.13397216796875, 3984.4075317382812, 32.300537109375, 17.7476806640625]",0.6655140519142151,1
4862,230618_4-2-1.tif,"[2461.8052368164062, 186.76597595214844, 17.3665771484375, 34.6143798828125]",0.6654232740402222,1
4863,230618_4-2-1.tif,"[1517.6358032226562, 3978.456756591797, 30.115769386291504, 41.734588623046875]",0.6653771996498108,1
4864,230618_4-2-1.tif,"[2088.2353515625, 353.5914611816406, 23.9459228515625, 41.51373291015625]",0.6651968955993652,1
4865,230618_4-2-1.tif,"[3141.5496826171875, 5240.386962890625, 30.708236694335938, 24.802154541015625]",0.6650562882423401,1
4866,230618_4-2-1.tif,"[7236.4998779296875, 6117.783386230469, 21.328369140625, 43.16259765625]",0.6648299694061279,1
4867,230618_4-2-1.tif,"[5788.666900634766, 5717.048492431641, 43.2291259765625, 38.242218017578125]",0.664635419845581,1
4868,230618_4-2-1.tif,"[0.02875518798828125, 3767.969009399414, 18.05221939086914, 18.74041748046875]",0.6645815968513489,1
4869,230618_4-2-1.tif,"[7475.3062744140625, 3032.1589965820312, 25.865478515625, 48.51953125]",0.6645743250846863,1
4870,230618_4-2-1.tif,"[9442.223083496094, 283.22857666015625, 38.343353271484375, 31.27203369140625]",0.6644997000694275,1
4871,230618_4-2-1.tif,"[7640.047790527344, 5472.412536621094, 24.583984375, 63.05029296875]",0.6644757986068726,1
4872,230618_4-2-1.tif,"[2650.6370849609375, 3730.4754943847656, 31.91070556640625, 21.234100341796875]",0.6643173098564148,1
4873,230618_4-2-1.tif,"[4576.117645263672, 7606.377990722656, 29.77874755859375, 19.505859375]",0.6642997860908508,1
4874,230618_4-2-1.tif,"[6994.439758300781, 4027.2259521484375, 23.884521484375, 46.935546875]",0.663860023021698,1
4875,230618_4-2-1.tif,"[2301.2876892089844, 6482.55615234375, 24.47137451171875, 43.5238037109375]",0.6634474396705627,1
4876,230618_4-2-1.tif,"[6169.98828125, 6433.2398681640625, 31.669452667236328, 28.2650146484375]",0.6629404425621033,1
4877,230618_4-2-1.tif,"[6580.100830078125, 4446.433776855469, 42.12750244140625, 22.4083251953125]",0.662909209728241,1
4878,230618_4-2-1.tif,"[6231.242141723633, 6728.801040649414, 19.814743041992188, 39.656951904296875]",0.6629035472869873,1
4879,230618_4-2-1.tif,"[814.6870727539062, 3516.2427978515625, 31.056884765625, 19.3001708984375]",0.6622587442398071,1
4880,230618_4-2-1.tif,"[3318.8992919921875, 7296.998199462891, 30.3385009765625, 19.053466796875]",0.6622537970542908,1
4881,230618_4-2-1.tif,"[31.195043563842773, 9480.504028320312, 18.992448806762695, 24.556732177734375]",0.6621679067611694,1
4882,230618_4-2-1.tif,"[6137.068817138672, 1629.6984405517578, 20.311309814453125, 36.101715087890625]",0.6616759300231934,1
4883,230618_4-2-1.tif,"[6446.1802978515625, 770.4495239257812, 30.5079345703125, 19.0887451171875]",0.6613839268684387,1
4884,230618_4-2-1.tif,"[5126.5247802734375, 7911.6348876953125, 29.7001953125, 43.760833740234375]",0.6612682342529297,1
4885,230618_4-2-1.tif,"[1074.5968017578125, 791.0329895019531, 17.791015625, 34.863525390625]",0.6610482931137085,1
4886,230618_4-2-1.tif,"[1642.8312377929688, 4292.612518310547, 32.443695068359375, 31.133148193359375]",0.6605544090270996,1
4887,230618_4-2-1.tif,"[40.07398986816406, 127.03973388671875, 32.83631134033203, 24.922119140625]",0.6603719592094421,1
4888,230618_4-2-1.tif,"[4464.357971191406, 364.2087097167969, 34.6220703125, 39.38323974609375]",0.659989595413208,1
4889,230618_4-2-1.tif,"[2907.4105224609375, 2670.6878967285156, 18.46343994140625, 29.116104125976562]",0.6577655673027039,1
4890,230618_4-2-1.tif,"[391.7027282714844, 1575.338134765625, 29.86834716796875, 17.62895965576172]",0.6577187180519104,1
4891,230618_4-2-1.tif,"[3286.6390075683594, 7138.847900390625, 21.72564697265625, 46.54034423828125]",0.6573442816734314,1
4892,230618_4-2-1.tif,"[5484.938720703125, 9546.917907714844, 30.02557373046875, 23.593475341796875]",0.6572886109352112,1
4893,230618_4-2-1.tif,"[4897.9854736328125, 6879.4344482421875, 17.38079833984375, 35.02032470703125]",0.6572188138961792,1
4894,230618_4-2-1.tif,"[3966.1697998046875, 8714.620483398438, 19.855712890625, 30.758739471435547]",0.6569982171058655,1
4895,230618_4-2-1.tif,"[1834.7886352539062, 6712.840896606445, 16.87445068359375, 30.842880249023438]",0.656693160533905,1
4896,230618_4-2-1.tif,"[285.7890319824219, 4431.6641845703125, 31.568756103515625, 23.72528076171875]",0.6563400030136108,1
4897,230618_4-2-1.tif,"[589.7012481689453, 33.09674835205078, 22.812667846679688, 30.385086059570312]",0.65627521276474,1
4898,230618_4-2-1.tif,"[7026.982452392578, 9233.271659851074, 24.14111328125, 51.94977569580078]",0.6560824513435364,1
4899,230618_4-2-1.tif,"[1550.6243896484375, 4331.189025878906, 36.16964340209961, 21.22601318359375]",0.6559638977050781,1
4900,230618_4-2-1.tif,"[2366.7152709960938, 1554.1475830078125, 40.129638671875, 38.355712890625]",0.655078649520874,1
4901,230618_4-2-1.tif,"[196.7587127685547, 2917.8386840820312, 37.941497802734375, 17.0213623046875]",0.6549336314201355,1
4902,230618_4-2-1.tif,"[7707.40625, 6798.961502075195, 47.18505859375, 22.690628051757812]",0.6549229621887207,1
4903,230618_4-2-1.tif,"[576.4032592773438, 2492.903778076172, 28.543609619140625, 38.96575927734375]",0.6548908352851868,1
4904,230618_4-2-1.tif,"[6060.423583984375, 7423.231094360352, 22.060546875, 42.02171325683594]",0.6547849178314209,1
4905,230618_4-2-1.tif,"[517.6829833984375, 6342.77326965332, 47.387451171875, 27.983245849609375]",0.6546871066093445,1
4906,230618_4-2-1.tif,"[4206.1865234375, 30.509244918823242, 31.238601684570312, 18.961687088012695]",0.6536000370979309,1
4907,230618_4-2-1.tif,"[5873.862365722656, 5146.279069900513, 34.29156494140625, 45.089338302612305]",0.6533539295196533,1
4908,230618_4-2-1.tif,"[7064.244079589844, 250.0477294921875, 26.5767822265625, 40.8145751953125]",0.653162956237793,1
4909,230618_4-2-1.tif,"[841.0371704101562, 2461.3114013671875, 22.3121337890625, 52.5794677734375]",0.6531342267990112,1
4910,230618_4-2-1.tif,"[2479.5081176757812, 6309.709701538086, 17.3973388671875, 36.32566833496094]",0.6525588631629944,1
4911,230618_4-2-1.tif,"[6680.930236816406, 9040.752990722656, 23.260498046875, 45.1568603515625]",0.6524960398674011,1
4912,230618_4-2-1.tif,"[9281.71401977539, 402.64453125, 50.254425048828125, 34.809234619140625]",0.6524108052253723,1
4913,230618_4-2-1.tif,"[6611.78515625, 5755.506050109863, 27.58135986328125, 22.49883270263672]",0.6524039506912231,1
4914,230618_4-2-1.tif,"[6967.895080566406, 8312.049194335938, 37.4403076171875, 29.490447998046875]",0.6523373126983643,1
4915,230618_4-2-1.tif,"[6387.648391723633, 5119.969543457031, 35.22618103027344, 29.391464233398438]",0.6521995067596436,1
4916,230618_4-2-1.tif,"[9377.164375305176, 172.40365600585938, 31.259422302246094, 42.5218505859375]",0.6519875526428223,1
4917,230618_4-2-1.tif,"[5182.578369140625, 1692.7711791992188, 46.314208984375, 23.266326904296875]",0.6517106294631958,1
4918,230618_4-2-1.tif,"[546.295654296875, 6669.408996582031, 20.549072265625, 33.5091552734375]",0.651135265827179,1
4919,230618_4-2-1.tif,"[7588.37353515625, 6235.0291748046875, 28.50665283203125, 45.80998229980469]",0.651047945022583,1
4920,230618_4-2-1.tif,"[5476.8135986328125, 4008.5691833496094, 37.50262451171875, 17.26202392578125]",0.6509232521057129,1
4921,230618_4-2-1.tif,"[2334.7775268554688, 5490.552215576172, 38.6328125, 18.6522216796875]",0.6508221626281738,1
4922,230618_4-2-1.tif,"[2478.4091796875, 6123.172119140625, 20.22491455078125, 26.1805419921875]",0.6504770517349243,1
4923,230618_4-2-1.tif,"[4236.704742431641, 2596.2680053710938, 23.9307861328125, 37.439208984375]",0.6500938534736633,1
4924,230618_4-2-1.tif,"[487.44024658203125, 6293.693176269531, 42.54541015625, 31.64813232421875]",0.6498375535011292,1
4925,230618_4-2-1.tif,"[5297.249755859375, 8050.3173828125, 17.883514404296875, 38.4354248046875]",0.6495386362075806,1
4926,230618_4-2-1.tif,"[948.0781555175781, 2590.0313720703125, 50.824462890625, 21.647705078125]",0.6480706334114075,1
4927,230618_4-2-1.tif,"[7804.164260864258, 3841.2842407226562, 26.58843994140625, 52.87548828125]",0.6479013562202454,1
4928,230618_4-2-1.tif,"[5722.568084716797, 7898.097793579102, 28.5572509765625, 33.859466552734375]",0.6478380560874939,1
4929,230618_4-2-1.tif,"[5892.045684814453, 6408.504577636719, 34.43804931640625, 28.50140380859375]",0.6477721333503723,1
4930,230618_4-2-1.tif,"[4840.662109375, 7395.719024658203, 32.6131591796875, 27.24298095703125]",0.6476132273674011,1
4931,230618_4-2-1.tif,"[6762.190124511719, 7529.340026855469, 41.1610107421875, 36.09649658203125]",0.6475968360900879,1
4932,230618_4-2-1.tif,"[95.19434356689453, 7380.198425292969, 31.069915771484375, 25.094085693359375]",0.6475538611412048,1
4933,230618_4-2-1.tif,"[4675.996437072754, 6994.985778808594, 31.003807067871094, 21.945159912109375]",0.647495448589325,1
4934,230618_4-2-1.tif,"[6552.852478027344, 8023.198181152344, 38.3336181640625, 34.782958984375]",0.6471737623214722,1
4935,230618_4-2-1.tif,"[4648.8211669921875, 9166.52865600586, 25.8037109375, 19.540008544921875]",0.6471290588378906,1
4936,230618_4-2-1.tif,"[2317.085235595703, 7790.0067138671875, 16.49493408203125, 39.89837646484375]",0.646784782409668,1
4937,230618_4-2-1.tif,"[7504.532073974609, 5377.107177734375, 39.2330322265625, 25.08709716796875]",0.6462171673774719,1
4938,230618_4-2-1.tif,"[7147.534027099609, 8556.402618408203, 41.149688720703125, 22.358795166015625]",0.6459916234016418,1
4939,230618_4-2-1.tif,"[942.5153503417969, 5394.167205810547, 28.19683837890625, 23.74468994140625]",0.6456539034843445,1
4940,230618_4-2-1.tif,"[3514.1779174804688, 4851.905456542969, 19.874267578125, 31.52435302734375]",0.6453142166137695,1
4941,230618_4-2-1.tif,"[7012.642578125, 8663.385955810547, 38.427001953125, 25.71514892578125]",0.6452546119689941,1
4942,230618_4-2-1.tif,"[6430.292419433594, 7634.862121582031, 40.0726318359375, 23.13775634765625]",0.6451801657676697,1
4943,230618_4-2-1.tif,"[376.80731201171875, 3629.36771774292, 20.92047119140625, 38.642398834228516]",0.6449244618415833,1
4944,230618_4-2-1.tif,"[6552.626770019531, 8686.023376464844, 25.6312255859375, 25.9630126953125]",0.6446260809898376,1
4945,230618_4-2-1.tif,"[1127.8133087158203, 2546.4593811035156, 45.5311279296875, 29.085906982421875]",0.6444576382637024,1
4946,230618_4-2-1.tif,"[191.5111083984375, 2860.0481567382812, 41.70123291015625, 21.8033447265625]",0.6442602276802063,1
4947,230618_4-2-1.tif,"[7969.323059082031, 5488.425476074219, 41.0240478515625, 32.2890625]",0.6442109942436218,1
4948,230618_4-2-1.tif,"[8638.086608886719, 819.7435302734375, 30.7001953125, 44.2144775390625]",0.6440033912658691,1
4949,230618_4-2-1.tif,"[4114.347877502441, 8025.08837890625, 15.838184356689453, 32.19000244140625]",0.6439288258552551,1
4950,230618_4-2-1.tif,"[1821.4032897949219, 7530.56494140625, 20.53057861328125, 20.703125]",0.643738329410553,1
4951,230618_4-2-1.tif,"[5951.243377685547, 6528.175109863281, 25.4267578125, 38.3790283203125]",0.6434884667396545,1
4952,230618_4-2-1.tif,"[2633.5264892578125, 1389.9657592773438, 36.5640869140625, 16.875]",0.643487274646759,1
4953,230618_4-2-1.tif,"[3442.447998046875, 3333.7548828125, 35.2867431640625, 18.4617919921875]",0.643455445766449,1
4954,230618_4-2-1.tif,"[6502.926574707031, 7116.154937744141, 19.58740234375, 47.339111328125]",0.6433058381080627,1
4955,230618_4-2-1.tif,"[2859.410858154297, 4349.919357299805, 29.631591796875, 32.46229553222656]",0.643101692199707,1
4956,230618_4-2-1.tif,"[1316.5154418945312, 5681.362243652344, 25.207427978515625, 33.1021728515625]",0.6430469751358032,1
4957,230618_4-2-1.tif,"[3395.388427734375, 3681.902084350586, 40.3284912109375, 32.32530212402344]",0.6430438756942749,1
4958,230618_4-2-1.tif,"[6395.570831298828, 9436.23078918457, 43.06768798828125, 19.16839599609375]",0.6426454782485962,1
4959,230618_4-2-1.tif,"[5043.581604003906, 0.4269218444824219, 21.037353515625, 28.687889099121094]",0.6424968838691711,1
4960,230618_4-2-1.tif,"[6978.323791503906, 8222.635824203491, 35.027008056640625, 18.48819923400879]",0.6421224474906921,1
4961,230618_4-2-1.tif,"[4239.559326171875, 2775.4049682617188, 23.57684326171875, 33.026947021484375]",0.6419699192047119,1
4962,230618_4-2-1.tif,"[273.90020751953125, 4052.7247314453125, 26.862060546875, 17.8095703125]",0.641767144203186,1
4963,230618_4-2-1.tif,"[5218.938781738281, 9366.994708061218, 26.99615478515625, 22.77293109893799]",0.6417521834373474,1
4964,230618_4-2-1.tif,"[6186.9149169921875, 6206.4918212890625, 26.891159057617188, 48.186607360839844]",0.6413072347640991,1
4965,230618_4-2-1.tif,"[8509.647399902344, 928.04296875, 47.7335205078125, 27.43017578125]",0.6412550210952759,1
4966,230618_4-2-1.tif,"[1119.393440246582, 2352.949462890625, 21.650497436523438, 33.1766357421875]",0.6410112380981445,1
4967,230618_4-2-1.tif,"[6131.861602783203, 3326.216506958008, 41.050506591796875, 31.453475952148438]",0.6408536434173584,1
4968,230618_4-2-1.tif,"[6287.377395629883, 6798.299530029297, 18.295318603515625, 32.98345947265625]",0.6404175758361816,1
4969,230618_4-2-1.tif,"[296.8788146972656, 2526.133056640625, 49.17852783203125, 36.12890625]",0.640333890914917,1
4970,230618_4-2-1.tif,"[7691.66015625, 2373.9523315429688, 42.780517578125, 42.40478515625]",0.6399697661399841,1
4971,230618_4-2-1.tif,"[6703.806182861328, 8007.8431396484375, 21.232757568359375, 42.81982421875]",0.6399537920951843,1
4972,230618_4-2-1.tif,"[7058.599853515625, 1065.017105102539, 42.151580810546875, 35.35240173339844]",0.6395975947380066,1
4973,230618_4-2-1.tif,"[5088.2423095703125, 3039.8067016601562, 27.14697265625, 26.0557861328125]",0.6390968561172485,1
4974,230618_4-2-1.tif,"[9376.617401123047, 628.5458984375, 19.91595458984375, 39.837127685546875]",0.6388235688209534,1
4975,230618_4-2-1.tif,"[2308.6064453125, 1616.005615234375, 35.5474853515625, 18.55029296875]",0.6387870907783508,1
4976,230618_4-2-1.tif,"[6312.618988037109, 8849.745697021484, 48.953125, 30.7657470703125]",0.6384448409080505,1
4977,230618_4-2-1.tif,"[5035.435974121094, 9712.499572753906, 24.631683349609375, 33.1741943359375]",0.6384016871452332,1
4978,230618_4-2-1.tif,"[4212.357147216797, 2385.0549926757812, 19.082931518554688, 20.63531494140625]",0.6380914449691772,1
4979,230618_4-2-1.tif,"[6081.304138183594, 6848.827117919922, 20.3206787109375, 30.5594482421875]",0.6379476189613342,1
4980,230618_4-2-1.tif,"[538.9957427978516, 2655.2391052246094, 42.31318664550781, 39.02789306640625]",0.6378569006919861,1
4981,230618_4-2-1.tif,"[3255.422592163086, 2575.326407432556, 20.05120849609375, 25.249154090881348]",0.6376795172691345,1
4982,230618_4-2-1.tif,"[6264.090354919434, 6680.047561645508, 26.02222442626953, 44.85711669921875]",0.6370499730110168,1
4983,230618_4-2-1.tif,"[6016.5823974609375, 6417.801452636719, 34.18646240234375, 41.424072265625]",0.6370341181755066,1
4984,230618_4-2-1.tif,"[4919.541931152344, 7412.8585205078125, 26.03192138671875, 49.51385498046875]",0.6368931531906128,1
4985,230618_4-2-1.tif,"[5314.000747680664, 6076.301208496094, 35.9075927734375, 17.857666015625]",0.636407196521759,1
4986,230618_4-2-1.tif,"[3416.8670654296875, 4862.327072143555, 21.55242919921875, 33.66627502441406]",0.6362029314041138,1
4987,230618_4-2-1.tif,"[3591.881019592285, 2814.2946014404297, 17.64716339111328, 38.35212707519531]",0.6361992955207825,1
4988,230618_4-2-1.tif,"[5258.62077331543, 56.028995513916016, 30.247772216796875, 21.991939544677734]",0.6359366774559021,1
4989,230618_4-2-1.tif,"[7242.5539474487305, 4154.022277832031, 40.320106506347656, 31.800323486328125]",0.6357488632202148,1
4990,230618_4-2-1.tif,"[7660.6116943359375, 6685.074457168579, 32.576416015625, 32.85827445983887]",0.6355982422828674,1
4991,230618_4-2-1.tif,"[6909.5433349609375, 9875.12939453125, 21.5533447265625, 33.884765625]",0.6354919672012329,1
4992,230618_4-2-1.tif,"[343.69158935546875, 3405.4151916503906, 33.934326171875, 36.6046142578125]",0.6352259516716003,1
4993,230618_4-2-1.tif,"[2373.7437744140625, 6835.822052001953, 14.2862548828125, 23.91796875]",0.635158360004425,1
4994,230618_4-2-1.tif,"[7053.19140625, 3757.8858337402344, 22.0025634765625, 49.623199462890625]",0.6346898674964905,1
4995,230618_4-2-1.tif,"[1988.0779418945312, 4636.213851928711, 26.62872314453125, 22.721885681152344]",0.6342384815216064,1
4996,230618_4-2-1.tif,"[365.201416015625, 5727.534774780273, 20.71917724609375, 34.316925048828125]",0.6341359615325928,1
4997,230618_4-2-1.tif,"[4243.454727172852, 9640.850067138672, 34.87309265136719, 23.844451904296875]",0.6340470910072327,1
4998,230618_4-2-1.tif,"[5629.185607910156, 9484.253662109375, 20.4918212890625, 40.2860107421875]",0.6339846849441528,1
4999,230618_4-2-1.tif,"[5465.4674072265625, 6740.4411544799805, 22.3572998046875, 25.883682250976562]",0.6338835954666138,1
5000,230618_4-2-1.tif,"[3146.3179244995117, 4628.477592468262, 32.85504913330078, 50.60894775390625]",0.6338428258895874,1
5001,230618_4-2-1.tif,"[5556.32080078125, 9314.994506835938, 31.49365234375, 26.0888671875]",0.6338163018226624,1
5002,230618_4-2-1.tif,"[1290.7300415039062, 4131.942008972168, 20.10015869140625, 39.99555206298828]",0.6335151195526123,1
5003,230618_4-2-1.tif,"[2062.322883605957, 2150.5316772460938, 30.37670135498047, 47.860565185546875]",0.6335006356239319,1
5004,230618_4-2-1.tif,"[5735.97509765625, 167.95436096191406, 37.037353515625, 28.734283447265625]",0.632683515548706,1
5005,230618_4-2-1.tif,"[6835.791961669922, 4832.5350341796875, 23.8831787109375, 43.57952880859375]",0.6325355768203735,1
5006,230618_4-2-1.tif,"[622.4712524414062, 9077.393310546875, 17.960205078125, 38.2115478515625]",0.6323204040527344,1
5007,230618_4-2-1.tif,"[3768.85009765625, 4005.25244140625, 32.717529296875, 16.255126953125]",0.6321691870689392,1
5008,230618_4-2-1.tif,"[4129.1005859375, 9725.936889648438, 24.765625, 46.0244140625]",0.6320935487747192,1
5009,230618_4-2-1.tif,"[3776.1596069335938, 5620.00537109375, 23.70721435546875, 35.6982421875]",0.63197922706604,1
5010,230618_4-2-1.tif,"[7542.4127197265625, 7815.449279785156, 41.39215087890625, 22.4835205078125]",0.6315637826919556,1
5011,230618_4-2-1.tif,"[5968.849914550781, 5640.8258056640625, 22.6033935546875, 31.201461791992188]",0.6314222812652588,1
5012,230618_4-2-1.tif,"[6443.052062988281, 7688.704528808594, 40.520751953125, 21.3189697265625]",0.6313275098800659,1
5013,230618_4-2-1.tif,"[2818.8871459960938, 4357.242431640625, 19.57037353515625, 43.8299560546875]",0.6310147047042847,1
5014,230618_4-2-1.tif,"[6739.715087890625, 3883.2657775878906, 31.0355224609375, 45.47406005859375]",0.6309661269187927,1
5015,230618_4-2-1.tif,"[1420.9461059570312, 1808.6491394042969, 25.13604736328125, 34.60345458984375]",0.6308548450469971,1
5016,230618_4-2-1.tif,"[9422.922149658203, 345.01300048828125, 24.514907836914062, 54.8223876953125]",0.6304396390914917,1
5017,230618_4-2-1.tif,"[6845.411773681641, 1650.01953125, 47.97621154785156, 18.948211669921875]",0.6302511692047119,1
5018,230618_4-2-1.tif,"[2983.8297729492188, 7734.728569030762, 19.7789306640625, 32.560882568359375]",0.6299391388893127,1
5019,230618_4-2-1.tif,"[527.1715440750122, 866.0581665039062, 21.194937705993652, 28.733856201171875]",0.629398763179779,1
5020,230618_4-2-1.tif,"[5213.865417480469, 1817.3419799804688, 32.47625732421875, 16.952606201171875]",0.629185140132904,1
5021,230618_4-2-1.tif,"[4968.368499755859, 2018.1383056640625, 38.4049072265625, 17.3538818359375]",0.6290890574455261,1
5022,230618_4-2-1.tif,"[2752.9788665771484, 4548.2899169921875, 27.67547607421875, 31.8414306640625]",0.6290076375007629,1
5023,230618_4-2-1.tif,"[5544.429931640625, 6708.223876953125, 43.5228271484375, 24.10302734375]",0.6287326812744141,1
5024,230618_4-2-1.tif,"[1665.2422485351562, 2971.9209594726562, 15.81591796875, 38.0213623046875]",0.6285002827644348,1
5025,230618_4-2-1.tif,"[6055.9998779296875, 33.905941009521484, 20.30316162109375, 18.828201293945312]",0.6282826662063599,1
5026,230618_4-2-1.tif,"[4424.660247802734, 2069.7462615966797, 19.998291015625, 51.57684326171875]",0.6281934976577759,1
5027,230618_4-2-1.tif,"[339.966796875, 1914.1641845703125, 34.3631591796875, 20.6351318359375]",0.6280247569084167,1
5028,230618_4-2-1.tif,"[2055.8992080688477, 4232.301208496094, 42.539146423339844, 22.23687744140625]",0.6278725266456604,1
5029,230618_4-2-1.tif,"[7038.630065917969, 8318.985137939453, 20.06683349609375, 37.85662841796875]",0.6274943351745605,1
5030,230618_4-2-1.tif,"[4080.6209106445312, 7437.053039550781, 18.2205810546875, 27.7686767578125]",0.6274539828300476,1
5031,230618_4-2-1.tif,"[1355.1885986328125, 3360.866241455078, 34.6298828125, 29.21624755859375]",0.6273064017295837,1
5032,230618_4-2-1.tif,"[5542.666564941406, 3885.7377319335938, 30.87823486328125, 40.4505615234375]",0.6272168755531311,1
5033,230618_4-2-1.tif,"[8946.07275390625, 427.14666748046875, 18.67596435546875, 48.5845947265625]",0.6270992159843445,1
5034,230618_4-2-1.tif,"[5361.322692871094, 9214.42172241211, 40.89947509765625, 17.748027801513672]",0.6270370483398438,1
5035,230618_4-2-1.tif,"[147.02085876464844, 1477.26416015625, 26.141143798828125, 30.51904296875]",0.6267182230949402,1
5036,230618_4-2-1.tif,"[2291.1163024902344, 1523.1712341308594, 31.68524169921875, 47.245635986328125]",0.626476526260376,1
5037,230618_4-2-1.tif,"[6566.014404296875, 4286.6898193359375, 21.1912841796875, 49.21795654296875]",0.6262057423591614,1
5038,230618_4-2-1.tif,"[1634.8865966796875, 413.78948974609375, 32.67376708984375, 38.81396484375]",0.6257532835006714,1
5039,230618_4-2-1.tif,"[5421.440582275391, 1913.2007751464844, 28.65435791015625, 22.36175537109375]",0.6253750920295715,1
5040,230618_4-2-1.tif,"[65.67472839355469, 7082.261444091797, 19.197677612304688, 35.218017578125]",0.6250459551811218,1
5041,230618_4-2-1.tif,"[6160.8331298828125, 2980.0685424804688, 21.217113494873047, 43.3094482421875]",0.6246528625488281,1
5042,230618_4-2-1.tif,"[4014.644805908203, 3561.636474609375, 20.5570068359375, 21.524658203125]",0.6243297457695007,1
5043,230618_4-2-1.tif,"[3058.5159606933594, 1951.8970947265625, 27.323028564453125, 39.033660888671875]",0.6242837905883789,1
5044,230618_4-2-1.tif,"[2125.8519287109375, 1156.9330444335938, 16.824188232421875, 35.540435791015625]",0.6242512464523315,1
5045,230618_4-2-1.tif,"[5230.327880859375, 2973.4151611328125, 38.8258056640625, 21.859375]",0.6242049336433411,1
5046,230618_4-2-1.tif,"[1102.0226745605469, 5554.156677246094, 26.410232543945312, 33.0445556640625]",0.6241524815559387,1
5047,230618_4-2-1.tif,"[6281.354354858398, 7205.711227416992, 25.765365600585938, 28.209121704101562]",0.6239113807678223,1
5048,230618_4-2-1.tif,"[6387.120544433594, 7585.995880126953, 38.86480712890625, 24.7218017578125]",0.6233959197998047,1
5049,230618_4-2-1.tif,"[6514.144775390625, 320.95263671875, 21.573974609375, 45.449462890625]",0.6228569149971008,1
5050,230618_4-2-1.tif,"[6155.9022216796875, 274.988525390625, 30.481689453125, 34.098785400390625]",0.6227239370346069,1
5051,230618_4-2-1.tif,"[3192.63330078125, 2681.2737579345703, 17.472930908203125, 49.1466064453125]",0.6226571798324585,1
5052,230618_4-2-1.tif,"[7074.372253417969, 3365.9239807128906, 33.500244140625, 39.896728515625]",0.6225689053535461,1
5053,230618_4-2-1.tif,"[515.0328979492188, 2162.0886840820312, 37.35860061645508, 25.6995849609375]",0.6224709749221802,1
5054,230618_4-2-1.tif,"[2577.3161697387695, 1558.1091918945312, 33.37200164794922, 39.67572021484375]",0.6224207878112793,1
5055,230618_4-2-1.tif,"[2556.3096618652344, 3526.5950317382812, 21.537628173828125, 51.3096923828125]",0.6221257448196411,1
5056,230618_4-2-1.tif,"[4290.559020996094, 1868.4454956054688, 47.247100830078125, 26.699462890625]",0.6218379139900208,1
5057,230618_4-2-1.tif,"[5540.025085449219, 5527.62158203125, 33.3287353515625, 34.921142578125]",0.621830940246582,1
5058,230618_4-2-1.tif,"[152.9453125, 395.91864013671875, 20.311004638671875, 38.392578125]",0.621568500995636,1
5059,230618_4-2-1.tif,"[2737.1886291503906, 3759.712890625, 27.345947265625, 26.5960693359375]",0.6211073994636536,1
5060,230618_4-2-1.tif,"[1823.9149780273438, 0.0, 24.1702880859375, 15.32888126373291]",0.6207796335220337,1
5061,230618_4-2-1.tif,"[4230.177947998047, 1985.4238891601562, 23.28460693359375, 34.8450927734375]",0.620635986328125,1
5062,230618_4-2-1.tif,"[6140.2894287109375, 7025.473571777344, 35.3890380859375, 22.1959228515625]",0.6206310391426086,1
5063,230618_4-2-1.tif,"[3697.643341064453, 2823.778076171875, 23.080032348632812, 46.422515869140625]",0.6203487515449524,1
5064,230618_4-2-1.tif,"[6677.748912811279, 7360.511825561523, 35.841896057128906, 24.6776123046875]",0.6203185319900513,1
5065,230618_4-2-1.tif,"[3186.6119689941406, 5431.2645263671875, 18.925552368164062, 33.978515625]",0.62027508020401,1
5066,230618_4-2-1.tif,"[4470.47412109375, 1896.7307739257812, 35.25299072265625, 22.08966064453125]",0.6198171377182007,1
5067,230618_4-2-1.tif,"[4861.578704833984, 918.7805786132812, 34.03619384765625, 34.0130615234375]",0.6197754144668579,1
5068,230618_4-2-1.tif,"[6854.329391479492, 9319.815002441406, 29.71514892578125, 23.37030029296875]",0.619756281375885,1
5069,230618_4-2-1.tif,"[9258.147064208984, 311.97027587890625, 46.42521667480469, 29.5006103515625]",0.6196063756942749,1
5070,230618_4-2-1.tif,"[5814.06120300293, 5466.360046386719, 30.9578857421875, 19.814208984375]",0.6195108294487,1
5071,230618_4-2-1.tif,"[5463.143005371094, 1090.9076538085938, 36.64947509765625, 25.6153564453125]",0.6192717552185059,1
5072,230618_4-2-1.tif,"[5919.585998535156, 3760.840072631836, 35.4736328125, 32.86932373046875]",0.6191367506980896,1
5073,230618_4-2-1.tif,"[6852.321533203125, 4513.74072265625, 47.98016357421875, 27.2174072265625]",0.6184192299842834,1
5074,230618_4-2-1.tif,"[5388.945739746094, 7068.00439453125, 24.98876953125, 44.1053466796875]",0.6181001663208008,1
5075,230618_4-2-1.tif,"[5633.992736816406, 3438.8812255859375, 24.8812255859375, 55.69049072265625]",0.6180922389030457,1
5076,230618_4-2-1.tif,"[611.7390747070312, 6134.7579345703125, 40.145751953125, 35.596588134765625]",0.6177371740341187,1
5077,230618_4-2-1.tif,"[5077.488922119141, 2061.948763847351, 15.4302978515625, 29.054165840148926]",0.6176108717918396,1
5078,230618_4-2-1.tif,"[6194.014938354492, 6885.596435546875, 23.681350708007812, 44.94329833984375]",0.6175763607025146,1
5079,230618_4-2-1.tif,"[643.2039642333984, 483.40411376953125, 18.307098388671875, 32.6015625]",0.6169328689575195,1
5080,230618_4-2-1.tif,"[6215.56640625, 9719.031921386719, 35.1435546875, 34.92291259765625]",0.6160239577293396,1
5081,230618_4-2-1.tif,"[1037.1872701644897, 608.7292785644531, 25.26968479156494, 43.530975341796875]",0.6159650683403015,1
5082,230618_4-2-1.tif,"[5574.3968505859375, 4564.313018798828, 36.263671875, 33.9329833984375]",0.6159249544143677,1
5083,230618_4-2-1.tif,"[6567.075958251953, 7477.278381347656, 41.53271484375, 28.16473388671875]",0.6158198714256287,1
5084,230618_4-2-1.tif,"[4531.390686035156, 2332.1835327148438, 36.956298828125, 32.6593017578125]",0.615588366985321,1
5085,230618_4-2-1.tif,"[5006.360534667969, 2674.6857147216797, 26.80810546875, 37.895233154296875]",0.6151508688926697,1
5086,230618_4-2-1.tif,"[870.0038452148438, 6506.2528076171875, 41.450927734375, 32.10223388671875]",0.6147111654281616,1
5087,230618_4-2-1.tif,"[6565.744140625, 5709.639831542969, 40.698486328125, 20.7740478515625]",0.6145429015159607,1
5088,230618_4-2-1.tif,"[6135.996765136719, 5434.135803222656, 17.066162109375, 32.4730224609375]",0.6133332848548889,1
5089,230618_4-2-1.tif,"[7126.675506591797, 8476.066345214844, 25.1334228515625, 43.23388671875]",0.6131580471992493,1
5090,230618_4-2-1.tif,"[4813.284149169922, 4255.575393676758, 21.881500244140625, 29.315704345703125]",0.6131451725959778,1
5091,230618_4-2-1.tif,"[976.4968566894531, 398.4903564453125, 40.35333251953125, 19.965576171875]",0.6131028532981873,1
5092,230618_4-2-1.tif,"[1891.3554077148438, 2035.6259765625, 25.824798583984375, 37.07506561279297]",0.6130058169364929,1
5093,230618_4-2-1.tif,"[6190.6822509765625, 6622.4932861328125, 24.3525390625, 34.42431640625]",0.6126059293746948,1
5094,230618_4-2-1.tif,"[6917.519775390625, 0.0, 18.2462158203125, 22.524372100830078]",0.6121194958686829,1
5095,230618_4-2-1.tif,"[465.30780029296875, 4181.0748291015625, 29.2139892578125, 22.421875]",0.6121034026145935,1
5096,230618_4-2-1.tif,"[432.02197265625, 7551.464416503906, 25.494110107421875, 35.96124267578125]",0.6118648052215576,1
5097,230618_4-2-1.tif,"[6053.877227783203, 6492.104278564453, 31.1495361328125, 44.231689453125]",0.611625075340271,1
5098,230618_4-2-1.tif,"[1036.4727172851562, 7563.9432373046875, 38.6065559387207, 21.05255126953125]",0.6114424467086792,1
5099,230618_4-2-1.tif,"[1778.1727294921875, 8474.057434082031, 26.51904296875, 15.4964599609375]",0.6110467910766602,1
5100,230618_4-2-1.tif,"[3450.65576171875, 321.4521179199219, 21.20513916015625, 45.29486083984375]",0.6108348369598389,1
5101,230618_4-2-1.tif,"[6685.71337890625, 360.42108154296875, 40.41162109375, 21.3544921875]",0.6107932925224304,1
5102,230618_4-2-1.tif,"[1332.1614379882812, 7960.859100341797, 24.98974609375, 34.541259765625]",0.6103525161743164,1
5103,230618_4-2-1.tif,"[6859.291244506836, 7758.995361328125, 20.414581298828125, 44.75146484375]",0.6103366613388062,1
5104,230618_4-2-1.tif,"[5794.06982421875, 9872.505126953125, 29.46844482421875, 26.6533203125]",0.6101588010787964,1
5105,230618_4-2-1.tif,"[6981.310363769531, 9719.231018066406, 31.81640625, 43.154541015625]",0.6100590825080872,1
5106,230618_4-2-1.tif,"[5108.736877441406, 7743.555236816406, 32.1536865234375, 41.819793701171875]",0.6100010275840759,1
5107,230618_4-2-1.tif,"[6349.781524658203, 7748.213806152344, 21.3642578125, 43.025390625]",0.6099836230278015,1
5108,230618_4-2-1.tif,"[5692.52587890625, 2008.0011596679688, 44.30615234375, 35.64422607421875]",0.6098877191543579,1
5109,230618_4-2-1.tif,"[1604.5165710449219, 5570.737274169922, 14.088409423828125, 30.781402587890625]",0.6098654866218567,1
5110,230618_4-2-1.tif,"[7711.007034301758, 2603.6811447143555, 41.7779541015625, 36.835304260253906]",0.6098321080207825,1
5111,230618_4-2-1.tif,"[5352.85302734375, 4392.7509765625, 26.83673095703125, 38.31787109375]",0.6097822189331055,1
5112,230618_4-2-1.tif,"[6313.895095825195, 7001.962585449219, 24.82000732421875, 53.2957763671875]",0.6097565293312073,1
5113,230618_4-2-1.tif,"[141.13357543945312, 5105.179626464844, 26.33209228515625, 37.4716796875]",0.60914146900177,1
5114,230618_4-2-1.tif,"[2062.14892578125, 6997.009216308594, 26.73615264892578, 30.783050537109375]",0.6087544560432434,1
5115,230618_4-2-1.tif,"[7314.994720458984, 6015.526397705078, 48.39361572265625, 23.68621826171875]",0.6084136366844177,1
5116,230618_4-2-1.tif,"[2239.7281799316406, 4149.403114318848, 42.471435546875, 29.74176025390625]",0.6083226799964905,1
5117,230618_4-2-1.tif,"[4952.255798339844, 3738.2731018066406, 17.4678955078125, 34.41534423828125]",0.6082449555397034,1
5118,230618_4-2-1.tif,"[5989.776611328125, 361.39727783203125, 30.025146484375, 29.54864501953125]",0.608223021030426,1
5119,230618_4-2-1.tif,"[6788.788604736328, 9432.986694335938, 38.60284423828125, 36.98231506347656]",0.6082097291946411,1
5120,230618_4-2-1.tif,"[2150.558837890625, 9185.254577636719, 27.852096557617188, 25.736572265625]",0.6079897880554199,1
5121,230618_4-2-1.tif,"[5562.418304443359, 5874.81428527832, 18.3359375, 42.85496520996094]",0.6079493761062622,1
5122,230618_4-2-1.tif,"[1151.236717224121, 2467.3125, 37.89429473876953, 19.57177734375]",0.6074656844139099,1
5123,230618_4-2-1.tif,"[2781.9060974121094, 2862.1776428222656, 24.14605712890625, 43.8692626953125]",0.6070841550827026,1
5124,230618_4-2-1.tif,"[548.3640594482422, 1827.8322448730469, 20.020034790039062, 37.361328125]",0.6061931252479553,1
5125,230618_4-2-1.tif,"[5818.886688232422, 3865.7259521484375, 20.18328857421875, 43.265869140625]",0.6061174273490906,1
5126,230618_4-2-1.tif,"[1272.4716491699219, 5398.7191162109375, 46.1162109375, 25.5626220703125]",0.6058459877967834,1
5127,230618_4-2-1.tif,"[1753.6299133300781, 3295.6058502197266, 39.28094482421875, 17.34027099609375]",0.6056228280067444,1
5128,230618_4-2-1.tif,"[1393.7011108398438, 5366.275985717773, 15.13946533203125, 33.91175842285156]",0.6055170297622681,1
5129,230618_4-2-1.tif,"[6108.035552978516, 6620.514343261719, 24.32733154296875, 43.7596435546875]",0.6054701209068298,1
5130,230618_4-2-1.tif,"[4905.233642578125, 5750.207763671875, 47.512939453125, 22.892242431640625]",0.6052603125572205,1
5131,230618_4-2-1.tif,"[9470.74429321289, 128.76657104492188, 24.6497802734375, 52.67431640625]",0.6051138043403625,1
5132,230618_4-2-1.tif,"[865.5360412597656, 178.69796752929688, 21.45111083984375, 43.272064208984375]",0.6048649549484253,1
5133,230618_4-2-1.tif,"[1011.5866088867188, 4399.955596923828, 46.3489990234375, 24.52996826171875]",0.6046071648597717,1
5134,230618_4-2-1.tif,"[4003.0671997070312, 795.8892822265625, 41.19500732421875, 26.1890869140625]",0.6045209169387817,1
5135,230618_4-2-1.tif,"[2196.914993286133, 3295.3154296875, 20.8057861328125, 44.8826904296875]",0.6041271090507507,1
5136,230618_4-2-1.tif,"[157.60626220703125, 1130.6654052734375, 45.926788330078125, 27.280563354492188]",0.6040853261947632,1
5137,230618_4-2-1.tif,"[1316.28759765625, 9926.306884765625, 30.2572021484375, 20.421875]",0.6038980484008789,1
5138,230618_4-2-1.tif,"[8270.42138671875, 9.5032958984375, 40.64794921875, 20.783382415771484]",0.6038809418678284,1
5139,230618_4-2-1.tif,"[2900.151123046875, 3781.74609375, 45.8572998046875, 23.7860107421875]",0.6038198471069336,1
5140,230618_4-2-1.tif,"[5137.044921875, 1028.7301025390625, 47.76499938964844, 29.2962646484375]",0.6031323075294495,1
5141,230618_4-2-1.tif,"[5593.80419921875, 7346.5302734375, 371.83154296875, 145.58642578125]",0.6031112670898438,1
5142,230618_4-2-1.tif,"[947.8781127929688, 5436.657653808594, 39.1038818359375, 23.9527587890625]",0.6029360890388489,1
5143,230618_4-2-1.tif,"[2676.3995361328125, 4073.6401977539062, 29.226516723632812, 36.737059593200684]",0.6027694344520569,1
5144,230618_4-2-1.tif,"[536.360107421875, 1221.6988525390625, 22.323974609375, 38.25196838378906]",0.602635383605957,1
5145,230618_4-2-1.tif,"[1791.0027770996094, 4830.279327392578, 23.10101318359375, 29.36328125]",0.6025248765945435,1
5146,230618_4-2-1.tif,"[1117.6390380859375, 4452.364807128906, 24.43408203125, 41.7974853515625]",0.6025207042694092,1
5147,230618_4-2-1.tif,"[695.7101440429688, 6566.113525390625, 17.351593017578125, 27.423583984375]",0.6021728515625,1
5148,230618_4-2-1.tif,"[9054.93701171875, 265.93988037109375, 31.77374267578125, 39.1072998046875]",0.6019013524055481,1
5149,230618_4-2-1.tif,"[4946.872833251953, 6116.713073730469, 32.26641845703125, 50.426025390625]",0.601397693157196,1
5150,230618_4-2-1.tif,"[5668.9627685546875, 1247.0047912597656, 35.732421875, 25.58160400390625]",0.6008346676826477,1
5151,230618_4-2-1.tif,"[6133.320739746094, 278.20062255859375, 29.890518188476562, 45.9659423828125]",0.6007699370384216,1
5152,230618_4-2-1.tif,"[6861.385803222656, 344.72406005859375, 29.92852783203125, 31.076416015625]",0.6005786657333374,1
5153,230618_4-2-1.tif,"[7273.521957397461, 4208.806228637695, 40.97865295410156, 22.691192626953125]",0.5998885631561279,1
5154,230618_4-2-1.tif,"[6250.295181274414, 6420.347137451172, 39.5517578125, 24.42681884765625]",0.5998864769935608,1
5155,230618_4-2-1.tif,"[9445.234161376953, 216.79611206054688, 41.9429931640625, 30.71368408203125]",0.5997990369796753,1
5156,230618_4-2-1.tif,"[3490.5960388183594, 8854.658569335938, 18.74005126953125, 37.899749755859375]",0.5997923612594604,1
5157,230618_4-2-1.tif,"[2313.234832763672, 3157.6744995117188, 17.3756103515625, 28.9580078125]",0.5994304418563843,1
5158,230618_4-2-1.tif,"[6618.355712890625, 9399.975128173828, 24.60345458984375, 43.77605438232422]",0.5991747975349426,1
5159,230618_4-2-1.tif,"[3467.193084716797, 4805.363143920898, 33.35968017578125, 29.259368896484375]",0.5989096760749817,1
5160,230618_4-2-1.tif,"[6286.326324462891, 4262.324523925781, 21.7913818359375, 30.05364990234375]",0.5986766815185547,1
5161,230618_4-2-1.tif,"[1522.15869140625, 7386.3701171875, 37.7174072265625, 19.491943359375]",0.5985321998596191,1
5162,230618_4-2-1.tif,"[6438.2298583984375, 2122.7144317626953, 34.86761474609375, 52.85014343261719]",0.598237931728363,1
5163,230618_4-2-1.tif,"[551.45947265625, 5249.146026611328, 26.892822265625, 37.8505859375]",0.5981792211532593,1
5164,230618_4-2-1.tif,"[3644.650436401367, 339.2568054199219, 48.788055419921875, 23.2196044921875]",0.5976271629333496,1
5165,230618_4-2-1.tif,"[5897.205749511719, 2809.462448120117, 20.205810546875, 44.90492248535156]",0.5973154306411743,1
5166,230618_4-2-1.tif,"[6432.2529296875, 7557.6895751953125, 36.79010009765625, 36.4954833984375]",0.5970986485481262,1
5167,230618_4-2-1.tif,"[3646.6800537109375, 3063.1842651367188, 24.90625, 38.8525390625]",0.5969956517219543,1
5168,230618_4-2-1.tif,"[6289.393707275391, 7785.182586669922, 22.71319580078125, 40.69685363769531]",0.5957502722740173,1
5169,230618_4-2-1.tif,"[919.5146484375, 8676.246032714844, 19.5677490234375, 33.62364387512207]",0.5957180857658386,1
5170,230618_4-2-1.tif,"[5091.414306640625, 4.140087127685547, 26.46429443359375, 32.41676330566406]",0.5956171154975891,1
5171,230618_4-2-1.tif,"[5046.4044189453125, 5905.161895751953, 37.84228515625, 19.58087158203125]",0.5954445600509644,1
5172,230618_4-2-1.tif,"[1863.1861877441406, 6585.54345703125, 39.64288330078125, 37.37890625]",0.5953977704048157,1
5173,230618_4-2-1.tif,"[121.23284912109375, 2988.4800415039062, 36.5645751953125, 32.6060791015625]",0.5953544974327087,1
5174,230618_4-2-1.tif,"[6636.185791015625, 2036.6252136230469, 35.8685302734375, 35.275875091552734]",0.5952571034431458,1
5175,230618_4-2-1.tif,"[874.9996948242188, 2348.4530334472656, 34.4176025390625, 19.3880615234375]",0.5951701998710632,1
5176,230618_4-2-1.tif,"[1923.0687255859375, 2516.8883666992188, 21.1519775390625, 45.84033203125]",0.5951324105262756,1
5177,230618_4-2-1.tif,"[5789.760314941406, 5590.1763916015625, 33.442626953125, 41.628662109375]",0.5947716236114502,1
5178,230618_4-2-1.tif,"[5191.412017822266, 1600.7416381835938, 30.292572021484375, 41.28129577636719]",0.5947683453559875,1
5179,230618_4-2-1.tif,"[1026.2073974609375, 3980.2431640625, 27.139404296875, 40.9591064453125]",0.5947136878967285,1
5180,230618_4-2-1.tif,"[5575.666015625, 5573.105072021484, 35.29168701171875, 43.3050537109375]",0.5942477583885193,1
5181,230618_4-2-1.tif,"[847.9082641601562, 5414.478210449219, 30.93890380859375, 19.84332275390625]",0.594005823135376,1
5182,230618_4-2-1.tif,"[6270.936569213867, 6301.613677978516, 30.66064453125, 56.0712890625]",0.5936082601547241,1
5183,230618_4-2-1.tif,"[5093.642333984375, 6203.244384765625, 23.7769775390625, 29.09814453125]",0.5934650301933289,1
5184,230618_4-2-1.tif,"[4656.29150390625, 8203.349243164062, 26.710540771484375, 24.827552795410156]",0.5929946303367615,1
5185,230618_4-2-1.tif,"[6160.5384521484375, 3944.130859375, 21.448665618896484, 50.0911865234375]",0.592957079410553,1
5186,230618_4-2-1.tif,"[5096.327209472656, 2963.6190185546875, 36.663818359375, 24.9486083984375]",0.59283047914505,1
5187,230618_4-2-1.tif,"[4653.348686218262, 7527.197448730469, 37.134185791015625, 27.974365234375]",0.5927561521530151,1
5188,230618_4-2-1.tif,"[6233.567626953125, 9483.806694030762, 37.795654296875, 28.07495880126953]",0.5921775102615356,1
5189,230618_4-2-1.tif,"[1193.3048706054688, 4793.06201171875, 36.99505615234375, 17.0430908203125]",0.5918819308280945,1
5190,230618_4-2-1.tif,"[4351.7972412109375, 3449.7293090820312, 26.28753662109375, 23.39459228515625]",0.5914767384529114,1
5191,230618_4-2-1.tif,"[6696.2705078125, 2203.3873748779297, 29.4818115234375, 20.983154296875]",0.5914538502693176,1
5192,230618_4-2-1.tif,"[6221.7060546875, 8974.282104492188, 41.660400390625, 21.941650390625]",0.5913135409355164,1
5193,230618_4-2-1.tif,"[224.9320831298828, 4413.444061279297, 16.21832275390625, 26.865966796875]",0.5912936925888062,1
5194,230618_4-2-1.tif,"[6873.197357177734, 9021.661651611328, 20.080780029296875, 36.70611572265625]",0.5912379622459412,1
5195,230618_4-2-1.tif,"[1746.3258361816406, 7076.79443359375, 32.79217529296875, 37.065185546875]",0.590541660785675,1
5196,230618_4-2-1.tif,"[356.6800231933594, 8907.417602539062, 18.965087890625, 26.68353271484375]",0.590495765209198,1
5197,230618_4-2-1.tif,"[8623.078918457031, 398.5636901855469, 19.88031005859375, 52.4119873046875]",0.5903000235557556,1
5198,230618_4-2-1.tif,"[1169.6199340820312, 5036.691101074219, 16.61444091796875, 36.49169921875]",0.5902928709983826,1
5199,230618_4-2-1.tif,"[7843.038024902344, 7517.74462890625, 38.14984130859375, 35.3516845703125]",0.5900762677192688,1
5200,230618_4-2-1.tif,"[2062.503662109375, 7098.666809082031, 14.947399139404297, 34.65374755859375]",0.5898222923278809,1
5201,230618_4-2-1.tif,"[4899.747406005859, 2180.6858673095703, 27.2559814453125, 23.0751953125]",0.5891897082328796,1
5202,230618_4-2-1.tif,"[4714.414581298828, 7075.312805175781, 32.46746826171875, 16.79278564453125]",0.5890907049179077,1
5203,230618_4-2-1.tif,"[1324.6255493164062, 9168.322204589844, 23.67626953125, 14.578857421875]",0.5886494517326355,1
5204,230618_4-2-1.tif,"[9189.579833984375, 223.07086181640625, 42.94390869140625, 32.93133544921875]",0.5885469317436218,1
5205,230618_4-2-1.tif,"[3118.434669494629, 1336.9629211425781, 17.676658630371094, 35.6502685546875]",0.5884741544723511,1
5206,230618_4-2-1.tif,"[3172.6309967041016, 4893.265075683594, 25.964584350585938, 45.8922119140625]",0.5876291990280151,1
5207,230618_4-2-1.tif,"[6170.8553466796875, 3473.6649169921875, 40.2293701171875, 28.60076904296875]",0.5875754356384277,1
5208,230618_4-2-1.tif,"[6927.449890136719, 80.95042419433594, 27.7628173828125, 41.104095458984375]",0.586860716342926,1
5209,230618_4-2-1.tif,"[9376.880882263184, 287.95074462890625, 28.932315826416016, 35.32769775390625]",0.5868176817893982,1
5210,230618_4-2-1.tif,"[6450.586181640625, 9631.362060546875, 27.39276123046875, 23.99951171875]",0.5867518186569214,1
5211,230618_4-2-1.tif,"[8474.241241455078, 229.3294677734375, 32.4859619140625, 42.4639892578125]",0.5866272449493408,1
5212,230618_4-2-1.tif,"[3613.7847900390625, 842.8814086914062, 27.8572998046875, 25.3275146484375]",0.5863832831382751,1
5213,230618_4-2-1.tif,"[8901.737518310547, 540.6226806640625, 34.6988525390625, 41.696533203125]",0.5859836339950562,1
5214,230618_4-2-1.tif,"[521.39635181427, 1995.9020080566406, 24.14374828338623, 32.317901611328125]",0.5853983759880066,1
5215,230618_4-2-1.tif,"[7516.5877685546875, 3856.2587280273438, 41.54132080078125, 28.75390625]",0.5852782130241394,1
5216,230618_4-2-1.tif,"[6989.914367675781, 7063.557312011719, 32.62457275390625, 24.3472900390625]",0.5851847529411316,1
5217,230618_4-2-1.tif,"[6068.985534667969, 1255.480224609375, 38.509033203125, 26.13177490234375]",0.5848721861839294,1
5218,230618_4-2-1.tif,"[5851.833419799805, 9396.092987060547, 23.192657470703125, 41.900146484375]",0.5847808122634888,1
5219,230618_4-2-1.tif,"[3579.3848266601562, 731.5371704101562, 29.71728515625, 24.038848876953125]",0.5847737789154053,1
5220,230618_4-2-1.tif,"[5141.1068115234375, 2048.0, 19.435302734375, 22.305545806884766]",0.5843573212623596,1
5221,230618_4-2-1.tif,"[5052.6468505859375, 6913.612091064453, 28.6844482421875, 37.39617919921875]",0.5841549038887024,1
5222,230618_4-2-1.tif,"[6254.315765380859, 2307.4649047851562, 24.35491943359375, 44.7308349609375]",0.5840399861335754,1
5223,230618_4-2-1.tif,"[3771.3046264648438, 176.5518798828125, 22.225830078125, 37.91033935546875]",0.5838828682899475,1
5224,230618_4-2-1.tif,"[405.31695556640625, 2991.0405883789062, 34.0311279296875, 18.6251220703125]",0.5830985307693481,1
5225,230618_4-2-1.tif,"[82.08685302734375, 896.2181701660156, 31.2830810546875, 32.25555419921875]",0.5830848813056946,1
5226,230618_4-2-1.tif,"[3058.7618408203125, 8955.762603759766, 15.14801025390625, 38.30181884765625]",0.583001971244812,1
5227,230618_4-2-1.tif,"[2537.3458251953125, 1768.8091430664062, 18.1416015625, 38.5948486328125]",0.5829707980155945,1
5228,230618_4-2-1.tif,"[2289.790237426758, 3600.3218994140625, 31.945571899414062, 21.283370971679688]",0.5827568173408508,1
5229,230618_4-2-1.tif,"[4713.8360595703125, 1736.6620178222656, 23.471328735351562, 51.417724609375]",0.582664430141449,1
5230,230618_4-2-1.tif,"[6014.4737548828125, 3034.217529296875, 28.25048828125, 40.43206787109375]",0.5825079679489136,1
5231,230618_4-2-1.tif,"[176.60256958007812, 8226.754333496094, 34.13946533203125, 40.87843322753906]",0.5819888710975647,1
5232,230618_4-2-1.tif,"[6354.648864746094, 7170.534423828125, 45.5089111328125, 43.08230209350586]",0.5819750428199768,1
5233,230618_4-2-1.tif,"[3841.9801635742188, 2454.1865234375, 22.5269775390625, 42.561279296875]",0.5813639163970947,1
5234,230618_4-2-1.tif,"[7341.1512451171875, 123.56844329833984, 19.8565673828125, 46.31525421142578]",0.5812745094299316,1
5235,230618_4-2-1.tif,"[6051.2275390625, 9002.629272460938, 32.478515625, 30.943115234375]",0.5812065005302429,1
5236,230618_4-2-1.tif,"[416.4183044433594, 4993.619537353516, 17.14239501953125, 40.36376953125]",0.5810775756835938,1
5237,230618_4-2-1.tif,"[1940.7188415527344, 811.1208801269531, 16.84210205078125, 26.54412841796875]",0.5810235142707825,1
5238,230618_4-2-1.tif,"[6828.129058837891, 9774.1357421875, 21.5716552734375, 47.798431396484375]",0.580725908279419,1
5239,230618_4-2-1.tif,"[6891.583343505859, 2326.023468017578, 26.10003662109375, 54.74078369140625]",0.5802886486053467,1
5240,230618_4-2-1.tif,"[6227.349365234375, 6511.7862548828125, 19.0274658203125, 37.759521484375]",0.5800666809082031,1
5241,230618_4-2-1.tif,"[9264.744396209717, 192.2330322265625, 49.4368782043457, 23.242950439453125]",0.5799359679222107,1
5242,230618_4-2-1.tif,"[421.85308837890625, 4614.53067779541, 18.01593017578125, 17.353801727294922]",0.5798196196556091,1
5243,230618_4-2-1.tif,"[7383.883392333984, 3412.760284423828, 33.687774658203125, 40.99859619140625]",0.5797579288482666,1
5244,230618_4-2-1.tif,"[4649.447319030762, 441.199462890625, 40.5616455078125, 38.8140869140625]",0.5794873833656311,1
5245,230618_4-2-1.tif,"[9179.109283447266, 407.3516845703125, 24.10943603515625, 44.44610595703125]",0.5794460773468018,1
5246,230618_4-2-1.tif,"[5958.838439941406, 5813.652770996094, 21.4007568359375, 29.94537353515625]",0.5791516900062561,1
5247,230618_4-2-1.tif,"[1154.9695587158203, 5340.461761474609, 31.7081298828125, 41.86358642578125]",0.5790275931358337,1
5248,230618_4-2-1.tif,"[5160.10954284668, 3384.0914306640625, 30.780960083007812, 24.77081298828125]",0.5785925984382629,1
5249,230618_4-2-1.tif,"[434.13238525390625, 3221.2176818847656, 38.829345703125, 21.98114013671875]",0.5785577297210693,1
5250,230618_4-2-1.tif,"[1598.9220542907715, 2253.4827880859375, 44.991764068603516, 33.488800048828125]",0.5784868001937866,1
5251,230618_4-2-1.tif,"[4293.746063232422, 3804.418655395508, 16.9910888671875, 34.914337158203125]",0.5782830715179443,1
5252,230618_4-2-1.tif,"[2708.6139221191406, 6109.661346435547, 33.21893310546875, 19.502197265625]",0.5778704285621643,1
5253,230618_4-2-1.tif,"[2229.9169921875, 1763.7819213867188, 26.90557861328125, 51.12823486328125]",0.577650249004364,1
5254,230618_4-2-1.tif,"[5159.298095703125, 4853.130157470703, 34.255859375, 40.131805419921875]",0.5776359438896179,1
5255,230618_4-2-1.tif,"[6941.828521728516, 215.96737670898438, 52.1983642578125, 26.17596435546875]",0.5773075819015503,1
5256,230618_4-2-1.tif,"[2934.8683471679688, 3499.344512939453, 18.349609375, 29.141357421875]",0.5769861936569214,1
5257,230618_4-2-1.tif,"[4114.78759765625, 1813.36962890625, 22.1112060546875, 44.83148193359375]",0.5769549608230591,1
5258,230618_4-2-1.tif,"[5533.862396240234, 5184.60164642334, 28.2725830078125, 23.551986694335938]",0.5766489505767822,1
5259,230618_4-2-1.tif,"[2179.5360107421875, 551.7540435791016, 22.38922119140625, 44.48161315917969]",0.5764906406402588,1
5260,230618_4-2-1.tif,"[3131.5753784179688, 9544.05142211914, 15.72186279296875, 41.51580810546875]",0.5752602815628052,1
5261,230618_4-2-1.tif,"[6151.4139404296875, 5596.423889160156, 45.736083984375, 26.728271484375]",0.574705958366394,1
5262,230618_4-2-1.tif,"[9107.052124023438, 308.754638671875, 26.5294189453125, 44.375]",0.574679434299469,1
5263,230618_4-2-1.tif,"[1973.8973999023438, 5890.3782958984375, 29.910888671875, 37.6844482421875]",0.5734281539916992,1
5264,230618_4-2-1.tif,"[7424.5596923828125, 4214.342041015625, 33.02764892578125, 32.90594482421875]",0.5734239220619202,1
5265,230618_4-2-1.tif,"[3933.118896484375, 3197.70694732666, 18.96484375, 36.76354217529297]",0.5732797384262085,1
5266,230618_4-2-1.tif,"[6921.8895263671875, 1538.637939453125, 58.3861083984375, 23.9185791015625]",0.5731126070022583,1
5267,230618_4-2-1.tif,"[2758.4254455566406, 4063.8250732421875, 44.6358642578125, 32.91387939453125]",0.5730141401290894,1
5268,230618_4-2-1.tif,"[5265.71484375, 7605.214904785156, 18.89373779296875, 41.974853515625]",0.572502613067627,1
5269,230618_4-2-1.tif,"[23.422767639160156, 1958.462158203125, 41.489036560058594, 30.3658447265625]",0.5724191665649414,1
5270,230618_4-2-1.tif,"[2649.8323364257812, 9898.651611328125, 25.3636474609375, 15.83056640625]",0.5713894367218018,1
5271,230618_4-2-1.tif,"[7357.85888671875, 3992.865966796875, 18.43548583984375, 40.3228759765625]",0.5713317394256592,1
5272,230618_4-2-1.tif,"[5252.611602783203, 5713.314102172852, 24.633697509765625, 46.73588562011719]",0.5712012052536011,1
5273,230618_4-2-1.tif,"[5963.755157470703, 6135.352325439453, 21.40966796875, 35.17601013183594]",0.5709311366081238,1
5274,230618_4-2-1.tif,"[8871.267028808594, 108.77854919433594, 19.7513427734375, 43.559051513671875]",0.5706950426101685,1
5275,230618_4-2-1.tif,"[5450.89453125, 5102.920349121094, 35.12762451171875, 36.22674751281738]",0.5704970359802246,1
5276,230618_4-2-1.tif,"[5967.795227050781, 5501.314117431641, 37.98681640625, 20.45892333984375]",0.5703640580177307,1
5277,230618_4-2-1.tif,"[907.4656982421875, 2183.13037109375, 33.2275390625, 41.77813720703125]",0.5701469779014587,1
5278,230618_4-2-1.tif,"[6205.1771240234375, 6693.888366699219, 33.8951416015625, 18.9044189453125]",0.5696595311164856,1
5279,230618_4-2-1.tif,"[7570.546569824219, 6302.424041748047, 38.8446044921875, 24.18359375]",0.5683210492134094,1
5280,230618_4-2-1.tif,"[6237.672340393066, 416.4337463378906, 33.444236755371094, 34.73193359375]",0.5682549476623535,1
5281,230618_4-2-1.tif,"[3875.5542907714844, 2466.7644653320312, 20.299072265625, 34.951416015625]",0.5678165555000305,1
5282,230618_4-2-1.tif,"[5567.302642822266, 8408.884536743164, 15.50738525390625, 32.5386962890625]",0.5677846074104309,1
5283,230618_4-2-1.tif,"[1800.8271179199219, 453.38714599609375, 17.25799560546875, 36.0718994140625]",0.5677794218063354,1
5284,230618_4-2-1.tif,"[4057.5333862304688, 1120.7801666259766, 24.5289306640625, 39.53466796875]",0.56766277551651,1
5285,230618_4-2-1.tif,"[7015.129638671875, 8370.451904296875, 20.9154052734375, 45.515655517578125]",0.5676610469818115,1
5286,230618_4-2-1.tif,"[4661.653564453125, 1673.9255065917969, 22.705810546875, 45.5382080078125]",0.5674270391464233,1
5287,230618_4-2-1.tif,"[5347.912139892578, 5878.294036865234, 27.79205322265625, 26.88519287109375]",0.5664061903953552,1
5288,230618_4-2-1.tif,"[481.0615234375, 3522.738739013672, 15.6214599609375, 33.67889404296875]",0.5663265585899353,1
5289,230618_4-2-1.tif,"[6968.8748779296875, 8504.959503173828, 47.5482177734375, 24.72955322265625]",0.5662583708763123,1
5290,230618_4-2-1.tif,"[6074.677947998047, 7562.673187255859, 35.1278076171875, 26.42486572265625]",0.5652919411659241,1
5291,230618_4-2-1.tif,"[3001.0220336914062, 4047.8079223632812, 24.782958984375, 21.869873046875]",0.5650264024734497,1
5292,230618_4-2-1.tif,"[3618.6444091796875, 3484.5467224121094, 19.8994140625, 35.98822021484375]",0.5649483799934387,1
5293,230618_4-2-1.tif,"[3728.1572265625, 5078.732421875, 22.256927490234375, 25.22998046875]",0.5648007988929749,1
5294,230618_4-2-1.tif,"[8415.035949707031, 5803.881271362305, 32.276611328125, 51.4354248046875]",0.5646427869796753,1
5295,230618_4-2-1.tif,"[1092.03173828125, 4277.904571533203, 31.19580078125, 39.909027099609375]",0.5646154880523682,1
5296,230618_4-2-1.tif,"[6366.635116577148, 39.90184020996094, 18.664154052734375, 41.6923828125]",0.5643116235733032,1
5297,230618_4-2-1.tif,"[7392.629913330078, 3097.0135498046875, 48.476287841796875, 25.807861328125]",0.5640937089920044,1
5298,230618_4-2-1.tif,"[2113.785888671875, 7946.701354980469, 25.342529296875, 32.57598876953125]",0.5638648867607117,1
5299,230618_4-2-1.tif,"[4825.200469970703, 2136.1305084228516, 21.379638671875, 44.39323425292969]",0.5634819865226746,1
5300,230618_4-2-1.tif,"[3603.3900299072266, 4697.865539550781, 14.99578857421875, 28.86181640625]",0.5634228587150574,1
5301,230618_4-2-1.tif,"[5195.496826171875, 5750.567565917969, 23.94873046875, 19.8016357421875]",0.5632357001304626,1
5302,230618_4-2-1.tif,"[4390.008941650391, 5496.145935058594, 22.39276123046875, 37.35150146484375]",0.5629802942276001,1
5303,230618_4-2-1.tif,"[1279.2301635742188, 3145.0137786865234, 24.6241455078125, 59.5682373046875]",0.5628823041915894,1
5304,230618_4-2-1.tif,"[170.85748291015625, 5383.20361328125, 27.23876953125, 26.8380126953125]",0.5622264742851257,1
5305,230618_4-2-1.tif,"[5425.483703613281, 2092.087490081787, 24.3507080078125, 47.79880142211914]",0.5618206858634949,1
5306,230618_4-2-1.tif,"[5616.885559082031, 3951.6017456054688, 34.68997573852539, 17.4801025390625]",0.5616552233695984,1
5307,230618_4-2-1.tif,"[8975.334045410156, 324.5655517578125, 46.3310546875, 31.0565185546875]",0.5613932609558105,1
5308,230618_4-2-1.tif,"[1413.7810668945312, 1935.9617309570312, 21.0118408203125, 44.882568359375]",0.5612521171569824,1
5309,230618_4-2-1.tif,"[8370.252502441406, 639.7709350585938, 25.8692626953125, 39.851806640625]",0.561021089553833,1
5310,230618_4-2-1.tif,"[6126.690979003906, 6909.021270751953, 18.09136962890625, 37.28204345703125]",0.5609062910079956,1
5311,230618_4-2-1.tif,"[5345.9210205078125, 2763.5765228271484, 37.5916748046875, 18.872528076171875]",0.5607876181602478,1
5312,230618_4-2-1.tif,"[8041.2078857421875, 5412.305114746094, 37.98736572265625, 26.1971435546875]",0.560685396194458,1
5313,230618_4-2-1.tif,"[9283.835166931152, 149.36325073242188, 41.253517150878906, 19.0965576171875]",0.5603233575820923,1
5314,230618_4-2-1.tif,"[1224.2690124511719, 2570.4049911499023, 33.154693603515625, 39.675453186035156]",0.5602524280548096,1
5315,230618_4-2-1.tif,"[207.21322631835938, 1121.0233154296875, 32.7666015625, 41.2369384765625]",0.5602138638496399,1
5316,230618_4-2-1.tif,"[6324.172454833984, 9248.59033203125, 19.05743408203125, 42.6636962890625]",0.5600433945655823,1
5317,230618_4-2-1.tif,"[1425.7880859375, 2317.8204956054688, 19.489013671875, 19.41546630859375]",0.5599277019500732,1
5318,230618_4-2-1.tif,"[6925.542785644531, 8558.112701416016, 20.139404296875, 40.8583984375]",0.5582934617996216,1
5319,230618_4-2-1.tif,"[4810.646636962891, 5736.200866699219, 21.640625, 41.18995666503906]",0.558085024356842,1
5320,230618_4-2-1.tif,"[3412.4330444335938, 856.0251159667969, 33.64306640625, 21.52508544921875]",0.5578791499137878,1
5321,230618_4-2-1.tif,"[6026.6578369140625, 5910.598480224609, 30.620849609375, 45.55926513671875]",0.5568310022354126,1
5322,230618_4-2-1.tif,"[3065.1122131347656, 4208.616500854492, 24.683963775634766, 27.44158935546875]",0.5560281276702881,1
5323,230618_4-2-1.tif,"[4105.315804481506, 6487.352508544922, 25.414786338806152, 31.40045166015625]",0.5558624863624573,1
5324,230618_4-2-1.tif,"[5301.63298034668, 7034.0040283203125, 20.297882080078125, 43.5323486328125]",0.5557997822761536,1
5325,230618_4-2-1.tif,"[3116.888671875, 3553.5966796875, 43.520263671875, 33.903564453125]",0.5554630160331726,1
5326,230618_4-2-1.tif,"[257.17352294921875, 2788.349365234375, 15.9599609375, 40.356689453125]",0.5551885962486267,1
5327,230618_4-2-1.tif,"[5595.746337890625, 0.0, 20.3338623046875, 23.621583938598633]",0.5543965697288513,1
5328,230618_4-2-1.tif,"[6168.3695068359375, 986.9723510742188, 25.239501953125, 53.06341552734375]",0.554134726524353,1
5329,230618_4-2-1.tif,"[4917.525573730469, 763.8351745605469, 18.7222900390625, 41.95098876953125]",0.5538027286529541,1
5330,230618_4-2-1.tif,"[6639.666687011719, 3442.7137451171875, 22.7174072265625, 45.3349609375]",0.5537796020507812,1
5331,230618_4-2-1.tif,"[9341.389053344727, 37.10273361206055, 41.78691291809082, 23.852378845214844]",0.5534048676490784,1
5332,230618_4-2-1.tif,"[1391.2879028320312, 8969.0146484375, 18.0970458984375, 34.9305419921875]",0.5526138544082642,1
5333,230618_4-2-1.tif,"[2355.2985229492188, 3078.1064453125, 40.8687744140625, 26.914794921875]",0.5525545477867126,1
5334,230618_4-2-1.tif,"[262.1409912109375, 5134.541520118713, 46.0001220703125, 28.22788906097412]",0.5520768165588379,1
5335,230618_4-2-1.tif,"[1254.9674377441406, 3302.0572814941406, 20.553253173828125, 43.54730224609375]",0.5519718527793884,1
5336,230618_4-2-1.tif,"[7771.223968505859, 6636.787536621094, 35.63983154296875, 22.59619140625]",0.5518296360969543,1
5337,230618_4-2-1.tif,"[4686.151702880859, 7310.296051025391, 33.72047424316406, 19.675750732421875]",0.5510765910148621,1
5338,230618_4-2-1.tif,"[6209.897125244141, 4374.654724121094, 39.665374755859375, 32.625457763671875]",0.5507798790931702,1
5339,230618_4-2-1.tif,"[8838.99575805664, 618.2651672363281, 23.36456298828125, 52.042388916015625]",0.5500345826148987,1
5340,230618_4-2-1.tif,"[6894.034774780273, 3097.8060302734375, 42.05372619628906, 36.207763671875]",0.5497378706932068,1
5341,230618_4-2-1.tif,"[5196.125427246094, 622.7707977294922, 51.50701904296875, 36.076324462890625]",0.5492760539054871,1
5342,230618_4-2-1.tif,"[6938.255401611328, 7923.556900024414, 18.0660400390625, 40.94383239746094]",0.5490103363990784,1
5343,230618_4-2-1.tif,"[1047.8278369903564, 4459.468292236328, 21.040205001831055, 43.322296142578125]",0.5487537980079651,1
5344,230618_4-2-1.tif,"[4093.4063415527344, 7603.824890136719, 20.75090789794922, 45.83868408203125]",0.5486870408058167,1
5345,230618_4-2-1.tif,"[5400.0294189453125, 5590.684631347656, 21.982666015625, 29.08465576171875]",0.5486582517623901,1
5346,230618_4-2-1.tif,"[6505.698425292969, 7517.101745605469, 19.2298583984375, 31.15960693359375]",0.5485493540763855,1
5347,230618_4-2-1.tif,"[1641.8307647705078, 95.6708984375, 22.494583129882812, 48.01898193359375]",0.5485235452651978,1
5348,230618_4-2-1.tif,"[3640.519432067871, 490.53607177734375, 22.58696746826172, 42.32080078125]",0.5483585596084595,1
5349,230618_4-2-1.tif,"[4504.245178222656, 2534.2282104492188, 39.08837890625, 28.33447265625]",0.5482868552207947,1
5350,230618_4-2-1.tif,"[2933.6939697265625, 2293.0975952148438, 30.55120849609375, 20.6168212890625]",0.5475327968597412,1
5351,230618_4-2-1.tif,"[771.3036804199219, 5755.741912841797, 23.95111083984375, 26.804443359375]",0.5463530421257019,1
5352,230618_4-2-1.tif,"[139.10006713867188, 209.59414672851562, 21.461944580078125, 51.6903076171875]",0.5463385581970215,1
5353,230618_4-2-1.tif,"[3568.8302612304688, 5361.572448730469, 43.8177490234375, 34.7723388671875]",0.5460973381996155,1
5354,230618_4-2-1.tif,"[6052.295227050781, 9352.67056274414, 36.9239501953125, 44.151275634765625]",0.546083390712738,1
5355,230618_4-2-1.tif,"[3161.8248291015625, 3274.6085205078125, 25.66357421875, 26.3211669921875]",0.5458492040634155,1
5356,230618_4-2-1.tif,"[5188.4658203125, 6944.821838378906, 35.12548828125, 43.0693359375]",0.545609176158905,1
5357,230618_4-2-1.tif,"[7475.8026123046875, 5491.487884521484, 35.55126953125, 18.39935302734375]",0.5454006195068359,1
5358,230618_4-2-1.tif,"[1813.5573120117188, 6506.09716796875, 24.2850341796875, 40.631591796875]",0.5451065897941589,1
5359,230618_4-2-1.tif,"[6474.027893066406, 8248.6337890625, 24.612548828125, 45.2332763671875]",0.5448432564735413,1
5360,230618_4-2-1.tif,"[3705.5833435058594, 7121.013000488281, 22.642669677734375, 22.9940185546875]",0.5445126295089722,1
5361,230618_4-2-1.tif,"[29.079801559448242, 5408.432312011719, 32.32449531555176, 20.4022216796875]",0.5442233085632324,1
5362,230618_4-2-1.tif,"[1860.0234069824219, 2173.182342529297, 46.52325439453125, 31.679962158203125]",0.5440189242362976,1
5363,230618_4-2-1.tif,"[6607.985076904297, 1353.9805603027344, 18.14825439453125, 36.9874267578125]",0.5437591671943665,1
5364,230618_4-2-1.tif,"[5493.394073486328, 6628.151092529297, 33.12103271484375, 26.57012939453125]",0.5436086654663086,1
5365,230618_4-2-1.tif,"[1860.7845153808594, 7848.253082275391, 22.80963134765625, 36.0225830078125]",0.5433950424194336,1
5366,230618_4-2-1.tif,"[3772.5516052246094, 4699.0771484375, 15.73663330078125, 28.1387939453125]",0.5432549118995667,1
5367,230618_4-2-1.tif,"[60.776912689208984, 2061.0892333984375, 42.845523834228516, 47.26729965209961]",0.5432189702987671,1
5368,230618_4-2-1.tif,"[515.0930652618408, 4797.7471923828125, 16.86695671081543, 36.79327392578125]",0.5432049632072449,1
5369,230618_4-2-1.tif,"[2920.678466796875, 4865.367248535156, 28.3524169921875, 27.6715087890625]",0.5424660444259644,1
5370,230618_4-2-1.tif,"[3356.997100830078, 1702.929931640625, 17.61224365234375, 17.201171875]",0.5422517657279968,1
5371,230618_4-2-1.tif,"[2546.2261962890625, 4962.868225097656, 22.120845794677734, 32.215576171875]",0.5421503782272339,1
5372,230618_4-2-1.tif,"[7790.802047729492, 2672.4337158203125, 38.77684020996094, 30.6585693359375]",0.5421001315116882,1
5373,230618_4-2-1.tif,"[6512.455383300781, 1489.9012451171875, 21.5054931640625, 44.3350830078125]",0.541738748550415,1
5374,230618_4-2-1.tif,"[6616.6331787109375, 2189.1039428710938, 17.65234375, 35.026336669921875]",0.5415113568305969,1
5375,230618_4-2-1.tif,"[5486.058166503906, 7330.295806884766, 27.0316162109375, 49.314453125]",0.5414154529571533,1
5376,230618_4-2-1.tif,"[9350.366333007812, 333.158935546875, 29.246023178100586, 43.031494140625]",0.5407909750938416,1
5377,230618_4-2-1.tif,"[4366.5576171875, 890.3021850585938, 45.725830078125, 22.0421142578125]",0.5406528115272522,1
5378,230618_4-2-1.tif,"[3326.4365234375, 6094.559875488281, 16.5615234375, 20.847412109375]",0.5405880212783813,1
5379,230618_4-2-1.tif,"[5807.6712646484375, 4520.184234619141, 32.72442626953125, 41.1141357421875]",0.5395542979240417,1
5380,230618_4-2-1.tif,"[2426.321044921875, 6535.0440673828125, 25.7130126953125, 44.91455078125]",0.5395265221595764,1
5381,230618_4-2-1.tif,"[1808.9830932617188, 3483.7799682617188, 21.78515625, 44.865234375]",0.5394114255905151,1
5382,230618_4-2-1.tif,"[6775.821746826172, 9497.460632324219, 22.313629150390625, 39.30999755859375]",0.5392993092536926,1
5383,230618_4-2-1.tif,"[258.0228271484375, 1498.54345703125, 29.2548828125, 34.62353515625]",0.5392571687698364,1
5384,230618_4-2-1.tif,"[4709.203178405762, 674.7962646484375, 25.02173614501953, 33.9794921875]",0.5391295552253723,1
5385,230618_4-2-1.tif,"[4480.4354248046875, 1006.490966796875, 28.85546875, 40.72814178466797]",0.5391197204589844,1
5386,230618_4-2-1.tif,"[6771.739944458008, 360.78076171875, 26.956268310546875, 47.83380126953125]",0.5389852523803711,1
5387,230618_4-2-1.tif,"[4714.850280761719, 2502.3162841796875, 32.8695068359375, 31.618896484375]",0.5389266014099121,1
5388,230618_4-2-1.tif,"[7339.072723388672, 3204.0864868164062, 48.477081298828125, 32.80072021484375]",0.5381538271903992,1
5389,230618_4-2-1.tif,"[726.4334716796875, 4759.017639160156, 37.185546875, 36.40283203125]",0.5380866527557373,1
5390,230618_4-2-1.tif,"[6304.596420288086, 3728.3883361816406, 19.485015869140625, 37.851806640625]",0.5371184349060059,1
5391,230618_4-2-1.tif,"[1778.4284210205078, 2329.6083984375, 44.74253845214844, 25.294677734375]",0.5366345643997192,1
5392,230618_4-2-1.tif,"[1833.5432739257812, 1149.4950866699219, 18.1624755859375, 42.987457275390625]",0.5364822149276733,1
5393,230618_4-2-1.tif,"[80.34425354003906, 1148.2594909667969, 18.579299926757812, 30.76324462890625]",0.5364011526107788,1
5394,230618_4-2-1.tif,"[6854.303283691406, 1048.0695190429688, 24.2257080078125, 42.534751892089844]",0.5358822345733643,1
5395,230618_4-2-1.tif,"[8653.317962646484, 116.63351440429688, 24.30535888671875, 38.24273681640625]",0.5358214378356934,1
5396,230618_4-2-1.tif,"[2492.1202392578125, 4672.001953125, 37.0604248046875, 18.7041015625]",0.5357683300971985,1
5397,230618_4-2-1.tif,"[6974.065002441406, 4250.035003662109, 50.77227783203125, 34.5216064453125]",0.5355441570281982,1
5398,230618_4-2-1.tif,"[6275.459197998047, 5173.184814453125, 35.99920654296875, 26.2430419921875]",0.5354980230331421,1
5399,230618_4-2-1.tif,"[2048.22566986084, 3233.2608947753906, 22.279861450195312, 17.61968994140625]",0.5354949831962585,1
5400,230618_4-2-1.tif,"[5096.544616699219, 2738.5924072265625, 18.88580322265625, 41.46990966796875]",0.535302460193634,1
5401,230618_4-2-1.tif,"[202.2071533203125, 7012.355407714844, 24.87493896484375, 28.69952392578125]",0.5350021123886108,1
5402,230618_4-2-1.tif,"[2570.1097412109375, 2282.7337646484375, 22.4580078125, 45.95599365234375]",0.5348286628723145,1
5403,230618_4-2-1.tif,"[1595.974365234375, 7620.3548583984375, 19.53271484375, 45.423248291015625]",0.5345884561538696,1
5404,230618_4-2-1.tif,"[5167.7010498046875, 2315.8533325195312, 22.16015625, 43.60888671875]",0.5344718098640442,1
5405,230618_4-2-1.tif,"[1633.7216796875, 2461.55712890625, 21.43438720703125, 45.49169921875]",0.5343142747879028,1
5406,230618_4-2-1.tif,"[6366.612640380859, 6778.122352600098, 45.8946533203125, 31.11699676513672]",0.5342722535133362,1
5407,230618_4-2-1.tif,"[2378.3765869140625, 1176.6881713867188, 19.33203125, 32.07080078125]",0.5332370400428772,1
5408,230618_4-2-1.tif,"[1968.8664855957031, 4299.3001708984375, 44.54364013671875, 27.96295166015625]",0.5332044959068298,1
5409,230618_4-2-1.tif,"[6681.0555419921875, 7225.111190795898, 32.9560546875, 42.3370361328125]",0.5330483913421631,1
5410,230618_4-2-1.tif,"[5309.439788818359, 2151.582061767578, 35.508453369140625, 38.712677001953125]",0.5326963663101196,1
5411,230618_4-2-1.tif,"[669.1652526855469, 6439.902282714844, 27.27691650390625, 14.0218505859375]",0.5325921177864075,1
5412,230618_4-2-1.tif,"[4605.9119873046875, 3441.4169006347656, 20.295732498168945, 21.12188720703125]",0.5313566327095032,1
5413,230618_4-2-1.tif,"[1883.757080078125, 510.5927734375, 19.30389404296875, 43.073577880859375]",0.5305935144424438,1
5414,230618_4-2-1.tif,"[6164.3238525390625, 6774.331695556641, 25.488525390625, 37.02166748046875]",0.5300919413566589,1
5415,230618_4-2-1.tif,"[4398.154205322266, 6646.772735595703, 37.92767333984375, 23.2144718170166]",0.5298029780387878,1
5416,230618_4-2-1.tif,"[7985.047424316406, 3804.068389892578, 32.75225830078125, 27.87396240234375]",0.5284542441368103,1
5417,230618_4-2-1.tif,"[2261.3233337402344, 1259.226318359375, 16.05401611328125, 35.60504150390625]",0.5283826589584351,1
5418,230618_4-2-1.tif,"[160.64764404296875, 2785.446563720703, 28.809051513671875, 43.67333984375]",0.5283151268959045,1
5419,230618_4-2-1.tif,"[1301.208251953125, 4053.732421875, 36.4727783203125, 17.1632080078125]",0.5280889868736267,1
5420,230618_4-2-1.tif,"[4869.043212890625, 4114.916564941406, 36.32080078125, 23.5843505859375]",0.5273949503898621,1
5421,230618_4-2-1.tif,"[6321.79296875, 3274.563690185547, 25.123046875, 38.43121337890625]",0.5271998047828674,1
5422,230618_4-2-1.tif,"[5022.0341796875, 8389.694412231445, 15.23681640625, 24.953643798828125]",0.5269216895103455,1
5423,230618_4-2-1.tif,"[4302.07275390625, 969.1796875, 22.0040283203125, 40.7342529296875]",0.5268080234527588,1
5424,230618_4-2-1.tif,"[4744.299011230469, 6690.914352416992, 20.3682861328125, 43.36262512207031]",0.5264100432395935,1
5425,230618_4-2-1.tif,"[3593.6177978515625, 2972.50537109375, 14.384025573730469, 24.9801025390625]",0.52613365650177,1
5426,230618_4-2-1.tif,"[547.8171463012695, 9043.09683227539, 30.209228515625, 26.94891357421875]",0.5256881713867188,1
5427,230618_4-2-1.tif,"[1040.47216796875, 2060.166358947754, 21.656635284423828, 45.688499450683594]",0.5253170728683472,1
5428,230618_4-2-1.tif,"[3765.563186645508, 4739.684783935547, 20.83148193359375, 40.36328125]",0.5251009464263916,1
5429,230618_4-2-1.tif,"[4338.802001953125, 5694.808979034424, 39.72601318359375, 17.391353607177734]",0.5248675346374512,1
5430,230618_4-2-1.tif,"[5417.720642089844, 2492.15673828125, 36.1031494140625, 46.119384765625]",0.5240240693092346,1
5431,230618_4-2-1.tif,"[7234.998779296875, 99.90951538085938, 30.3533935546875, 47.46571350097656]",0.5240014791488647,1
5432,230618_4-2-1.tif,"[1065.1950302124023, 4261.534255981445, 21.034706115722656, 54.164459228515625]",0.5235193371772766,1
5433,230618_4-2-1.tif,"[378.98712158203125, 2227.267822265625, 45.29583740234375, 23.1201171875]",0.5225502848625183,1
5434,230618_4-2-1.tif,"[6014.1414794921875, 6719.761169433594, 17.33306884765625, 36.6273193359375]",0.5221866965293884,1
5435,230618_4-2-1.tif,"[6407.743835449219, 8039.130676269531, 31.99542236328125, 30.032958984375]",0.5219420790672302,1
5436,230618_4-2-1.tif,"[3986.8209838867188, 5632.0, 26.7548828125, 13.799141883850098]",0.5218852162361145,1
5437,230618_4-2-1.tif,"[3720.817367553711, 3106.276321411133, 39.886962890625, 27.127487182617188]",0.5218113660812378,1
5438,230618_4-2-1.tif,"[4532.265869140625, 32.02776336669922, 20.663330078125, 42.694244384765625]",0.5213028788566589,1
5439,230618_4-2-1.tif,"[4399.1002197265625, 730.3166656494141, 17.3206787109375, 35.334564208984375]",0.5212514996528625,1
5440,230618_4-2-1.tif,"[2743.3490600585938, 2028.2047119140625, 34.16888427734375, 34.7384033203125]",0.5211689472198486,1
5441,230618_4-2-1.tif,"[1186.8499450683594, 2688.0223999023438, 27.84033203125, 37.181793212890625]",0.520984947681427,1
5442,230618_4-2-1.tif,"[4186.472206115723, 3312.754104614258, 15.944297790527344, 34.53794860839844]",0.5208314657211304,1
5443,230618_4-2-1.tif,"[3880.63818359375, 4518.227722167969, 20.86962890625, 24.055908203125]",0.5198716521263123,1
5444,230618_4-2-1.tif,"[2518.4760131835938, 9577.441284179688, 23.2227783203125, 30.0577392578125]",0.5196713209152222,1
5445,230618_4-2-1.tif,"[4960.6650390625, 6321.002105712891, 24.6177978515625, 25.97711181640625]",0.5195590257644653,1
5446,230618_4-2-1.tif,"[6314.781875610352, 3022.4307556152344, 37.459869384765625, 39.8660888671875]",0.5194695591926575,1
5447,230618_4-2-1.tif,"[5266.5059814453125, 3803.967559814453, 21.86358642578125, 19.39849853515625]",0.5192504525184631,1
5448,230618_4-2-1.tif,"[6174.417989730835, 2729.6590576171875, 19.917619705200195, 42.982666015625]",0.5191549062728882,1
5449,230618_4-2-1.tif,"[611.8009796142578, 6059.620452880859, 43.256927490234375, 21.62896728515625]",0.5187298655509949,1
5450,230618_4-2-1.tif,"[5040.549133300781, 6133.237487792969, 30.081298828125, 53.2894287109375]",0.5181942582130432,1
5451,230618_4-2-1.tif,"[1961.0821838378906, 7105.8682861328125, 30.74749755859375, 36.319580078125]",0.5181416869163513,1
5452,230618_4-2-1.tif,"[2777.7440643310547, 2061.649658203125, 22.087509155273438, 25.598403930664062]",0.5180132985115051,1
5453,230618_4-2-1.tif,"[2468.580810546875, 1261.9622802734375, 42.58612060546875, 21.585357666015625]",0.5175135135650635,1
5454,230618_4-2-1.tif,"[51.10380554199219, 2844.7427978515625, 41.385101318359375, 36.16796875]",0.5172168016433716,1
5455,230618_4-2-1.tif,"[1418.6697998046875, 7130.3731689453125, 35.515380859375, 21.96942138671875]",0.5170755982398987,1
5456,230618_4-2-1.tif,"[974.3753967285156, 2993.907745361328, 31.904296875, 32.31048583984375]",0.5168665051460266,1
5457,230618_4-2-1.tif,"[7194.011535644531, 3052.8822021484375, 39.4708251953125, 36.92523193359375]",0.5167669057846069,1
5458,230618_4-2-1.tif,"[3337.8450317382812, 5407.482574462891, 24.0709228515625, 48.805419921875]",0.5167117714881897,1
5459,230618_4-2-1.tif,"[1140.6678466796875, 8972.35009765625, 31.052597045898438, 24.62896728515625]",0.5165221095085144,1
5460,230618_4-2-1.tif,"[6081.865814208984, 6272.290618896484, 28.32818603515625, 20.908203125]",0.5164437294006348,1
5461,230618_4-2-1.tif,"[126.9298095703125, 9032.200408935547, 26.9188232421875, 19.37603759765625]",0.5161093473434448,1
5462,230618_4-2-1.tif,"[6190.5021896362305, 7298.947021484375, 34.47827911376953, 30.424423217773438]",0.5159578323364258,1
5463,230618_4-2-1.tif,"[2387.28173828125, 6512.059295654297, 23.15576171875, 39.81439208984375]",0.5156958699226379,1
5464,230618_4-2-1.tif,"[5746.648742675781, 9847.336822509766, 13.17529296875, 17.5919189453125]",0.5147778391838074,1
5465,230618_4-2-1.tif,"[6064.500335693359, 5989.1473388671875, 39.482421875, 27.687744140625]",0.5147200226783752,1
5466,230618_4-2-1.tif,"[7274.981964111328, 4001.981903076172, 25.545303344726562, 41.57525634765625]",0.514484167098999,1
5467,230618_4-2-1.tif,"[5000.5814208984375, 4896.719787597656, 24.1768798828125, 30.3800048828125]",0.5142945647239685,1
5468,230618_4-2-1.tif,"[4273.009429931641, 2012.7673950195312, 37.7598876953125, 28.44647216796875]",0.5136815905570984,1
5469,230618_4-2-1.tif,"[7528.992736816406, 6345.373382568359, 34.0616455078125, 36.031768798828125]",0.5136047601699829,1
5470,230618_4-2-1.tif,"[7618.48974609375, 1008.282470703125, 43.9393310546875, 24.854248046875]",0.5134838223457336,1
5471,230618_4-2-1.tif,"[980.546875, 5728.073272705078, 27.02978515625, 48.36907958984375]",0.5130004286766052,1
5472,230618_4-2-1.tif,"[1654.9295196533203, 6653.6258544921875, 35.0972900390625, 42.01174545288086]",0.5129482746124268,1
5473,230618_4-2-1.tif,"[0.0, 589.4175415039062, 12.76772689819336, 51.232177734375]",0.512829601764679,1
5474,230618_4-2-1.tif,"[5993.1458740234375, 6852.196365356445, 23.157958984375, 46.46502685546875]",0.5127631425857544,1
5475,230618_4-2-1.tif,"[6489.314025878906, 7225.678955078125, 30.1964111328125, 33.957763671875]",0.5123707056045532,1
5476,230618_4-2-1.tif,"[1508.0086669921875, 4281.511489868164, 32.790283203125, 33.44610595703125]",0.5121309757232666,1
5477,230618_4-2-1.tif,"[2980.141571044922, 3676.935546875, 22.91912841796875, 45.330718994140625]",0.5117911100387573,1
5478,230618_4-2-1.tif,"[4365.693908691406, 8389.968460083008, 15.3619384765625, 20.751617431640625]",0.5112977027893066,1
5479,230618_4-2-1.tif,"[2699.0730590820312, 2202.6429443359375, 23.17962646484375, 32.59521484375]",0.5100244283676147,1
5480,230618_4-2-1.tif,"[5627.702392578125, 1097.1331787109375, 21.37551498413086, 42.8282470703125]",0.509734570980072,1
5481,230618_4-2-1.tif,"[2803.9115600585938, 5946.516845703125, 33.3695068359375, 15.9710693359375]",0.5091924071311951,1
5482,230618_4-2-1.tif,"[2173.779655456543, 6508.7305908203125, 24.35120391845703, 41.12530517578125]",0.5091128945350647,1
5483,230618_4-2-1.tif,"[5215.335266113281, 6608.3387451171875, 19.016357421875, 42.67425537109375]",0.509059727191925,1
5484,230618_4-2-1.tif,"[6114.982360839844, 5794.519317626953, 33.228271484375, 31.81304931640625]",0.508449137210846,1
5485,230618_4-2-1.tif,"[3280.3600006103516, 5417.3359375, 41.596466064453125, 37.0233154296875]",0.5084049701690674,1
5486,230618_4-2-1.tif,"[6448.564514160156, 8556.32406616211, 41.0860595703125, 25.08428955078125]",0.5083887577056885,1
5487,230618_4-2-1.tif,"[6581.5245361328125, 2943.5196838378906, 27.5626220703125, 49.6048583984375]",0.5072745680809021,1
5488,230618_4-2-1.tif,"[2643.8800354003906, 6089.075012207031, 21.244842529296875, 32.923583984375]",0.5070701837539673,1
5489,230618_4-2-1.tif,"[6872.5137939453125, 2802.9170989990234, 20.202301025390625, 39.69129943847656]",0.506927490234375,1
5490,230618_4-2-1.tif,"[5914.36083984375, 3976.4593811035156, 53.52923583984375, 26.703125]",0.5067992806434631,1
5491,230618_4-2-1.tif,"[5512.087554931641, 7365.755767822266, 35.8270263671875, 23.31988525390625]",0.5064514875411987,1
5492,230618_4-2-1.tif,"[6640.088775634766, 9191.161346435547, 40.04599380493164, 20.67266845703125]",0.5063172578811646,1
5493,230618_4-2-1.tif,"[1684.1531066894531, 1301.9238891601562, 42.6243896484375, 38.09228515625]",0.5058188438415527,1
5494,230618_4-2-1.tif,"[5771.2230224609375, 9281.20059967041, 36.291534423828125, 35.24583435058594]",0.5055859088897705,1
5495,230618_4-2-1.tif,"[1327.9556884765625, 186.88836669921875, 40.6422119140625, 42.420623779296875]",0.504864513874054,1
5496,230618_4-2-1.tif,"[1836.0656127929688, 8589.423767089844, 21.421142578125, 27.15948486328125]",0.504302978515625,1
5497,230618_4-2-1.tif,"[1704.9082336425781, 7697.635498046875, 21.766448974609375, 46.598388671875]",0.5033621191978455,1
5498,230618_4-2-1.tif,"[534.3205718994141, 3319.8661499023438, 19.66851043701172, 33.3089599609375]",0.5032724738121033,1
5499,230618_4-2-1.tif,"[9294.674926757812, 70.84162902832031, 48.96844482421875, 30.47467041015625]",0.5030578970909119,1
5500,230618_4-2-1.tif,"[1665.6415710449219, 6491.030029296875, 39.596160888671875, 27.0552978515625]",0.5030338168144226,1
5501,230618_4-2-1.tif,"[2412.5951538085938, 5163.202392578125, 20.2066650390625, 37.737548828125]",0.5030244588851929,1
5502,230618_4-2-1.tif,"[0.27696990966796875, 2417.8425903320312, 11.82664680480957, 28.077880859375]",0.502596378326416,1
5503,230618_4-2-1.tif,"[4371.8624267578125, 2795.686981201172, 45.0130615234375, 32.400970458984375]",0.5022101402282715,1
5504,230618_4-2-1.tif,"[83.14323425292969, 4936.786651611328, 31.024246215820312, 24.59002685546875]",0.5012705326080322,1
5505,230618_4-2-1.tif,"[1774.540771484375, 1299.718017578125, 36.0009765625, 45.58642578125]",0.5006918907165527,1
5506,230618_4-2-1.tif,"[6763.8843994140625, 1087.502944946289, 29.999038696289062, 38.07914733886719]",0.5001933574676514,1
5507,230618_4-2-1.tif,"[296.7534484863281, 6724.2227783203125, 42.9078369140625, 25.071044921875]",0.4999692440032959,1
5508,230618_4-2-1.tif,"[1980.3566284179688, 5241.838577270508, 15.0833740234375, 29.330291748046875]",0.4996972680091858,1
5509,230618_4-2-1.tif,"[6010.53857421875, 6068.83349609375, 19.2392578125, 34.27044677734375]",0.4996834695339203,1
5510,230618_4-2-1.tif,"[2190.9308471679688, 8636.42514038086, 19.9974365234375, 20.2274169921875]",0.4994513988494873,1
5511,230618_4-2-1.tif,"[7002.965087890625, 9929.078002929688, 20.4019775390625, 46.6846923828125]",0.49913501739501953,1
5512,230618_4-2-1.tif,"[1970.896484375, 2576.062168121338, 24.58538818359375, 27.90999984741211]",0.49903714656829834,1
5513,230618_4-2-1.tif,"[1837.6222534179688, 5696.766296386719, 39.53173828125, 33.4058837890625]",0.4984230697154999,1
5514,230618_4-2-1.tif,"[1093.5955505371094, 5347.657043457031, 40.626373291015625, 38.0328369140625]",0.49814143776893616,1
5515,230618_4-2-1.tif,"[3289.547821044922, 4942.954772949219, 26.8572998046875, 42.0224609375]",0.4980919063091278,1
5516,230618_4-2-1.tif,"[962.8660888671875, 5300.713623046875, 29.18701171875, 41.75555419921875]",0.49797263741493225,1
5517,230618_4-2-1.tif,"[1679.4025268554688, 4317.702087402344, 23.4132080078125, 36.47003173828125]",0.4978330135345459,1
5518,230618_4-2-1.tif,"[6274.9061279296875, 9240.602233886719, 29.918548583984375, 40.7906494140625]",0.4976789653301239,1
5519,230618_4-2-1.tif,"[3328.3392944335938, 4807.951644897461, 43.2884521484375, 23.032440185546875]",0.4972953200340271,1
5520,230618_4-2-1.tif,"[242.6459503173828, 257.9821472167969, 26.908309936523438, 32.18023681640625]",0.49705711007118225,1
5521,230618_4-2-1.tif,"[8953.843933105469, 120.8968276977539, 37.20849609375, 37.47753143310547]",0.49674203991889954,1
5522,230618_4-2-1.tif,"[1495.3170776367188, 7183.363708496094, 43.404052734375, 31.911376953125]",0.49632927775382996,1
5523,230618_4-2-1.tif,"[6995.329650878906, 0.0, 37.91796875, 18.76413345336914]",0.4955986738204956,1
5524,230618_4-2-1.tif,"[6094.15771484375, 7415.8089599609375, 33.24127197265625, 25.83856201171875]",0.4954110383987427,1
5525,230618_4-2-1.tif,"[290.32623291015625, 1301.1139526367188, 34.9017333984375, 47.25897216796875]",0.49487608671188354,1
5526,230618_4-2-1.tif,"[1930.8341979980469, 2111.658531188965, 29.9840087890625, 43.72639465332031]",0.4933953583240509,1
5527,230618_4-2-1.tif,"[6923.630798339844, 3939.877685546875, 32.4173583984375, 43.3270263671875]",0.49333491921424866,1
5528,230618_4-2-1.tif,"[635.2691116333008, 2975.420166015625, 42.46361541748047, 28.97607421875]",0.4928552806377411,1
5529,230618_4-2-1.tif,"[4679.44287109375, 5970.2501220703125, 38.54351806640625, 40.97442626953125]",0.49283960461616516,1
5530,230618_4-2-1.tif,"[6018.266052246094, 4902.31640625, 41.14105224609375, 19.46759033203125]",0.4924042224884033,1
5531,230618_4-2-1.tif,"[462.62261962890625, 2742.6382751464844, 30.5078125, 34.14599609375]",0.49148643016815186,1
5532,230618_4-2-1.tif,"[156.4212188720703, 5564.946960449219, 27.49334716796875, 27.112548828125]",0.4906998872756958,1
5533,230618_4-2-1.tif,"[5226.518157958984, 2668.816635131836, 22.309616088867188, 43.94830322265625]",0.49051040410995483,1
5534,230618_4-2-1.tif,"[6638.649871826172, 9502.25244140625, 37.907745361328125, 41.09625244140625]",0.49038419127464294,1
5535,230618_4-2-1.tif,"[5524.0474853515625, 1328.280029296875, 28.853271484375, 39.5902099609375]",0.48999589681625366,1
5536,230618_4-2-1.tif,"[6090.697540283203, 6701.466125488281, 19.00762939453125, 39.03271484375]",0.48961716890335083,1
5537,230618_4-2-1.tif,"[5195.677795410156, 1115.0906066894531, 38.99604797363281, 43.056640625]",0.48858603835105896,1
5538,230618_4-2-1.tif,"[2266.9888916015625, 9644.359069824219, 20.471221923828125, 36.65283203125]",0.4884341359138489,1
5539,230618_4-2-1.tif,"[4608.0, 4259.982147216797, 18.0804443359375, 44.29461669921875]",0.48799315094947815,1
5540,230618_4-2-1.tif,"[6052.8681640625, 6772.019195556641, 27.643310546875, 41.275360107421875]",0.4879109561443329,1
5541,230618_4-2-1.tif,"[913.1143188476562, 6378.008850097656, 19.1322021484375, 41.39166259765625]",0.4877186715602875,1
5542,230618_4-2-1.tif,"[867.5918884277344, 8537.652465820312, 33.32342529296875, 18.93017578125]",0.4874514043331146,1
5543,230618_4-2-1.tif,"[3063.33984375, 3583.4212951660156, 21.9193115234375, 42.76901626586914]",0.48692548274993896,1
5544,230618_4-2-1.tif,"[7148.006774902344, 264.90460205078125, 19.7999267578125, 42.31658935546875]",0.48692479729652405,1
5545,230618_4-2-1.tif,"[5928.642059326172, 8746.410034179688, 29.1490478515625, 53.18896484375]",0.4869140684604645,1
5546,230618_4-2-1.tif,"[474.2422180175781, 412.69329833984375, 18.8629150390625, 18.5238037109375]",0.4865019917488098,1
5547,230618_4-2-1.tif,"[958.5981750488281, 7706.061279296875, 36.13861083984375, 18.828125]",0.4864332675933838,1
5548,230618_4-2-1.tif,"[2258.087371826172, 3728.1565704345703, 14.33154296875, 33.943817138671875]",0.48626255989074707,1
5549,230618_4-2-1.tif,"[657.6636962890625, 1199.9630126953125, 18.41961669921875, 34.16888427734375]",0.486070454120636,1
5550,230618_4-2-1.tif,"[5691.10400390625, 9726.666198730469, 31.84112548828125, 19.58837890625]",0.48603981733322144,1
5551,230618_4-2-1.tif,"[5328.952941894531, 7938.055847167969, 36.326171875, 30.079345703125]",0.48571380972862244,1
5552,230618_4-2-1.tif,"[4193.937194824219, 4185.0479736328125, 20.500274658203125, 33.4501953125]",0.48512011766433716,1
5553,230618_4-2-1.tif,"[7215.799072265625, 267.75927734375, 37.831207275390625, 27.12725830078125]",0.4847830832004547,1
5554,230618_4-2-1.tif,"[5442.597106933594, 4250.473648071289, 33.867919921875, 45.210357666015625]",0.4844039976596832,1
5555,230618_4-2-1.tif,"[2233.604507446289, 7888.1708984375, 18.88287353515625, 16.59979248046875]",0.4842800498008728,1
5556,230618_4-2-1.tif,"[419.1109619140625, 3370.6566772460938, 41.998779296875, 22.78314208984375]",0.48286572098731995,1
5557,230618_4-2-1.tif,"[4218.196029663086, 988.4876098632812, 41.19354248046875, 36.86566162109375]",0.4827824532985687,1
5558,230618_4-2-1.tif,"[865.9617309570312, 645.0546569824219, 32.116455078125, 36.440399169921875]",0.4819088280200958,1
5559,230618_4-2-1.tif,"[1363.6497192382812, 7488.04541015625, 21.926025390625, 42.73651123046875]",0.4817492961883545,1
5560,230618_4-2-1.tif,"[6550.7198486328125, 8902.678161621094, 28.1346435546875, 25.111663818359375]",0.4810907542705536,1
5561,230618_4-2-1.tif,"[6270.061019897461, 3318.8117065429688, 18.60345458984375, 36.5816650390625]",0.4804191291332245,1
5562,230618_4-2-1.tif,"[6486.593475341797, 1600.5811767578125, 40.90704345703125, 38.7540283203125]",0.4793972969055176,1
5563,230618_4-2-1.tif,"[2663.9351959228516, 921.6651306152344, 37.99613952636719, 19.56927490234375]",0.4793489873409271,1
5564,230618_4-2-1.tif,"[1451.019775390625, 7171.095520019531, 25.5723876953125, 46.863525390625]",0.47914427518844604,1
5565,230618_4-2-1.tif,"[3203.545196533203, 2455.994903564453, 17.02960205078125, 35.28594970703125]",0.47910618782043457,1
5566,230618_4-2-1.tif,"[683.7098388671875, 2543.778045654297, 15.78070068359375, 36.480010986328125]",0.4783441126346588,1
5567,230618_4-2-1.tif,"[2481.5712280273438, 1486.2919311523438, 31.0255126953125, 34.90325927734375]",0.47805899381637573,1
5568,230618_4-2-1.tif,"[476.07855224609375, 5595.4364013671875, 12.955322265625, 17.72216796875]",0.47709137201309204,1
5569,230618_4-2-1.tif,"[3465.82421875, 5015.7021484375, 22.5869140625, 43.7447509765625]",0.47707921266555786,1
5570,230618_4-2-1.tif,"[4679.002090454102, 2906.8818359375, 18.7392578125, 36.8060302734375]",0.4767638146877289,1
5571,230618_4-2-1.tif,"[2260.1092834472656, 87.68048095703125, 23.43621826171875, 50.89515686035156]",0.4762858748435974,1
5572,230618_4-2-1.tif,"[6885.101745605469, 906.1345825195312, 27.763671875, 42.0504150390625]",0.47614553570747375,1
5573,230618_4-2-1.tif,"[7012.574127197266, 2639.9840087890625, 43.733551025390625, 25.240829467773438]",0.4759637713432312,1
5574,230618_4-2-1.tif,"[6358.743988037109, 2767.3093872070312, 20.485107421875, 47.81170654296875]",0.4757792055606842,1
5575,230618_4-2-1.tif,"[2321.327423095703, 3787.5693359375, 20.3807373046875, 44.5836181640625]",0.4756457209587097,1
5576,230618_4-2-1.tif,"[4217.674072265625, 1896.1257934570312, 24.238433837890625, 38.3780517578125]",0.4751707911491394,1
5577,230618_4-2-1.tif,"[4406.791687011719, 6235.6446533203125, 18.307861328125, 31.65875244140625]",0.47495362162590027,1
5578,230618_4-2-1.tif,"[6557.575744628906, 1167.2719268798828, 29.49151611328125, 39.323760986328125]",0.4747021496295929,1
5579,230618_4-2-1.tif,"[827.4053649902344, 6037.787048339844, 37.43511962890625, 29.8133544921875]",0.4744601845741272,1
5580,230618_4-2-1.tif,"[2783.7106018066406, 1646.8470764160156, 27.4632568359375, 33.346893310546875]",0.4743141829967499,1
5581,230618_4-2-1.tif,"[5249.053436279297, 6314.693161010742, 26.518844604492188, 64.93719482421875]",0.4743078052997589,1
5582,230618_4-2-1.tif,"[5298.272552490234, 3350.4921264648438, 42.03460693359375, 27.29931640625]",0.47430384159088135,1
5583,230618_4-2-1.tif,"[1941.6292114257812, 6062.060852050781, 16.75634765625, 30.634307861328125]",0.4739898443222046,1
5584,230618_4-2-1.tif,"[6203.3201904296875, 6534.4932861328125, 26.1474609375, 40.0816650390625]",0.47354263067245483,1
5585,230618_4-2-1.tif,"[1748.824462890625, 4323.9049072265625, 18.389404296875, 46.78289794921875]",0.47323334217071533,1
5586,230618_4-2-1.tif,"[3639.317455291748, 750.9270629882812, 37.42374038696289, 20.042327880859375]",0.4729974567890167,1
5587,230618_4-2-1.tif,"[5564.305603027344, 4926.8690185546875, 20.5050048828125, 42.9432373046875]",0.47288018465042114,1
5588,230618_4-2-1.tif,"[6345.740783691406, 3671.6053771972656, 45.28564453125, 30.245758056640625]",0.47284048795700073,1
5589,230618_4-2-1.tif,"[0.17091751098632812, 4778.660202026367, 29.72171401977539, 25.887908935546875]",0.47211965918540955,1
5590,230618_4-2-1.tif,"[1562.6070137023926, 4178.576721191406, 31.781402587890625, 24.6375732421875]",0.4720553755760193,1
5591,230618_4-2-1.tif,"[3977.2874755859375, 8826.42155456543, 23.5869140625, 32.45245361328125]",0.471011757850647,1
5592,230618_4-2-1.tif,"[6387.471923828125, 2606.6356201171875, 16.12615966796875, 25.2447509765625]",0.47048425674438477,1
5593,230618_4-2-1.tif,"[5894.676208496094, 9373.940826416016, 35.7939453125, 35.4982795715332]",0.47011104226112366,1
5594,230618_4-2-1.tif,"[605.3101043701172, 4149.3941650390625, 20.797012329101562, 46.700927734375]",0.46996670961380005,1
5595,230618_4-2-1.tif,"[3811.839141845703, 5402.779113769531, 23.40667724609375, 42.706298828125]",0.46800652146339417,1
5596,230618_4-2-1.tif,"[2602.62060546875, 2047.762451171875, 24.874908447265625, 38.8299560546875]",0.4674180746078491,1
5597,230618_4-2-1.tif,"[8130.034729003906, 7824.201171875, 35.50830078125, 35.69171142578125]",0.46697354316711426,1
5598,230618_4-2-1.tif,"[6149.837890625, 3022.42822265625, 19.1617431640625, 40.4671630859375]",0.46685996651649475,1
5599,230618_4-2-1.tif,"[1934.8311767578125, 6742.341247558594, 29.6412353515625, 21.31304931640625]",0.46556779742240906,1
5600,230618_4-2-1.tif,"[4103.159465789795, 9861.392517089844, 21.157428741455078, 48.12060546875]",0.4653743803501129,1
5601,230618_4-2-1.tif,"[5331.373199462891, 7352.964263916016, 24.07781982421875, 53.598388671875]",0.4652032256126404,1
5602,230618_4-2-1.tif,"[101.34121704101562, 9374.175872802734, 25.373687744140625, 18.053466796875]",0.46427032351493835,1
5603,230618_4-2-1.tif,"[6482.966217041016, 9718.621337890625, 22.320159912109375, 40.051513671875]",0.4639710783958435,1
5604,230618_4-2-1.tif,"[2043.3884582519531, 3644.5762939453125, 24.54547882080078, 27.141845703125]",0.4639313519001007,1
5605,230618_4-2-1.tif,"[12.298578262329102, 1991.679931640625, 39.93676567077637, 19.9873046875]",0.4636671543121338,1
5606,230618_4-2-1.tif,"[5101.599365234375, 8207.134643554688, 19.61492919921875, 45.747314453125]",0.46356257796287537,1
5607,230618_4-2-1.tif,"[1587.7461242675781, 1987.5393676757812, 45.792755126953125, 24.0115966796875]",0.46325501799583435,1
5608,230618_4-2-1.tif,"[4762.024261474609, 6085.1060791015625, 22.16815185546875, 35.3624267578125]",0.46274715662002563,1
5609,230618_4-2-1.tif,"[3214.0239868164062, 2964.351776123047, 24.78460693359375, 41.37811279296875]",0.46228739619255066,1
5610,230618_4-2-1.tif,"[72.90770721435547, 4034.4154663085938, 36.1304931640625, 20.505859375]",0.462150901556015,1
5611,230618_4-2-1.tif,"[1525.625732421875, 1912.7418518066406, 16.694120407104492, 41.155426025390625]",0.46143150329589844,1
5612,230618_4-2-1.tif,"[1170.9055786132812, 8616.761505126953, 21.14520263671875, 16.77874755859375]",0.46135401725769043,1
5613,230618_4-2-1.tif,"[7132.779602050781, 138.1610107421875, 24.5458984375, 46.390106201171875]",0.45977628231048584,1
5614,230618_4-2-1.tif,"[3074.143310546875, 6939.211456298828, 39.42529296875, 21.39923095703125]",0.45942458510398865,1
5615,230618_4-2-1.tif,"[6370.393859863281, 3749.3963317871094, 41.39813232421875, 30.65069580078125]",0.4592897593975067,1
5616,230618_4-2-1.tif,"[347.27294921875, 2904.7039794921875, 31.50250244140625, 35.0576171875]",0.45910999178886414,1
5617,230618_4-2-1.tif,"[5532.308074951172, 4640.4427490234375, 22.0244140625, 36.986083984375]",0.45876991748809814,1
5618,230618_4-2-1.tif,"[4128.74365234375, 7503.946136474609, 18.171585083007812, 25.597808837890625]",0.458332359790802,1
5619,230618_4-2-1.tif,"[665.8243408203125, 6279.373779296875, 37.08868408203125, 32.513824462890625]",0.45767301321029663,1
5620,230618_4-2-1.tif,"[496.9012451171875, 1879.9212646484375, 24.2083740234375, 41.1142578125]",0.45730215311050415,1
5621,230618_4-2-1.tif,"[2112.030517578125, 4289.313369750977, 41.567138671875, 35.33544921875]",0.45689037442207336,1
5622,230618_4-2-1.tif,"[5852.91650390625, 323.583984375, 20.51202392578125, 38.7752685546875]",0.45685523748397827,1
5623,230618_4-2-1.tif,"[4244.857971191406, 3287.141571044922, 33.28076171875, 21.83282470703125]",0.4565548896789551,1
5624,230618_4-2-1.tif,"[2653.1001586914062, 2322.31494140625, 44.12580871582031, 45.4093017578125]",0.45622995495796204,1
5625,230618_4-2-1.tif,"[2346.6543579101562, 6221.45133972168, 28.7635498046875, 32.784637451171875]",0.45587554574012756,1
5626,230618_4-2-1.tif,"[264.04547119140625, 9170.707214355469, 35.5455322265625, 22.2568359375]",0.4555789530277252,1
5627,230618_4-2-1.tif,"[5490.664123535156, 7778.320083618164, 24.4249267578125, 47.03224182128906]",0.45508554577827454,1
5628,230618_4-2-1.tif,"[5408.5040283203125, 9820.459228515625, 16.586181640625, 34.6214599609375]",0.4550841450691223,1
5629,230618_4-2-1.tif,"[5817.891693115234, 8625.8564453125, 20.938201904296875, 33.996337890625]",0.4550482928752899,1
5630,230618_4-2-1.tif,"[5440.696960449219, 4507.645324707031, 24.817626953125, 30.501708984375]",0.45498526096343994,1
5631,230618_4-2-1.tif,"[348.2156677246094, 3871.5343017578125, 48.1031494140625, 25.7266845703125]",0.4539468288421631,1
5632,230618_4-2-1.tif,"[4559.0426025390625, 3680.2607421875, 24.6708984375, 45.03257751464844]",0.45378634333610535,1
5633,230618_4-2-1.tif,"[6198.9234619140625, 5309.672897338867, 17.79638671875, 37.67979431152344]",0.4536251127719879,1
5634,230618_4-2-1.tif,"[314.37042236328125, 5430.8221435546875, 18.9154052734375, 44.8154296875]",0.4534611105918884,1
5635,230618_4-2-1.tif,"[5973.5545654296875, 1359.7153930664062, 22.7852783203125, 47.2510986328125]",0.4531942903995514,1
5636,230618_4-2-1.tif,"[4270.444061279297, 2747.2473754882812, 16.4884033203125, 33.449951171875]",0.45319294929504395,1
5637,230618_4-2-1.tif,"[4973.3387451171875, 6528.302551269531, 18.0462646484375, 41.8973388671875]",0.4517371952533722,1
5638,230618_4-2-1.tif,"[1971.1009521484375, 7039.1217041015625, 34.9688720703125, 17.9351806640625]",0.45164039731025696,1
5639,230618_4-2-1.tif,"[246.73922729492188, 791.9120483398438, 23.10858154296875, 41.712158203125]",0.45155948400497437,1
5640,230618_4-2-1.tif,"[261.87115478515625, 4022.8348999023438, 18.2750244140625, 20.44091796875]",0.45130762457847595,1
5641,230618_4-2-1.tif,"[2216.6987915039062, 551.5806503295898, 26.90472412109375, 39.564247131347656]",0.4511657953262329,1
5642,230618_4-2-1.tif,"[6045.9263916015625, 5176.392509460449, 46.9061279296875, 34.44000244140625]",0.45033538341522217,1
5643,230618_4-2-1.tif,"[1862.4760131835938, 6546.807189941406, 31.69403076171875, 40.95361328125]",0.44864845275878906,1
5644,230618_4-2-1.tif,"[3049.4237670898438, 4520.504791259766, 40.367366790771484, 17.24713134765625]",0.44849541783332825,1
5645,230618_4-2-1.tif,"[9172.394775390625, 474.9778137207031, 35.25347900390625, 32.3271484375]",0.4482850730419159,1
5646,230618_4-2-1.tif,"[1582.3041610717773, 2874.5123901367188, 38.861724853515625, 32.4171142578125]",0.44818851351737976,1
5647,230618_4-2-1.tif,"[5091.125946044922, 7457.4761962890625, 19.530517578125, 43.460205078125]",0.44817012548446655,1
5648,230618_4-2-1.tif,"[3140.3091888427734, 6288.3251953125, 20.390350341796875, 36.586151123046875]",0.448074609041214,1
5649,230618_4-2-1.tif,"[841.5640869140625, 2651.379150390625, 39.261962890625, 42.42054748535156]",0.4474252760410309,1
5650,230618_4-2-1.tif,"[3679.9207916259766, 4510.752410888672, 38.67881774902344, 20.826416015625]",0.44644710421562195,1
5651,230618_4-2-1.tif,"[1391.2197265625, 6875.408355712891, 17.067626953125, 37.30596923828125]",0.4463570713996887,1
5652,230618_4-2-1.tif,"[3644.963333129883, 1786.27392578125, 44.23771667480469, 33.80938720703125]",0.44633397459983826,1
5653,230618_4-2-1.tif,"[3775.7432708740234, 2366.8965454101562, 19.160308837890625, 38.505126953125]",0.44627997279167175,1
5654,230618_4-2-1.tif,"[5909.807586669922, 5546.0079345703125, 24.556396484375, 37.3016357421875]",0.44591403007507324,1
5655,230618_4-2-1.tif,"[5671.045951843262, 840.1824340820312, 36.28736877441406, 26.321533203125]",0.4458306133747101,1
5656,230618_4-2-1.tif,"[4840.651916503906, 7557.316558837891, 21.35260009765625, 47.3453369140625]",0.44559478759765625,1
5657,230618_4-2-1.tif,"[618.1850280761719, 4816.646545410156, 19.836090087890625, 29.482818603515625]",0.44549232721328735,1
5658,230618_4-2-1.tif,"[1719.4920196533203, 3962.2608337402344, 23.63616943359375, 50.01666259765625]",0.4448162913322449,1
5659,230618_4-2-1.tif,"[1260.7982330322266, 4300.808380126953, 41.20030212402344, 28.41973876953125]",0.4445510804653168,1
5660,230618_4-2-1.tif,"[3892.127685546875, 4750.7730712890625, 26.175537109375, 22.104339599609375]",0.4432026445865631,1
5661,230618_4-2-1.tif,"[3723.953826904297, 4734.252426147461, 22.83355712890625, 41.2440185546875]",0.44298839569091797,1
5662,230618_4-2-1.tif,"[2937.0347900390625, 6025.172332763672, 31.4459228515625, 27.98980712890625]",0.44284531474113464,1
5663,230618_4-2-1.tif,"[2705.167938232422, 5499.251983642578, 42.183837890625, 31.82275390625]",0.44270944595336914,1
5664,230618_4-2-1.tif,"[1626.4382019042969, 724.4624633789062, 20.259658813476562, 30.81866455078125]",0.44255486130714417,1
5665,230618_4-2-1.tif,"[9237.9619140625, 665.6522521972656, 36.102294921875, 34.265960693359375]",0.4423500597476959,1
5666,230618_4-2-1.tif,"[625.4336700439453, 5607.035400390625, 17.086227416992188, 42.785888671875]",0.44229573011398315,1
5667,230618_4-2-1.tif,"[351.52593994140625, 599.7949829101562, 25.5517578125, 44.512969970703125]",0.44179949164390564,1
5668,230618_4-2-1.tif,"[6393.545669555664, 7362.678375244141, 22.831039428710938, 42.9840087890625]",0.44159549474716187,1
5669,230618_4-2-1.tif,"[1574.3802642822266, 951.489013671875, 39.12474060058594, 36.37060546875]",0.4412405788898468,1
5670,230618_4-2-1.tif,"[6254.6409912109375, 3631.639404296875, 17.06591796875, 17.60821533203125]",0.4403764307498932,1
5671,230618_4-2-1.tif,"[3015.5713806152344, 5342.275177001953, 23.77947998046875, 40.186309814453125]",0.44027888774871826,1
5672,230618_4-2-1.tif,"[1951.3849182128906, 9852.155883789062, 27.174560546875, 21.69976806640625]",0.44006994366645813,1
5673,230618_4-2-1.tif,"[4922.680969238281, 6752.8680419921875, 30.20538330078125, 46.907684326171875]",0.43941158056259155,1
5674,230618_4-2-1.tif,"[6029.095642089844, 7135.693176269531, 23.13580322265625, 31.751708984375]",0.43862923979759216,1
5675,230618_4-2-1.tif,"[2662.856201171875, 6409.060607910156, 22.6416015625, 37.0728759765625]",0.43793416023254395,1
5676,230618_4-2-1.tif,"[780.6958618164062, 6087.042907714844, 38.508056640625, 26.584228515625]",0.4370584189891815,1
5677,230618_4-2-1.tif,"[5169.202335357666, 7366.844161987305, 30.68227767944336, 45.252960205078125]",0.4367806315422058,1
5678,230618_4-2-1.tif,"[4729.755905151367, 1601.0443725585938, 27.450180053710938, 47.71942138671875]",0.4357381761074066,1
5679,230618_4-2-1.tif,"[32.686927795410156, 2626.47607421875, 39.3084716796875, 32.17138671875]",0.4355963468551636,1
5680,230618_4-2-1.tif,"[1787.929672241211, 8507.189392089844, 16.380142211914062, 27.6234130859375]",0.4343544840812683,1
5681,230618_4-2-1.tif,"[3570.0194091796875, 4792.869079589844, 24.89812183380127, 42.050384521484375]",0.4341672658920288,1
5682,230618_4-2-1.tif,"[3636.9552612304688, 29.164276123046875, 28.335067749023438, 45.93852233886719]",0.4340357780456543,1
5683,230618_4-2-1.tif,"[59.500701904296875, 8935.132019042969, 37.65876007080078, 58.09173583984375]",0.4333958029747009,1
5684,230618_4-2-1.tif,"[6502.703369140625, 3559.3915405273438, 38.62689208984375, 32.51556396484375]",0.4328899085521698,1
5685,230618_4-2-1.tif,"[2836.8755798339844, 4921.738250732422, 35.31976318359375, 36.458740234375]",0.43280524015426636,1
5686,230618_4-2-1.tif,"[4235.409378051758, 4398.660064697266, 34.868804931640625, 16.93353271484375]",0.43245357275009155,1
5687,230618_4-2-1.tif,"[5083.269195556641, 2127.394241333008, 23.475250244140625, 48.672393798828125]",0.4323716163635254,1
5688,230618_4-2-1.tif,"[995.3031921386719, 6890.835525512695, 16.41314697265625, 14.516265869140625]",0.4319539964199066,1
5689,230618_4-2-1.tif,"[8566.470947265625, 727.3121643066406, 36.16015625, 24.478912353515625]",0.431937575340271,1
5690,230618_4-2-1.tif,"[34.752464294433594, 2312.5341796875, 29.61712646484375, 17.930908203125]",0.43103107810020447,1
5691,230618_4-2-1.tif,"[556.578784942627, 5082.266174316406, 43.06171798706055, 37.594329833984375]",0.4308983385562897,1
5692,230618_4-2-1.tif,"[4807.721984863281, 1694.6460266113281, 45.67041015625, 18.89630126953125]",0.43038731813430786,1
5693,230618_4-2-1.tif,"[6044.059814453125, 5272.568603515625, 22.0574951171875, 35.712493896484375]",0.4303774833679199,1
5694,230618_4-2-1.tif,"[2040.2765197753906, 7479.055206298828, 31.509490966796875, 35.073486328125]",0.4301292300224304,1
5695,230618_4-2-1.tif,"[2466.9437255859375, 3829.411392211914, 40.24169921875, 40.66856384277344]",0.43010690808296204,1
5696,230618_4-2-1.tif,"[79.96672058105469, 4755.494079589844, 28.23272705078125, 47.3912353515625]",0.42985260486602783,1
5697,230618_4-2-1.tif,"[168.704345703125, 5014.137145996094, 24.01544189453125, 43.7003173828125]",0.42938974499702454,1
5698,230618_4-2-1.tif,"[1788.2552642822266, 2789.7890625, 26.865097045898438, 21.78607177734375]",0.4292973577976227,1
5699,230618_4-2-1.tif,"[5616.89892578125, 8111.189880371094, 30.67665672302246, 47.0853271484375]",0.4291667342185974,1
5700,230618_4-2-1.tif,"[4746.8956298828125, 2464.283905029297, 28.71258544921875, 41.90789794921875]",0.4287162125110626,1
5701,230618_4-2-1.tif,"[601.6587829589844, 8259.303161621094, 16.487945556640625, 15.66094970703125]",0.42869076132774353,1
5702,230618_4-2-1.tif,"[195.40830993652344, 2005.2040405273438, 42.986358642578125, 37.5897216796875]",0.42819952964782715,1
5703,230618_4-2-1.tif,"[4090.3040161132812, 6338.370010375977, 30.791301727294922, 25.508926391601562]",0.4277192950248718,1
5704,230618_4-2-1.tif,"[3816.1931762695312, 373.421875, 34.476715087890625, 42.705078125]",0.4269288182258606,1
5705,230618_4-2-1.tif,"[1025.2738037109375, 8034.06494140625, 17.300216674804688, 45.8253173828125]",0.42580902576446533,1
5706,230618_4-2-1.tif,"[6746.453125, 8709.472648620605, 37.710205078125, 44.98938751220703]",0.4253097176551819,1
5707,230618_4-2-1.tif,"[427.75946044921875, 1282.9786071777344, 39.19329833984375, 43.39947509765625]",0.424492210149765,1
5708,230618_4-2-1.tif,"[2214.2154235839844, 5182.518310546875, 40.909393310546875, 16.8671875]",0.4234939217567444,1
5709,230618_4-2-1.tif,"[1854.9728393554688, 3746.6758422851562, 19.3916015625, 37.383544921875]",0.42337873578071594,1
5710,230618_4-2-1.tif,"[2737.141860961914, 6784.212005615234, 13.847747802734375, 14.93792724609375]",0.42275434732437134,1
5711,230618_4-2-1.tif,"[4811.609161376953, 2309.881134033203, 30.978118896484375, 25.83465576171875]",0.42264777421951294,1
5712,230618_4-2-1.tif,"[5959.5987548828125, 9448.744201660156, 26.9609375, 45.836151123046875]",0.4217812418937683,1
5713,230618_4-2-1.tif,"[5835.127410888672, 6244.0133056640625, 23.885040283203125, 43.116180419921875]",0.42145785689353943,1
5714,230618_4-2-1.tif,"[4467.208099365234, 5685.513710021973, 18.61566162109375, 19.64476776123047]",0.4214101731777191,1
5715,230618_4-2-1.tif,"[1722.7822265625, 4616.642569541931, 22.3211669921875, 25.734681129455566]",0.42134058475494385,1
5716,230618_4-2-1.tif,"[1238.6738586425781, 5826.177536010742, 35.4478759765625, 17.9674072265625]",0.41967281699180603,1
5717,230618_4-2-1.tif,"[3052.718017578125, 3442.1070556640625, 35.989078521728516, 33.6392822265625]",0.419108510017395,1
5718,230618_4-2-1.tif,"[5309.367126464844, 5935.279479980469, 31.477508544921875, 37.4615478515625]",0.41907644271850586,1
5719,230618_4-2-1.tif,"[9277.566822052002, 41.941680908203125, 18.699520111083984, 25.8416748046875]",0.41827961802482605,1
5720,230618_4-2-1.tif,"[6276.011047363281, 7404.890396118164, 20.189300537109375, 42.57603454589844]",0.418271541595459,1
5721,230618_4-2-1.tif,"[5854.546844482422, 2010.307861328125, 22.76190185546875, 43.35382080078125]",0.4173364043235779,1
5722,230618_4-2-1.tif,"[253.0859832763672, 8278.864868164062, 31.495346069335938, 14.790771484375]",0.4171752333641052,1
5723,230618_4-2-1.tif,"[4001.913330078125, 3584.089560508728, 17.413330078125, 10.016345977783203]",0.41704273223876953,1
5724,230618_4-2-1.tif,"[3993.2816772460938, 1827.8076171875, 21.6495361328125, 26.64251708984375]",0.416572242975235,1
5725,230618_4-2-1.tif,"[7051.1422119140625, 4494.447265625, 44.7620849609375, 33.1812744140625]",0.41641661524772644,1
5726,230618_4-2-1.tif,"[5841.303558349609, 6939.1793212890625, 27.209381103515625, 33.3123779296875]",0.41517725586891174,1
5727,230618_4-2-1.tif,"[1631.9290771484375, 3855.84423828125, 18.820068359375, 42.6337890625]",0.41466909646987915,1
5728,230618_4-2-1.tif,"[6763.007278442383, 4053.352783203125, 37.08673095703125, 20.9244384765625]",0.4141426980495453,1
5729,230618_4-2-1.tif,"[1618.0146484375, 6743.9515380859375, 21.421875, 29.273681640625]",0.4140776991844177,1
5730,230618_4-2-1.tif,"[6178.468658447266, 4064.84765625, 39.524879455566406, 32.784912109375]",0.413249671459198,1
5731,230618_4-2-1.tif,"[4948.628143310547, 9550.40087890625, 18.234405517578125, 15.22216796875]",0.4126425087451935,1
5732,230618_4-2-1.tif,"[476.8987731933594, 2090.180908203125, 32.301422119140625, 20.46337890625]",0.4118150472640991,1
5733,230618_4-2-1.tif,"[5203.9266357421875, 5125.265357971191, 17.077667236328125, 34.181396484375]",0.41075533628463745,1
5734,230618_4-2-1.tif,"[6012.791168212891, 6234.16682434082, 42.79241943359375, 41.020477294921875]",0.4106472432613373,1
5735,230618_4-2-1.tif,"[827.66650390625, 7577.215576171875, 29.2525634765625, 27.81048583984375]",0.41035446524620056,1
5736,230618_4-2-1.tif,"[2133.6245727539062, 2936.07177734375, 25.575271606445312, 55.77044677734375]",0.4103049635887146,1
5737,230618_4-2-1.tif,"[7021.8402099609375, 8849.522033691406, 19.1922607421875, 39.64727783203125]",0.4100460708141327,1
5738,230618_4-2-1.tif,"[1796.6875, 1474.9742736816406, 29.3511962890625, 43.6259765625]",0.41001689434051514,1
5739,230618_4-2-1.tif,"[4520.808837890625, 7387.163269042969, 30.920654296875, 20.70855712890625]",0.4099952280521393,1
5740,230618_4-2-1.tif,"[5952.818115234375, 7809.916778564453, 27.4813232421875, 43.52606201171875]",0.4096611440181732,1
5741,230618_4-2-1.tif,"[6083.0460205078125, 3716.9244079589844, 32.02935791015625, 49.07489013671875]",0.4096442759037018,1
5742,230618_4-2-1.tif,"[2198.9296875, 2790.0784301757812, 24.55780029296875, 37.06878662109375]",0.4095967710018158,1
5743,230618_4-2-1.tif,"[2386.0350952148438, 6107.692687988281, 34.6627197265625, 41.0604248046875]",0.40890151262283325,1
5744,230618_4-2-1.tif,"[2781.1883239746094, 5842.759094238281, 15.57330322265625, 14.47308349609375]",0.40864312648773193,1
5745,230618_4-2-1.tif,"[5589.395263671875, 5771.3564453125, 19.7662353515625, 44.66827392578125]",0.4078950583934784,1
5746,230618_4-2-1.tif,"[3418.2621459960938, 2396.8004760742188, 32.15997314453125, 36.8004150390625]",0.40622949600219727,1
5747,230618_4-2-1.tif,"[4297.949325561523, 3072.1208267211914, 21.194610595703125, 8.53717041015625]",0.4052366614341736,1
5748,230618_4-2-1.tif,"[1528.200927734375, 1754.7519836425781, 33.55235481262207, 30.36199951171875]",0.4046757221221924,1
5749,230618_4-2-1.tif,"[6385.370880126953, 8768.385620117188, 19.1051025390625, 31.7679443359375]",0.4046156406402588,1
5750,230618_4-2-1.tif,"[152.80267333984375, 9254.695617675781, 18.3895263671875, 19.870849609375]",0.4031037390232086,1
5751,230618_4-2-1.tif,"[5384.989685058594, 2959.309814453125, 37.300537109375, 33.6097412109375]",0.4030168652534485,1
5752,230618_4-2-1.tif,"[495.4779052734375, 3705.2315673828125, 32.6339111328125, 35.76507568359375]",0.402996689081192,1
5753,230618_4-2-1.tif,"[5075.86279296875, 9978.04638671875, 20.83447265625, 21.8212890625]",0.4025545120239258,1
5754,230618_4-2-1.tif,"[2337.472869873047, 5297.033752441406, 18.63299560546875, 43.91961669921875]",0.4023767411708832,1
5755,230618_4-2-1.tif,"[226.72946166992188, 2048.0, 39.07586669921875, 20.152912139892578]",0.40221738815307617,1
5756,230618_4-2-1.tif,"[1741.8452606201172, 7443.5948486328125, 30.9906005859375, 39.4261474609375]",0.4020536541938782,1
5757,230618_4-2-1.tif,"[1682.1259155273438, 6742.75129699707, 29.570541381835938, 26.003616333007812]",0.3997276723384857,1
5758,230618_4-2-1.tif,"[906.2772521972656, 9809.728759765625, 18.059417724609375, 20.24224853515625]",0.39752036333084106,1
5759,230618_4-2-1.tif,"[6947.004821777344, 9558.666900634766, 30.906280517578125, 28.398468017578125]",0.3972664177417755,1
5760,230618_4-2-1.tif,"[779.3655700683594, 1804.97314453125, 24.28619384765625, 42.2117919921875]",0.397053599357605,1
5761,230618_4-2-1.tif,"[3677.739532470703, 3290.2207946777344, 26.199920654296875, 47.84637451171875]",0.3953900635242462,1
5762,230618_4-2-1.tif,"[3594.0813598632812, 1630.5291748046875, 33.1270751953125, 19.400390625]",0.39496320486068726,1
5763,230618_4-2-1.tif,"[3269.71728515625, 2631.9742431640625, 27.71649169921875, 49.37060546875]",0.39470311999320984,1
5764,230618_4-2-1.tif,"[940.7874755859375, 9918.632568359375, 28.668212890625, 25.889892578125]",0.39404723048210144,1
5765,230618_4-2-1.tif,"[2503.7500610351562, 664.5163269042969, 14.655517578125, 15.6551513671875]",0.3937169015407562,1
5766,230618_4-2-1.tif,"[1258.5008544921875, 5020.788635253906, 30.8095703125, 14.9228515625]",0.39360669255256653,1
5767,230618_4-2-1.tif,"[76.97332000732422, 3783.3355407714844, 38.11763000488281, 32.123046875]",0.39359918236732483,1
5768,230618_4-2-1.tif,"[5196.316375732422, 2857.0699157714844, 33.529388427734375, 21.87005615234375]",0.39343157410621643,1
5769,230618_4-2-1.tif,"[4946.459289550781, 6606.872741699219, 30.9061279296875, 40.2906494140625]",0.3933352828025818,1
5770,230618_4-2-1.tif,"[1489.8076171875, 5319.632995605469, 21.7313232421875, 28.37445068359375]",0.3928648829460144,1
5771,230618_4-2-1.tif,"[4206.419357299805, 8472.753143310547, 29.090972900390625, 24.39776611328125]",0.3928271234035492,1
5772,230618_4-2-1.tif,"[2310.8431396484375, 546.3746109008789, 27.4609375, 38.089622497558594]",0.39176127314567566,1
5773,230618_4-2-1.tif,"[1508.269287109375, 6250.09049987793, 25.239501953125, 15.399978637695312]",0.39168742299079895,1
5774,230618_4-2-1.tif,"[1275.629150390625, 6262.602966308594, 21.5872802734375, 36.668609619140625]",0.3912144601345062,1
5775,230618_4-2-1.tif,"[1385.7565307617188, 5158.719997406006, 19.739501953125, 17.48569107055664]",0.39012226462364197,1
5776,230618_4-2-1.tif,"[577.6546630859375, 7750.166687011719, 38.121742248535156, 23.02472686767578]",0.3899013102054596,1
5777,230618_4-2-1.tif,"[2615.5719451904297, 5947.649749755859, 16.004913330078125, 24.2476806640625]",0.3894031345844269,1
5778,230618_4-2-1.tif,"[245.7396240234375, 6690.1280517578125, 18.654388427734375, 37.994140625]",0.3890993893146515,1
5779,230618_4-2-1.tif,"[3220.470748901367, 5336.9703369140625, 30.017608642578125, 44.249420166015625]",0.38873618841171265,1
5780,230618_4-2-1.tif,"[6693.92219543457, 7880.591735839844, 21.99267578125, 48.752471923828125]",0.38873133063316345,1
5781,230618_4-2-1.tif,"[1774.822509765625, 2258.248016357422, 42.96551513671875, 31.32891845703125]",0.388175368309021,1
5782,230618_4-2-1.tif,"[5492.410827636719, 8035.978515625, 21.7509765625, 35.53826904296875]",0.3874291181564331,1
5783,230618_4-2-1.tif,"[3515.6903686523438, 91.41613006591797, 33.8770751953125, 16.639556884765625]",0.38735735416412354,1
5784,230618_4-2-1.tif,"[3962.5274047851562, 6484.205322265625, 24.1585693359375, 37.29986572265625]",0.38584157824516296,1
5785,230618_4-2-1.tif,"[1740.258316040039, 3739.91943359375, 24.909759521484375, 28.42529296875]",0.38553664088249207,1
5786,230618_4-2-1.tif,"[6040.756896972656, 6911.381988525391, 30.2418212890625, 41.5404052734375]",0.38508713245391846,1
5787,230618_4-2-1.tif,"[4980.85107421875, 3759.4998779296875, 37.7220458984375, 44.0858154296875]",0.38465532660484314,1
5788,230618_4-2-1.tif,"[5632.202482223511, 7867.5177001953125, 22.438968658447266, 23.03619384765625]",0.38370397686958313,1
5789,230618_4-2-1.tif,"[3993.6595458984375, 8077.134460449219, 18.2073974609375, 17.1844482421875]",0.3836990296840668,1
5790,230618_4-2-1.tif,"[3635.8193969726562, 4768.102828979492, 28.26416015625, 43.548095703125]",0.38355177640914917,1
5791,230618_4-2-1.tif,"[5968.412811279297, 2876.2098693847656, 31.70428466796875, 18.9256591796875]",0.38327470421791077,1
5792,230618_4-2-1.tif,"[5075.692443847656, 1102.7021484375, 28.640380859375, 41.986328125]",0.38315147161483765,1
5793,230618_4-2-1.tif,"[57.410396575927734, 9585.013732910156, 21.396060943603516, 37.2354736328125]",0.3826606273651123,1
5794,230618_4-2-1.tif,"[4864.282165527344, 2348.6463012695312, 40.95880126953125, 29.3421630859375]",0.38256216049194336,1
5795,230618_4-2-1.tif,"[3399.8253784179688, 8338.60888671875, 18.89306640625, 25.95587158203125]",0.38053658604621887,1
5796,230618_4-2-1.tif,"[185.1753692626953, 158.50946044921875, 25.036590576171875, 40.890380859375]",0.37969034910202026,1
5797,230618_4-2-1.tif,"[3677.3766326904297, 5790.001113891602, 32.18281555175781, 30.234588623046875]",0.3795779049396515,1
5798,230618_4-2-1.tif,"[6144.787950515747, 7091.951080322266, 25.56593132019043, 46.0965576171875]",0.377849280834198,1
5799,230618_4-2-1.tif,"[3842.4064025878906, 5916.483337402344, 39.257080078125, 16.5806884765625]",0.37776434421539307,1
5800,230618_4-2-1.tif,"[4537.370452880859, 6299.589920043945, 13.9788818359375, 22.90435791015625]",0.37753239274024963,1
5801,230618_4-2-1.tif,"[6371.939544677734, 7315.549209594727, 33.543792724609375, 39.258697509765625]",0.3772926926612854,1
5802,230618_4-2-1.tif,"[2761.9386291503906, 2478.9108276367188, 41.042999267578125, 18.82537841796875]",0.3769461512565613,1
5803,230618_4-2-1.tif,"[8145.373291015625, 2431.3470458984375, 21.2071533203125, 57.4097900390625]",0.3752705156803131,1
5804,230618_4-2-1.tif,"[4944.5865478515625, 5318.360000610352, 22.43695068359375, 38.82470703125]",0.3730300962924957,1
5805,230618_4-2-1.tif,"[2602.0757751464844, 497.22314453125, 26.085845947265625, 26.318603515625]",0.3727324903011322,1
5806,230618_4-2-1.tif,"[4399.917907714844, 5158.745849609375, 17.0401611328125, 42.089599609375]",0.3725077509880066,1
5807,230618_4-2-1.tif,"[3230.315933227539, 3474.470947265625, 29.70208740234375, 42.513427734375]",0.37159812450408936,1
5808,230618_4-2-1.tif,"[320.60418701171875, 9607.074905395508, 27.9361572265625, 25.746078491210938]",0.3712296783924103,1
5809,230618_4-2-1.tif,"[0.0066547393798828125, 143.92730712890625, 17.779422760009766, 29.3021240234375]",0.3696291148662567,1
5810,230618_4-2-1.tif,"[1247.9627838134766, 4322.493438720703, 25.936431884765625, 32.448577880859375]",0.36862054467201233,1
5811,230618_4-2-1.tif,"[4969.832763671875, 3889.528076171875, 20.0189208984375, 40.4541015625]",0.36814624071121216,1
5812,230618_4-2-1.tif,"[4913.328643798828, 5344.238708496094, 24.131591796875, 16.70220947265625]",0.367922306060791,1
5813,230618_4-2-1.tif,"[3109.8299865722656, 4203.226303100586, 28.000320434570312, 37.654815673828125]",0.3677590787410736,1
5814,230618_4-2-1.tif,"[2880.1526489257812, 5016.326354980469, 33.8431396484375, 33.579833984375]",0.3673495054244995,1
5815,230618_4-2-1.tif,"[4771.077896118164, 1398.5260314941406, 20.423828125, 50.4423828125]",0.3670331835746765,1
5816,230618_4-2-1.tif,"[607.5982055664062, 1026.4719066619873, 30.42132568359375, 24.997156143188477]",0.36654120683670044,1
5817,230618_4-2-1.tif,"[4846.121002197266, 5767.477890014648, 21.329010009765625, 45.113922119140625]",0.3663320243358612,1
5818,230618_4-2-1.tif,"[3277.670440673828, 8687.974304199219, 31.322265625, 27.04388427734375]",0.36549538373947144,1
5819,230618_4-2-1.tif,"[4897.0286865234375, 1800.7008056640625, 36.698974609375, 34.1800537109375]",0.3642725348472595,1
5820,230618_4-2-1.tif,"[2495.0101928710938, 3241.346160888672, 31.8089599609375, 39.11834716796875]",0.3641417920589447,1
5821,230618_4-2-1.tif,"[5704.5450439453125, 5041.541259765625, 35.948486328125, 27.9696044921875]",0.3633359670639038,1
5822,230618_4-2-1.tif,"[2617.594383239746, 3784.060516357422, 19.091346740722656, 40.199188232421875]",0.36304935812950134,1
5823,230618_4-2-1.tif,"[379.00457763671875, 6789.925018310547, 17.7926025390625, 19.43927001953125]",0.3625803291797638,1
5824,230618_4-2-1.tif,"[2121.4845657348633, 6040.004852294922, 19.15709686279297, 38.27947998046875]",0.36241084337234497,1
5825,230618_4-2-1.tif,"[131.00787353515625, 1593.3590621948242, 26.162994384765625, 45.876922607421875]",0.36150848865509033,1
5826,230618_4-2-1.tif,"[5328.013900756836, 2517.7764282226562, 36.946319580078125, 18.79107666015625]",0.361433207988739,1
5827,230618_4-2-1.tif,"[5281.25895690918, 346.2920837402344, 42.358673095703125, 17.52130126953125]",0.3612488806247711,1
5828,230618_4-2-1.tif,"[4197.657531738281, 3450.7152709960938, 26.1278076171875, 39.583251953125]",0.3595220148563385,1
5829,230618_4-2-1.tif,"[1284.0168151855469, 1008.2763061523438, 33.5550537109375, 17.90869140625]",0.3564690053462982,1
5830,230618_4-2-1.tif,"[6357.350860595703, 7488.3194580078125, 32.89813232421875, 24.838134765625]",0.35578790307044983,1
5831,230618_4-2-1.tif,"[2306.4744262695312, 2549.35595703125, 29.552978515625, 19.9559326171875]",0.3555415868759155,1
5832,230618_4-2-1.tif,"[3551.2652587890625, 2858.4290161132812, 21.881591796875, 49.620361328125]",0.3552015423774719,1
5833,230618_4-2-1.tif,"[1970.4329223632812, 9396.720321655273, 40.01806640625, 15.801322937011719]",0.35488149523735046,1
5834,230618_4-2-1.tif,"[2595.7451705932617, 4967.771575927734, 22.056015014648438, 46.40374755859375]",0.35391607880592346,1
5835,230618_4-2-1.tif,"[5425.786102294922, 5857.2838134765625, 44.76263427734375, 42.7335205078125]",0.3537399172782898,1
5836,230618_4-2-1.tif,"[2127.494094848633, 5713.921630859375, 35.73663330078125, 31.551513671875]",0.3530682623386383,1
5837,230618_4-2-1.tif,"[4843.711975097656, 8339.024124145508, 17.4984130859375, 22.88934326171875]",0.352084755897522,1
5838,230618_4-2-1.tif,"[5741.721923828125, 9672.71826171875, 18.23681640625, 15.20068359375]",0.35069623589515686,1
5839,230618_4-2-1.tif,"[2097.0361938476562, 2803.6444091796875, 34.12095642089844, 40.278076171875]",0.3503803610801697,1
5840,230618_4-2-1.tif,"[5211.840881347656, 4644.6070556640625, 26.735595703125, 35.83203125]",0.349963903427124,1
5841,230618_4-2-1.tif,"[5017.8519287109375, 408.83392333984375, 22.8409423828125, 33.81451416015625]",0.34960389137268066,1
5842,230618_4-2-1.tif,"[3886.8396606445312, 9813.5859375, 36.559814453125, 40.018829345703125]",0.3453042209148407,1
5843,230618_4-2-1.tif,"[6656.228162765503, 5312.13737487793, 18.572526931762695, 42.596343994140625]",0.34423911571502686,1
5844,230618_4-2-1.tif,"[986.7997436523438, 7951.536926269531, 19.37481689453125, 31.46136474609375]",0.34406185150146484,1
5845,230618_4-2-1.tif,"[382.2655029296875, 6034.435791015625, 27.68768310546875, 32.6695556640625]",0.34400665760040283,1
5846,230618_4-2-1.tif,"[4480.027160644531, 9333.262573242188, 33.2264404296875, 10.7374267578125]",0.3437650203704834,1
5847,230618_4-2-1.tif,"[5855.392990112305, 524.6008586883545, 28.040252685546875, 15.670650482177734]",0.34356600046157837,1
5848,230618_4-2-1.tif,"[5206.904830932617, 2484.4886474609375, 17.880661010742188, 39.6676025390625]",0.3417869210243225,1
5849,230618_4-2-1.tif,"[1061.169174194336, 1446.4601440429688, 26.598533630371094, 20.3648681640625]",0.3413712680339813,1
5850,230618_4-2-1.tif,"[1145.5807037353516, 1003.544921875, 31.241912841796875, 46.6029052734375]",0.34070754051208496,1
5851,230618_4-2-1.tif,"[1384.7826538085938, 1544.6967582702637, 19.48358154296875, 30.675777435302734]",0.34015825390815735,1
5852,230618_4-2-1.tif,"[6424.122131347656, 9167.111877441406, 28.6468505859375, 37.0587158203125]",0.33858853578567505,1
5853,230618_4-2-1.tif,"[2405.1216430664062, 4096.0, 35.228515625, 9.45058822631836]",0.3374601900577545,1
5854,230618_4-2-1.tif,"[11.942253112792969, 8753.11328125, 26.043907165527344, 34.13200378417969]",0.33675500750541687,1
5855,230618_4-2-1.tif,"[8450.557312011719, 1021.7860717773438, 33.03057861328125, 43.432861328125]",0.3349332809448242,1
5856,230618_4-2-1.tif,"[3383.412322998047, 610.304313659668, 21.3846435546875, 24.54974365234375]",0.33301180601119995,1
5857,230618_4-2-1.tif,"[831.497802734375, 750.6175537109375, 35.8880615234375, 27.025604248046875]",0.33244097232818604,1
5858,230618_4-2-1.tif,"[6118.407531738281, 4190.432418823242, 30.50634765625, 35.42118835449219]",0.3320159316062927,1
5859,230618_4-2-1.tif,"[1973.0322875976562, 7547.0704345703125, 20.0179443359375, 48.66876220703125]",0.3315042555332184,1
5860,230618_4-2-1.tif,"[4910.137878417969, 9423.253982543945, 41.115234375, 50.35856628417969]",0.3289828598499298,1
5861,230618_4-2-1.tif,"[2048.3668212890625, 8795.244262695312, 17.22607421875, 26.980712890625]",0.3283631503582001,1
5862,230618_4-2-1.tif,"[4556.385406494141, 1118.263442993164, 14.98748779296875, 14.880218505859375]",0.3279983401298523,1
5863,230618_4-2-1.tif,"[4778.226379394531, 5165.326843261719, 24.77520751953125, 35.2860107421875]",0.32705384492874146,1
5864,230618_4-2-1.tif,"[5382.2392578125, 4560.294860839844, 27.7105712890625, 37.9556884765625]",0.32683369517326355,1
5865,230618_4-2-1.tif,"[395.75213623046875, 8930.09750366211, 14.9549560546875, 27.70855712890625]",0.3267858922481537,1
5866,230618_4-2-1.tif,"[4032.3173828125, 198.51214599609375, 19.6820068359375, 42.122344970703125]",0.32616934180259705,1
5867,230618_4-2-1.tif,"[6607.83935546875, 82.40449523925781, 14.37432861328125, 35.923583984375]",0.32578757405281067,1
5868,230618_4-2-1.tif,"[5037.686553955078, 5996.363037109375, 21.75177001953125, 37.8946533203125]",0.325761616230011,1
5869,230618_4-2-1.tif,"[5100.1842041015625, 2049.3161087036133, 23.491455078125, 36.42613220214844]",0.3251555860042572,1
5870,230618_4-2-1.tif,"[1077.1422653198242, 5200.008117675781, 19.92340850830078, 40.37030029296875]",0.32373368740081787,1
5871,230618_4-2-1.tif,"[2298.7494506835938, 6887.746963500977, 35.0406494140625, 17.144683837890625]",0.32281726598739624,1
5872,230618_4-2-1.tif,"[305.15765380859375, 2411.2745971679688, 28.4296875, 26.56640625]",0.32161083817481995,1
5873,230618_4-2-1.tif,"[4158.259063720703, 1764.7407531738281, 28.936614990234375, 51.722747802734375]",0.3215899169445038,1
5874,230618_4-2-1.tif,"[2306.0413818359375, 5976.746154785156, 26.44183349609375, 18.923126220703125]",0.3210815191268921,1
5875,230618_4-2-1.tif,"[1948.5721740722656, 3344.6253662109375, 20.65875244140625, 28.909423828125]",0.31981244683265686,1
5876,230618_4-2-1.tif,"[3283.6370849609375, 825.9849853515625, 13.185546875, 30.97607421875]",0.3197239339351654,1
5877,230618_4-2-1.tif,"[4722.49658203125, 3433.3511962890625, 13.149169921875, 15.35400390625]",0.31936803460121155,1
5878,230618_4-2-1.tif,"[4118.518371582031, 7818.70654296875, 19.178024291992188, 45.3795166015625]",0.3187249004840851,1
5879,230618_4-2-1.tif,"[7450.93896484375, 8192.0, 86.5819091796875, 36.19392013549805]",0.31709957122802734,1
5880,230618_4-2-1.tif,"[340.6860656738281, 1430.72705078125, 28.15765380859375, 27.5078125]",0.3161582052707672,1
5881,230618_4-2-1.tif,"[5003.193176269531, 7278.965492248535, 34.8841552734375, 43.12938690185547]",0.3145087659358978,1
5882,230618_4-2-1.tif,"[905.0752563476562, 9965.853271484375, 20.034454345703125, 34.146728515625]",0.313344269990921,1
5883,230618_4-2-1.tif,"[633.1332397460938, 5563.682037353516, 6.788818359375, 26.1815185546875]",0.3131961226463318,1
5884,230618_4-2-1.tif,"[3637.5333557128906, 7253.1568603515625, 13.595870971679688, 36.53192138671875]",0.31273168325424194,1
5885,230618_4-2-1.tif,"[5095.347839355469, 6435.734924316406, 31.276123046875, 49.0810546875]",0.3127187490463257,1
5886,230618_4-2-1.tif,"[5136.907531738281, 8823.658386230469, 18.0079345703125, 8.34161376953125]",0.31186917424201965,1
5887,230618_4-2-1.tif,"[3420.458740234375, 8688.294677734375, 20.7449951171875, 28.64300537109375]",0.3111625015735626,1
5888,230618_4-2-1.tif,"[620.356201171875, 5023.727996826172, 19.643798828125, 23.61737060546875]",0.3109930455684662,1
5889,230618_4-2-1.tif,"[2121.958984375, 3606.402900695801, 21.090576171875, 37.45281982421875]",0.3097583055496216,1
5890,230618_4-2-1.tif,"[5728.149169921875, 9780.180908203125, 30.21136474609375, 17.18310546875]",0.30974850058555603,1
5891,230618_4-2-1.tif,"[5944.1978759765625, 3986.87939453125, 28.0281982421875, 37.67626953125]",0.30952468514442444,1
5892,230618_4-2-1.tif,"[7206.097797393799, 9990.00732421875, 21.798507690429688, 9.99267578125]",0.30926841497421265,1
5893,230618_4-2-1.tif,"[4274.933151245117, 7309.898193359375, 19.940673828125, 44.5819091796875]",0.30903828144073486,1
5894,230618_4-2-1.tif,"[4077.2262573242188, 5438.41748046875, 16.468505859375, 31.7841796875]",0.308356374502182,1
5895,230618_4-2-1.tif,"[0.14246654510498047, 7861.588073730469, 8.040581703186035, 19.69342041015625]",0.3077714145183563,1
5896,230618_4-2-1.tif,"[4606.252685546875, 1688.2485809326172, 20.460693359375, 40.246185302734375]",0.30700182914733887,1
5897,230618_4-2-1.tif,"[3743.399673461914, 8807.84130859375, 29.082489013671875, 26.63970947265625]",0.30652958154678345,1
5898,230618_4-2-1.tif,"[2790.912109375, 1517.7031860351562, 14.72174072265625, 38.047607421875]",0.3062268793582916,1
5899,230618_4-2-1.tif,"[3148.2553100585938, 9481.00259399414, 29.05047607421875, 31.877227783203125]",0.3044438064098358,1
5900,230618_4-2-1.tif,"[1667.9495544433594, 4576.3448486328125, 50.20709228515625, 35.2767333984375]",0.3038192391395569,1
5901,230618_4-2-1.tif,"[861.873046875, 4335.658905029297, 27.674560546875, 22.0164794921875]",0.3036205768585205,1
5902,230618_4-2-1.tif,"[1237.6690063476562, 1716.4396057128906, 15.343017578125, 36.056304931640625]",0.30334389209747314,1
5903,230618_4-2-1.tif,"[1016.5960083007812, 111.49891662597656, 23.2528076171875, 32.266082763671875]",0.3019591271877289,1
5904,230618_4-2-1.tif,"[8882.208465576172, 242.10394287109375, 34.3466796875, 25.765594482421875]",0.30194586515426636,1
5905,230618_4-2-1.tif,"[3084.5623779296875, 6224.034103393555, 20.267578125, 45.845184326171875]",0.30139678716659546,1
5906,230618_4-2-1.tif,"[7322.941741943359, 9901.742309570312, 12.53826904296875, 23.383544921875]",0.30086109042167664,1
5907,230618_4-2-1.tif,"[1280.7999267578125, 7631.570251464844, 20.98236083984375, 34.3392333984375]",0.30019205808639526,1
5908,230618_4-2-1.tif,"[5451.6312255859375, 700.0360107421875, 32.36785888671875, 39.951263427734375]",0.2984936535358429,1
5909,230618_4-2-1.tif,"[3152.1886596679688, 2755.3138275146484, 20.5665283203125, 37.84747314453125]",0.29791656136512756,1
5910,230618_4-2-1.tif,"[5672.3533935546875, 6088.393035888672, 33.24609375, 41.9615478515625]",0.29777616262435913,1
5911,230618_4-2-1.tif,"[2346.0762939453125, 7092.0054931640625, 22.4407958984375, 42.806396484375]",0.29544398188591003,1
5912,230618_4-2-1.tif,"[4738.841369628906, 3700.2535400390625, 22.07611083984375, 11.7464599609375]",0.29543113708496094,1
5913,230618_4-2-1.tif,"[3707.7546997070312, 8201.170753479004, 24.73223876953125, 35.084617614746094]",0.294283002614975,1
5914,230618_4-2-1.tif,"[5534.976013183594, 2075.963623046875, 16.7423095703125, 31.209716796875]",0.29424428939819336,1
5915,230618_4-2-1.tif,"[6077.8433837890625, 5632.474506378174, 43.02862548828125, 24.087461471557617]",0.29333963990211487,1
5916,230618_4-2-1.tif,"[703.3892211914062, 8116.616790771484, 18.82171630859375, 33.3682861328125]",0.29284268617630005,1
5917,230618_4-2-1.tif,"[2395.4014282226562, 7448.544708251953, 46.9730224609375, 28.7010498046875]",0.29282453656196594,1
5918,230618_4-2-1.tif,"[5655.3907470703125, 6852.545852661133, 17.8612060546875, 44.620635986328125]",0.2898288369178772,1
5919,230618_4-2-1.tif,"[3221.1010131835938, 7727.859619140625, 34.5203857421875, 19.97314453125]",0.28815460205078125,1
5920,230618_4-2-1.tif,"[4482.044677734375, 4293.880859375, 35.570556640625, 39.16693115234375]",0.287386417388916,1
5921,230618_4-2-1.tif,"[2564.960193634033, 3265.2525329589844, 28.177383422851562, 29.80230712890625]",0.2868874669075012,1
5922,230618_4-2-1.tif,"[948.7676086425781, 5144.1834716796875, 20.20623779296875, 13.6986083984375]",0.286882609128952,1
5923,230618_4-2-1.tif,"[4540.661926269531, 9450.51577758789, 24.051544189453125, 40.9263916015625]",0.2839810848236084,1
5924,230618_4-2-1.tif,"[1514.64111328125, 7457.480651855469, 29.2950439453125, 44.1209716796875]",0.28309425711631775,1
5925,230618_4-2-1.tif,"[3451.9758911132812, 5691.321632385254, 17.945068359375, 50.288726806640625]",0.2794128656387329,1
5926,230618_4-2-1.tif,"[5936.1944580078125, 3059.9674682617188, 27.23052978515625, 29.95538330078125]",0.27851158380508423,1
5927,230618_4-2-1.tif,"[1384.00341796875, 828.4047241210938, 20.322265625, 17.778564453125]",0.2773050367832184,1
5928,230618_4-2-1.tif,"[641.3740692138672, 1279.7498321533203, 22.561370849609375, 28.077987670898438]",0.2771858870983124,1
5929,230618_4-2-1.tif,"[5767.3553466796875, 2019.6961669921875, 41.1055908203125, 20.99761962890625]",0.2769586741924286,1
5930,230618_4-2-1.tif,"[4271.329010009766, 8412.720977783203, 23.817779541015625, 19.79425048828125]",0.27643120288848877,1
5931,230618_4-2-1.tif,"[6006.134826660156, 2084.01953125, 19.95849609375, 43.950439453125]",0.2761550843715668,1
5932,230618_4-2-1.tif,"[4858.290939331055, 9331.255676269531, 52.14588928222656, 12.5740966796875]",0.27430951595306396,1
5933,230618_4-2-1.tif,"[1865.5629272460938, 4029.0097045898438, 14.0821533203125, 35.20947265625]",0.2741321325302124,1
5934,230618_4-2-1.tif,"[4205.438507080078, 7895.693664550781, 23.73870849609375, 40.13494873046875]",0.272250771522522,1
5935,230618_4-2-1.tif,"[238.20684814453125, 7087.64697265625, 20.10028076171875, 22.3094482421875]",0.27197715640068054,1
5936,230618_4-2-1.tif,"[1900.6250610351562, 6554.195709228516, 30.40093994140625, 30.49835205078125]",0.27001339197158813,1
5937,230618_4-2-1.tif,"[3846.1322631835938, 7293.247207641602, 30.859130859375, 29.56689453125]",0.26988720893859863,1
5938,230618_4-2-1.tif,"[5207.675354003906, 1975.2852783203125, 19.698486328125, 47.88079833984375]",0.2693104147911072,1
5939,230618_4-2-1.tif,"[1306.0943908691406, 4820.251647949219, 28.27398681640625, 40.468353271484375]",0.2691490352153778,1
5940,230618_4-2-1.tif,"[4977.738739013672, 2106.293388366699, 15.3050537109375, 37.7728271484375]",0.26454785466194153,1
5941,230618_4-2-1.tif,"[1572.427734375, 8224.82778930664, 30.242431640625, 30.679473876953125]",0.26446279883384705,1
5942,230618_4-2-1.tif,"[5076.740570068359, 3405.0052795410156, 15.793212890625, 30.3167724609375]",0.2632472813129425,1
5943,230618_4-2-1.tif,"[2969.766845703125, 4430.303039550781, 30.12158203125, 17.624755859375]",0.26320528984069824,1
5944,230618_4-2-1.tif,"[4799.473846435547, 4573.71923828125, 30.34954833984375, 28.85546875]",0.26181885600090027,1
5945,230618_4-2-1.tif,"[6382.145446777344, 1206.2149963378906, 15.8875732421875, 30.910858154296875]",0.2610098123550415,1
5946,230618_4-2-1.tif,"[3031.127227783203, 4286.653717041016, 19.69134521484375, 40.38751220703125]",0.25970661640167236,1
5947,230618_4-2-1.tif,"[1115.49658203125, 3582.6424865722656, 33.8560791015625, 22.407623291015625]",0.25845298171043396,1
5948,230618_4-2-1.tif,"[833.3578491210938, 5229.591552734375, 17.2734375, 18.256103515625]",0.2566005289554596,1
5949,230618_4-2-1.tif,"[2535.7103271484375, 405.2821044921875, 18.9354248046875, 23.48785400390625]",0.2565182149410248,1
5950,230618_4-2-1.tif,"[2943.9761352539062, 3584.3877811431885, 34.08966064453125, 28.695327758789062]",0.25583577156066895,1
5951,230618_4-2-1.tif,"[6144.0, 9116.137176513672, 19.43401527404785, 37.32342529296875]",0.25412827730178833,1
5952,230618_4-2-1.tif,"[1012.8984375, 271.5378112792969, 19.2554931640625, 19.4049072265625]",0.25329312682151794,1
5953,230618_4-2-1.tif,"[516.42822265625, 5973.164001464844, 35.9658203125, 28.9061279296875]",0.2531874477863312,1
5954,230618_4-2-1.tif,"[6323.471221923828, 1895.3256530761719, 23.81964111328125, 41.87493896484375]",0.25310397148132324,1
5955,230618_4-2-1.tif,"[5156.6453857421875, 9629.491882324219, 21.731201171875, 20.8050537109375]",0.25155630707740784,1
5956,230618_4-2-1.tif,"[4207.410049438477, 5577.09912109375, 21.2039794921875, 23.25830078125]",0.2514755129814148,1
5957,230618_4-2-1.tif,"[2343.0007934570312, 1343.8751831054688, 31.9239501953125, 20.06982421875]",0.2509058713912964,1
5958,230618_4-2-1.tif,"[181.58865356445312, 5939.09619140625, 32.327392578125, 18.0654296875]",0.2502218782901764,1
5959,230618_4-2-0.tif,"[397.75933837890625, 4650.833801269531, 107.11492919921875, 76.75398254394531]",0.7890398502349854,0
5960,230618_4-2-0.tif,"[819.5393676757812, 7697.220949172974, 102.68951416015625, 63.64568901062012]",0.7580239176750183,0
5961,230618_4-2-0.tif,"[4092.0653686523438, 6803.31005859375, 84.881103515625, 63.945556640625]",0.7453670501708984,0
5962,230618_4-2-0.tif,"[4080.8377685546875, 7153.423400878906, 77.7821044921875, 73.60160827636719]",0.7366888523101807,0
5963,230618_4-2-0.tif,"[2630.241943359375, 7486.47802734375, 103.57040405273438, 84.8807373046875]",0.7353143692016602,0
5964,230618_4-2-0.tif,"[936.8145751953125, 8626.039855957031, 72.436767578125, 74.652099609375]",0.7212817668914795,0
5965,230618_4-2-0.tif,"[4809.072937011719, 5965.9503173828125, 56.49786376953125, 100.3853759765625]",0.7066453099250793,0
5966,230618_4-2-0.tif,"[2355.750457763672, 9061.775817871094, 58.1719970703125, 63.38970947265625]",0.7043235898017883,0
5967,230618_4-2-0.tif,"[6099.957092285156, 6497.398468017578, 72.51202392578125, 77.59375]",0.696666955947876,0
5968,230618_4-2-0.tif,"[7499.537261962891, 3629.979736328125, 82.9583740234375, 58.737548828125]",0.6936036944389343,0
5969,230618_4-2-0.tif,"[7226.0877685546875, 8255.136047363281, 104.2318115234375, 71.2301025390625]",0.6841611862182617,0
5970,230618_4-2-0.tif,"[7611.509826660156, 7621.277893066406, 78.57440185546875, 93.2974853515625]",0.6830735802650452,0
5971,230618_4-2-0.tif,"[7477.9822998046875, 9661.195373535156, 62.478271484375, 77.61163330078125]",0.6796340942382812,0
5972,230618_4-2-0.tif,"[3384.7546997070312, 8579.542297363281, 71.392578125, 57.6510009765625]",0.6711949110031128,0
5973,230618_4-2-0.tif,"[3352.952880859375, 8699.022827148438, 102.73779296875, 47.88881301879883]",0.6664822101593018,0
5974,230618_4-2-0.tif,"[4329.948089599609, 8383.255279541016, 46.529052734375, 104.94586181640625]",0.6662777662277222,0
5975,230618_4-2-0.tif,"[6499.337860107422, 4253.137176513672, 58.52093505859375, 113.2303466796875]",0.6599369645118713,0
5976,230618_4-2-0.tif,"[3434.63330078125, 5340.726135253906, 52.87744140625, 95.94024658203125]",0.6545395851135254,0
5977,230618_4-2-0.tif,"[1999.3262939453125, 8610.015014648438, 106.59415817260742, 77.0909423828125]",0.6521760821342468,0
5978,230618_4-2-0.tif,"[7891.282653808594, 3987.2131958007812, 126.25433349609375, 82.81512451171875]",0.6516919136047363,0
5979,230618_4-2-0.tif,"[3467.95751953125, 7318.96484375, 105.95751953125, 65.68283081054688]",0.6488894820213318,0
5980,230618_4-2-0.tif,"[1269.712646484375, 7729.950576782227, 67.7906494140625, 98.02421569824219]",0.645026445388794,0
5981,230618_4-2-0.tif,"[3466.9143676757812, 8606.784545898438, 93.80389404296875, 68.921630859375]",0.6227352023124695,0
5982,230618_4-2-0.tif,"[7321.846832275391, 7167.332092285156, 103.12310791015625, 56.48741912841797]",0.6178263425827026,0
5983,230618_4-2-0.tif,"[3890.0195922851562, 6658.406005859375, 49.167724609375, 137.026611328125]",0.6178059577941895,0
5984,230618_4-2-0.tif,"[6271.226455688477, 6522.982727050781, 89.01513671875, 79.84405517578125]",0.6107800006866455,0
5985,230618_4-2-0.tif,"[3454.2677001953125, 8450.363830566406, 80.1383056640625, 79.74609375]",0.6067523956298828,0
5986,230618_4-2-0.tif,"[3382.4435424804688, 8485.439514160156, 78.2904052734375, 53.2142333984375]",0.6052641868591309,0
5987,230618_4-2-0.tif,"[5584.7003173828125, 6175.734954833984, 62.20745849609375, 88.47453308105469]",0.6051239967346191,0
5988,230618_4-2-0.tif,"[6238.131729125977, 6123.4049072265625, 59.385833740234375, 89.16015625]",0.6024965047836304,0
5989,230618_4-2-0.tif,"[5210.132415771484, 7428.590911865234, 56.15440368652344, 49.45953369140625]",0.5930963754653931,0
5990,230618_4-2-0.tif,"[6593.549865722656, 6459.2593994140625, 51.59197998046875, 84.7154541015625]",0.578224241733551,0
5991,230618_4-2-0.tif,"[3364.4950561523438, 6868.703643798828, 57.463134765625, 44.26171875]",0.5607054233551025,0
5992,230618_4-2-0.tif,"[465.25408935546875, 1943.8050231933594, 57.3509521484375, 81.134521484375]",0.5548967719078064,0
5993,230618_4-2-0.tif,"[1104.8834686279297, 7182.137481689453, 64.45213317871094, 98.21956634521484]",0.5085393190383911,0
5994,230618_4-2-0.tif,"[728.3175659179688, 7034.006927490234, 66.798095703125, 53.46246337890625]",0.47010403871536255,0
5995,230618_4-2-0.tif,"[93.33708953857422, 6771.431869506836, 103.34149932861328, 79.91336059570312]",0.4632381796836853,0
5996,230618_4-2-0.tif,"[6067.56640625, 2494.6027221679688, 86.5394287109375, 83.603515625]",0.4367496073246002,0
5997,230618_4-2-0.tif,"[0.36757659912109375, 7347.13330078125, 60.432132720947266, 57.6187744140625]",0.39419299364089966,0
5998,230618_4-2-0.tif,"[3026.48095703125, 9955.2841796875, 101.69757080078125, 44.7158203125]",0.35557785630226135,0
5999,230618_4-2-0.tif,"[2048.0, 7081.226531982422, 44.08053970336914, 46.91229248046875]",0.29858455061912537,0
6000,230618_4-2-0.tif,"[7203.122406005859, 7305.567535400391, 114.35800170898438, 54.6708984375]",0.2641200125217438,0
6001,230618_4-2-0.tif,"[2725.6826782226562, 7735.0767822265625, 35.04168701171875, 20.807861328125]",0.8487421870231628,1
6002,230618_4-2-0.tif,"[5867.032287597656, 8364.754119873047, 33.32220458984375, 22.401336669921875]",0.8318987488746643,1
6003,230618_4-2-0.tif,"[1931.4871826171875, 9547.389892578125, 34.8201904296875, 17.293746948242188]",0.8298755884170532,1
6004,230618_4-2-0.tif,"[6681.425685882568, 7780.745254516602, 24.92660903930664, 31.832733154296875]",0.8295295834541321,1
6005,230618_4-2-0.tif,"[5339.4141845703125, 8745.463500976562, 28.4080810546875, 28.23388671875]",0.8292362689971924,1
6006,230618_4-2-0.tif,"[7055.5643310546875, 7382.850006103516, 28.01806640625, 24.20074462890625]",0.8287045955657959,1
6007,230618_4-2-0.tif,"[7923.652099609375, 6769.644866943359, 17.0269775390625, 33.037384033203125]",0.8284430503845215,1
6008,230618_4-2-0.tif,"[4660.496826171875, 8686.516967773438, 36.69483947753906, 20.48419189453125]",0.8280218839645386,1
6009,230618_4-2-0.tif,"[6199.241256713867, 7704.601829528809, 26.813064575195312, 28.36058807373047]",0.8275599479675293,1
6010,230618_4-2-0.tif,"[3759.1409301757812, 7622.597351074219, 25.23284912109375, 26.7274169921875]",0.8273318409919739,1
6011,230618_4-2-0.tif,"[6757.737854003906, 7923.603851318359, 22.810791015625, 27.1695556640625]",0.8268702030181885,1
6012,230618_4-2-0.tif,"[6359.2177734375, 9612.402481079102, 28.53662109375, 30.393051147460938]",0.8264608383178711,1
6013,230618_4-2-0.tif,"[6496.209320068359, 9552.812698364258, 30.61285400390625, 23.102203369140625]",0.8244122266769409,1
6014,230618_4-2-0.tif,"[6764.1014404296875, 7435.87353515625, 17.7808837890625, 38.1595458984375]",0.8242802023887634,1
6015,230618_4-2-0.tif,"[6549.565979003906, 7640.791442871094, 29.5894775390625, 23.3951416015625]",0.8242077231407166,1
6016,230618_4-2-0.tif,"[6777.2496337890625, 9442.168914794922, 25.02886962890625, 27.911224365234375]",0.8233674764633179,1
6017,230618_4-2-0.tif,"[5693.41828918457, 8263.121276855469, 34.62199401855469, 18.0677490234375]",0.8233633637428284,1
6018,230618_4-2-0.tif,"[6018.315734863281, 8834.962829589844, 25.55419921875, 29.632171630859375]",0.8228476047515869,1
6019,230618_4-2-0.tif,"[5060.569274902344, 9839.847534179688, 25.67059326171875, 27.2691650390625]",0.8221701979637146,1
6020,230618_4-2-0.tif,"[4937.555419921875, 8786.637619018555, 35.007080078125, 17.012649536132812]",0.8217467665672302,1
6021,230618_4-2-0.tif,"[5002.432769775391, 9248.524124145508, 37.56597900390625, 22.099716186523438]",0.821627676486969,1
6022,230618_4-2-0.tif,"[3488.0794067382812, 8301.664245605469, 26.33349609375, 30.090179443359375]",0.821090042591095,1
6023,230618_4-2-0.tif,"[2215.2930908203125, 9571.020385742188, 37.10107421875, 16.905487060546875]",0.8209507465362549,1
6024,230618_4-2-0.tif,"[2556.7614135742188, 9348.198303222656, 31.98406410217285, 20.829618453979492]",0.8201478123664856,1
6025,230618_4-2-0.tif,"[5658.7938232421875, 9086.167938232422, 22.282928466796875, 29.073516845703125]",0.8193197846412659,1
6026,230618_4-2-0.tif,"[4236.335693359375, 6800.386367797852, 31.84259033203125, 20.57745361328125]",0.8182290196418762,1
6027,230618_4-2-0.tif,"[3012.9729614257812, 9397.277587890625, 22.2825927734375, 33.7227783203125]",0.8178716897964478,1
6028,230618_4-2-0.tif,"[4245.501953125, 8200.68906211853, 34.379425048828125, 17.378747940063477]",0.8170481324195862,1
6029,230618_4-2-0.tif,"[2829.4561157226562, 5640.477294921875, 18.48260498046875, 35.996368408203125]",0.816473662853241,1
6030,230618_4-2-0.tif,"[2709.7015075683594, 9363.982177734375, 37.751373291015625, 21.096179962158203]",0.8162878155708313,1
6031,230618_4-2-0.tif,"[6693.8275146484375, 9213.559448242188, 35.0078125, 20.249420166015625]",0.8158175349235535,1
6032,230618_4-2-0.tif,"[5192.0424880981445, 9976.452575683594, 19.23741912841797, 23.46685791015625]",0.8148983716964722,1
6033,230618_4-2-0.tif,"[4855.3001708984375, 9565.676086425781, 35.469970703125, 23.62451171875]",0.8146771788597107,1
6034,230618_4-2-0.tif,"[6917.673034667969, 6147.5338134765625, 32.4898681640625, 21.72412109375]",0.8140305876731873,1
6035,230618_4-2-0.tif,"[6308.80973815918, 8505.074005126953, 33.03472900390625, 19.49310302734375]",0.8139673471450806,1
6036,230618_4-2-0.tif,"[6177.616882324219, 8232.75358581543, 36.70648193359375, 19.506484985351562]",0.813742995262146,1
6037,230618_4-2-0.tif,"[3758.4063415527344, 8476.11849975586, 33.66943359375, 16.74859619140625]",0.8132650852203369,1
6038,230618_4-2-0.tif,"[7264.564880371094, 8649.12841796875, 35.090057373046875, 17.2286376953125]",0.8130103349685669,1
6039,230618_4-2-0.tif,"[7421.37190246582, 5706.954650878906, 35.32810974121094, 17.3843994140625]",0.8129485249519348,1
6040,230618_4-2-0.tif,"[6100.027648925781, 8322.095687866211, 21.3638916015625, 35.007843017578125]",0.81247878074646,1
6041,230618_4-2-0.tif,"[2404.026153564453, 8771.256286621094, 18.35137939453125, 33.161865234375]",0.8124549388885498,1
6042,230618_4-2-0.tif,"[3525.0562744140625, 7858.257720947266, 29.79974365234375, 26.4478759765625]",0.8108242154121399,1
6043,230618_4-2-0.tif,"[6474.281677246094, 8650.015808105469, 36.044921875, 17.964111328125]",0.810610294342041,1
6044,230618_4-2-0.tif,"[6020.30859375, 8051.968933105469, 32.3602294921875, 20.057861328125]",0.8104786276817322,1
6045,230618_4-2-0.tif,"[3010.3439331054688, 8699.99545288086, 32.14215087890625, 26.626251220703125]",0.8098405599594116,1
6046,230618_4-2-0.tif,"[8053.449035644531, 5503.7642822265625, 29.51806640625, 18.02459716796875]",0.8098013997077942,1
6047,230618_4-2-0.tif,"[5539.708282470703, 9442.982940673828, 34.988525390625, 20.01043701171875]",0.8097594976425171,1
6048,230618_4-2-0.tif,"[8110.152435302734, 8103.084716796875, 29.45623779296875, 24.864013671875]",0.8092965483665466,1
6049,230618_4-2-0.tif,"[7576.229431152344, 8617.94155883789, 30.7877197265625, 16.09820556640625]",0.8092609643936157,1
6050,230618_4-2-0.tif,"[3859.7960205078125, 7487.968444824219, 20.3709716796875, 35.04742431640625]",0.8088478446006775,1
6051,230618_4-2-0.tif,"[6537.067962646484, 8853.537353515625, 27.21734619140625, 26.23260498046875]",0.808748185634613,1
6052,230618_4-2-0.tif,"[2743.0519409179688, 7901.4886474609375, 30.97161865234375, 24.9859619140625]",0.8086915016174316,1
6053,230618_4-2-0.tif,"[6468.379577636719, 6443.571594238281, 28.20855712890625, 25.72833251953125]",0.8086737990379333,1
6054,230618_4-2-0.tif,"[8461.488586425781, 5987.6461181640625, 31.65478515625, 16.1419677734375]",0.8085728883743286,1
6055,230618_4-2-0.tif,"[5792.867446899414, 9339.789741516113, 21.944534301757812, 33.16273212432861]",0.8084166646003723,1
6056,230618_4-2-0.tif,"[4276.3929443359375, 6842.113922119141, 33.336181640625, 18.55059814453125]",0.8083675503730774,1
6057,230618_4-2-0.tif,"[6222.883544921875, 8619.308563232422, 16.555747985839844, 33.96502685546875]",0.8079230785369873,1
6058,230618_4-2-0.tif,"[5599.205322265625, 8656.488098144531, 28.1336669921875, 27.0506591796875]",0.8076790571212769,1
6059,230618_4-2-0.tif,"[4096.2427978515625, 7791.35595703125, 35.51416015625, 21.761367797851562]",0.8070768713951111,1
6060,230618_4-2-0.tif,"[2058.208080291748, 9245.679885864258, 25.56066131591797, 24.799758911132812]",0.8069866299629211,1
6061,230618_4-2-0.tif,"[4423.005798339844, 9332.910583496094, 19.56634521484375, 32.32037353515625]",0.8069769740104675,1
6062,230618_4-2-0.tif,"[4506.395324707031, 9233.465393066406, 23.1466064453125, 31.21435546875]",0.8068957328796387,1
6063,230618_4-2-0.tif,"[3919.9664916992188, 7610.197235107422, 36.888671875, 20.0062255859375]",0.8068812489509583,1
6064,230618_4-2-0.tif,"[2038.6083984375, 9393.227493286133, 27.444923400878906, 37.24305725097656]",0.8066754341125488,1
6065,230618_4-2-0.tif,"[4698.011795043945, 9530.792175292969, 18.360641479492188, 39.0386962890625]",0.8061888813972473,1
6066,230618_4-2-0.tif,"[5522.3077392578125, 7961.5340576171875, 27.28515625, 29.727294921875]",0.8057787418365479,1
6067,230618_4-2-0.tif,"[612.44970703125, 9505.33432006836, 17.44769287109375, 33.32391357421875]",0.8057703375816345,1
6068,230618_4-2-0.tif,"[4510.571624755859, 9771.615478515625, 35.94244384765625, 17.155792236328125]",0.805571973323822,1
6069,230618_4-2-0.tif,"[6838.345977783203, 9224.725288391113, 31.697967529296875, 16.813915252685547]",0.8055034279823303,1
6070,230618_4-2-0.tif,"[5967.75537109375, 8407.29507446289, 31.3831787109375, 22.99652099609375]",0.8051478862762451,1
6071,230618_4-2-0.tif,"[4891.6138916015625, 7271.651840209961, 20.87847900390625, 29.731719970703125]",0.8049781322479248,1
6072,230618_4-2-0.tif,"[7117.041015625, 9100.821380615234, 23.4720458984375, 35.864501953125]",0.8048624396324158,1
6073,230618_4-2-0.tif,"[4535.071075439453, 6694.962890625, 29.56951904296875, 20.083431243896484]",0.8047100305557251,1
6074,230618_4-2-0.tif,"[6402.9051513671875, 8498.815399169922, 37.007568359375, 19.064697265625]",0.8044266104698181,1
6075,230618_4-2-0.tif,"[7042.855041503906, 9241.415014266968, 30.2713623046875, 21.037866592407227]",0.8041813373565674,1
6076,230618_4-2-0.tif,"[4255.440155029297, 9404.019760131836, 29.390655517578125, 28.859207153320312]",0.8037772178649902,1
6077,230618_4-2-0.tif,"[4542.457824707031, 9330.306274414062, 38.00396728515625, 18.21575927734375]",0.8037247061729431,1
6078,230618_4-2-0.tif,"[5702.561767578125, 9486.177963256836, 20.962631225585938, 28.582366943359375]",0.8034892678260803,1
6079,230618_4-2-0.tif,"[5408.390441894531, 8651.839721679688, 32.3980712890625, 16.15618896484375]",0.8033266067504883,1
6080,230618_4-2-0.tif,"[6543.24365234375, 9705.721801757812, 34.9947509765625, 18.43255615234375]",0.8031831383705139,1
6081,230618_4-2-0.tif,"[3566.2479248046875, 7424.428649902344, 23.4312744140625, 30.27056884765625]",0.8031124472618103,1
6082,230618_4-2-0.tif,"[6381.1072998046875, 7777.249450683594, 23.893280029296875, 29.625701904296875]",0.8030537366867065,1
6083,230618_4-2-0.tif,"[3684.7396240234375, 7199.381366729736, 32.509124755859375, 22.685710906982422]",0.8029997944831848,1
6084,230618_4-2-0.tif,"[4931.905578613281, 8915.243682861328, 25.59112548828125, 27.46038818359375]",0.8029264807701111,1
6085,230618_4-2-0.tif,"[8249.233978271484, 8558.787628173828, 18.71124267578125, 31.57977294921875]",0.8028013110160828,1
6086,230618_4-2-0.tif,"[8791.125793457031, 5257.548736572266, 29.6888427734375, 18.0074462890625]",0.8027745485305786,1
6087,230618_4-2-0.tif,"[2132.5322341918945, 9714.743347167969, 25.17540740966797, 28.75152587890625]",0.8027507662773132,1
6088,230618_4-2-0.tif,"[2545.803192138672, 9961.4404296875, 37.18497848510742, 20.6934814453125]",0.8024512529373169,1
6089,230618_4-2-0.tif,"[7291.805618286133, 3124.6716918945312, 27.039947509765625, 37.830528259277344]",0.8024330139160156,1
6090,230618_4-2-0.tif,"[4779.447814941406, 9575.266357421875, 24.34954833984375, 35.935302734375]",0.8021190166473389,1
6091,230618_4-2-0.tif,"[2725.6949768066406, 9817.457275390625, 18.179351806640625, 36.79302978515625]",0.8020925521850586,1
6092,230618_4-2-0.tif,"[4097.6463623046875, 9289.711608886719, 32.158447265625, 23.95623779296875]",0.8019945621490479,1
6093,230618_4-2-0.tif,"[3924.742950439453, 8143.564147949219, 33.34814453125, 19.2486572265625]",0.801600992679596,1
6094,230618_4-2-0.tif,"[6121.188171386719, 8607.143463134766, 37.5985689163208, 24.359527587890625]",0.8015238046646118,1
6095,230618_4-2-0.tif,"[3162.14453125, 5645.053554534912, 40.44219970703125, 18.74738311767578]",0.8015092015266418,1
6096,230618_4-2-0.tif,"[6099.758483886719, 8196.517456054688, 18.29180908203125, 36.76153564453125]",0.801390528678894,1
6097,230618_4-2-0.tif,"[2543.8028564453125, 9550.003540039062, 33.112213134765625, 41.00579833984375]",0.8007627725601196,1
6098,230618_4-2-0.tif,"[7093.648132324219, 7496.221740722656, 36.85968017578125, 18.5675048828125]",0.8007349371910095,1
6099,230618_4-2-0.tif,"[4298.465240478516, 8531.049560546875, 32.5906982421875, 19.358154296875]",0.8006895184516907,1
6100,230618_4-2-0.tif,"[5677.858154296875, 7024.929504394531, 37.34492492675781, 18.99114990234375]",0.800413966178894,1
6101,230618_4-2-0.tif,"[7192.083246231079, 8136.823303222656, 32.96845817565918, 18.898681640625]",0.8003565073013306,1
6102,230618_4-2-0.tif,"[5241.956848144531, 9461.861053466797, 27.916259765625, 25.906707763671875]",0.8000297546386719,1
6103,230618_4-2-0.tif,"[2384.6751098632812, 7722.695556640625, 31.9144287109375, 15.927490234375]",0.7999981641769409,1
6104,230618_4-2-0.tif,"[2043.6491394042969, 8987.615844726562, 41.404083251953125, 19.55560302734375]",0.7999122738838196,1
6105,230618_4-2-0.tif,"[7378.851898193359, 9227.316711425781, 21.28692626953125, 32.52655029296875]",0.799904465675354,1
6106,230618_4-2-0.tif,"[4419.289642333984, 8733.779541015625, 32.697784423828125, 16.73828125]",0.7997229099273682,1
6107,230618_4-2-0.tif,"[6509.418121337891, 9187.360473632812, 39.6495361328125, 20.7230224609375]",0.7996472716331482,1
6108,230618_4-2-0.tif,"[1553.2328720092773, 9338.497314453125, 45.044960021972656, 18.897750854492188]",0.7996466755867004,1
6109,230618_4-2-0.tif,"[6998.690734863281, 8528.666748046875, 27.0811767578125, 27.34539794921875]",0.7995508909225464,1
6110,230618_4-2-0.tif,"[7181.94921875, 7178.421569824219, 17.016845703125, 38.89080810546875]",0.7994469404220581,1
6111,230618_4-2-0.tif,"[7853.679748535156, 8263.519226074219, 32.94952392578125, 19.35693359375]",0.799321174621582,1
6112,230618_4-2-0.tif,"[7948.704162597656, 7310.494430541992, 40.0167236328125, 19.257568359375]",0.7991091012954712,1
6113,230618_4-2-0.tif,"[7842.652877807617, 7896.953308105469, 23.44488525390625, 26.300201416015625]",0.7989410758018494,1
6114,230618_4-2-0.tif,"[4128.781059265137, 9652.519409179688, 17.57404327392578, 32.5848388671875]",0.7986774444580078,1
6115,230618_4-2-0.tif,"[7589.671783447266, 6604.928039550781, 32.46795654296875, 18.61474609375]",0.7986647486686707,1
6116,230618_4-2-0.tif,"[7264.82861328125, 9327.417236328125, 33.81208801269531, 23.115280151367188]",0.7985218167304993,1
6117,230618_4-2-0.tif,"[3355.934326171875, 7037.811798095703, 20.421142578125, 29.9097900390625]",0.798454225063324,1
6118,230618_4-2-0.tif,"[2733.0172729492188, 9600.39584350586, 18.4378662109375, 37.082183837890625]",0.798412024974823,1
6119,230618_4-2-0.tif,"[1156.9546203613281, 9003.188934326172, 21.40423583984375, 31.7066650390625]",0.7983532547950745,1
6120,230618_4-2-0.tif,"[4180.796836853027, 8832.414276123047, 18.943519592285156, 35.289459228515625]",0.7982534766197205,1
6121,230618_4-2-0.tif,"[7491.0147705078125, 8167.438873291016, 38.30889892578125, 19.53900146484375]",0.7981093525886536,1
6122,230618_4-2-0.tif,"[2012.7406005859375, 8031.688659667969, 30.2965087890625, 22.634521484375]",0.7979402542114258,1
6123,230618_4-2-0.tif,"[7528.968017578125, 9122.955078125, 33.43658447265625, 18.5506591796875]",0.797687828540802,1
6124,230618_4-2-0.tif,"[2626.631362915039, 8193.837547302246, 21.614120483398438, 32.588199615478516]",0.7973470091819763,1
6125,230618_4-2-0.tif,"[3624.5145568847656, 8291.306427001953, 33.578155517578125, 19.472702026367188]",0.7970885634422302,1
6126,230618_4-2-0.tif,"[3955.7478637695312, 7777.8275146484375, 36.048095703125, 20.217529296875]",0.7970185875892639,1
6127,230618_4-2-0.tif,"[5393.212158203125, 9891.9326171875, 35.0911865234375, 18.5953369140625]",0.7969344854354858,1
6128,230618_4-2-0.tif,"[276.1927795410156, 9836.455932617188, 18.042816162109375, 42.29022216796875]",0.7964304089546204,1
6129,230618_4-2-0.tif,"[6654.169189453125, 8865.54556274414, 31.215404510498047, 18.1549072265625]",0.7962024211883545,1
6130,230618_4-2-0.tif,"[2915.3698120117188, 7086.065979003906, 17.01171875, 36.41583251953125]",0.7960483431816101,1
6131,230618_4-2-0.tif,"[2825.8488159179688, 7399.478424072266, 21.52783203125, 27.123870849609375]",0.7960154414176941,1
6132,230618_4-2-0.tif,"[5800.6290283203125, 8641.009216308594, 26.0216064453125, 27.890625]",0.796005368232727,1
6133,230618_4-2-0.tif,"[8172.538757324219, 5728.003189086914, 30.00885009765625, 19.241195678710938]",0.7956432104110718,1
6134,230618_4-2-0.tif,"[3310.2799072265625, 9826.23095703125, 31.126556396484375, 27.135986328125]",0.7955418229103088,1
6135,230618_4-2-0.tif,"[5112.405487060547, 9284.791488647461, 32.343605041503906, 25.198501586914062]",0.7953596115112305,1
6136,230618_4-2-0.tif,"[7332.327087402344, 7358.220520019531, 16.6572265625, 35.0765380859375]",0.7951958179473877,1
6137,230618_4-2-0.tif,"[445.71337890625, 9511.554321289062, 18.275390625, 36.957366943359375]",0.7950507402420044,1
6138,230618_4-2-0.tif,"[5376.466064453125, 8459.321655273438, 34.77886962890625, 23.200927734375]",0.7949347496032715,1
6139,230618_4-2-0.tif,"[696.7511596679688, 9427.27523803711, 34.903076171875, 21.5067138671875]",0.794891357421875,1
6140,230618_4-2-0.tif,"[2044.5896606445312, 9629.835998535156, 26.82244110107422, 29.21051025390625]",0.7947820425033569,1
6141,230618_4-2-0.tif,"[2665.029228210449, 9596.501281738281, 19.06244659423828, 38.9339599609375]",0.7941205501556396,1
6142,230618_4-2-0.tif,"[2149.8428955078125, 8748.479064941406, 30.949478149414062, 24.840484619140625]",0.7940388917922974,1
6143,230618_4-2-0.tif,"[6906.558883666992, 7040.5445556640625, 17.806289672851562, 37.33782958984375]",0.794010579586029,1
6144,230618_4-2-0.tif,"[3622.0936546325684, 8808.625915527344, 24.515216827392578, 28.593292236328125]",0.7938172221183777,1
6145,230618_4-2-0.tif,"[3145.8746643066406, 9266.047367095947, 19.837615966796875, 37.239131927490234]",0.7937279343605042,1
6146,230618_4-2-0.tif,"[8728.348052978516, 7002.775939941406, 35.63285827636719, 17.324188232421875]",0.793727457523346,1
6147,230618_4-2-0.tif,"[5728.701354980469, 4613.8638916015625, 38.12078857421875, 20.265748977661133]",0.7936305999755859,1
6148,230618_4-2-0.tif,"[3803.676986694336, 9863.919738769531, 17.543060302734375, 39.5205078125]",0.7933655977249146,1
6149,230618_4-2-0.tif,"[6088.125244140625, 9388.355968475342, 36.9635009765625, 20.89068603515625]",0.7933469414710999,1
6150,230618_4-2-0.tif,"[6721.467391967773, 8574.469116210938, 16.611892700195312, 34.139892578125]",0.7933056950569153,1
6151,230618_4-2-0.tif,"[2328.048583984375, 9260.720092773438, 35.721435546875, 25.146026611328125]",0.7932060956954956,1
6152,230618_4-2-0.tif,"[7529.93017578125, 8242.467651367188, 32.14892578125, 24.0458984375]",0.7927740216255188,1
6153,230618_4-2-0.tif,"[5824.163024902344, 9971.94580078125, 34.309906005859375, 17.049072265625]",0.7927517294883728,1
6154,230618_4-2-0.tif,"[4014.2367248535156, 9662.053466796875, 21.286773681640625, 25.13641357421875]",0.7926464080810547,1
6155,230618_4-2-0.tif,"[919.805908203125, 9819.657409667969, 36.525970458984375, 18.78192138671875]",0.792631208896637,1
6156,230618_4-2-0.tif,"[5568.717041015625, 8792.320327758789, 30.316650390625, 19.309951782226562]",0.792502224445343,1
6157,230618_4-2-0.tif,"[8035.080810546875, 7651.922607421875, 20.10498046875, 30.50823974609375]",0.791893720626831,1
6158,230618_4-2-0.tif,"[6954.284973144531, 6719.931884765625, 27.9337158203125, 35.107666015625]",0.7916870713233948,1
6159,230618_4-2-0.tif,"[7133.768524169922, 8557.002044677734, 16.0052490234375, 29.89471435546875]",0.791498601436615,1
6160,230618_4-2-0.tif,"[6706.787109375, 6824.321960449219, 26.7919921875, 30.5648193359375]",0.7914535999298096,1
6161,230618_4-2-0.tif,"[8186.752624511719, 7425.816589355469, 18.783212661743164, 39.08294677734375]",0.7914520502090454,1
6162,230618_4-2-0.tif,"[6573.7752685546875, 9090.819549560547, 18.93817138671875, 35.899169921875]",0.7913479804992676,1
6163,230618_4-2-0.tif,"[7754.886962890625, 7837.429504394531, 17.34246826171875, 35.964141845703125]",0.7912788391113281,1
6164,230618_4-2-0.tif,"[3247.690643310547, 9087.751159667969, 35.831268310546875, 23.4278564453125]",0.7911792993545532,1
6165,230618_4-2-0.tif,"[3316.3756713867188, 9469.416122436523, 17.43853759765625, 34.29107666015625]",0.790787935256958,1
6166,230618_4-2-0.tif,"[4250.745208740234, 9129.166076660156, 20.01171875, 33.9908447265625]",0.7905401587486267,1
6167,230618_4-2-0.tif,"[4112.640182495117, 8727.126085281372, 27.938064575195312, 29.584775924682617]",0.7903960943222046,1
6168,230618_4-2-0.tif,"[4989.5357666015625, 8574.489288330078, 33.54296875, 18.0064697265625]",0.79032963514328,1
6169,230618_4-2-0.tif,"[7044.9586181640625, 9891.468383789062, 28.2025146484375, 24.8843994140625]",0.7902106642723083,1
6170,230618_4-2-0.tif,"[4152.293853759766, 8941.03335571289, 37.598358154296875, 17.89532470703125]",0.7900840044021606,1
6171,230618_4-2-0.tif,"[7933.910430908203, 8308.418487548828, 34.3382568359375, 18.739303588867188]",0.7897008061408997,1
6172,230618_4-2-0.tif,"[2800.4989013671875, 8532.291259765625, 32.2899169921875, 19.8717041015625]",0.7895830869674683,1
6173,230618_4-2-0.tif,"[8736.437599182129, 7135.1788330078125, 29.677513122558594, 22.75299072265625]",0.7895419001579285,1
6174,230618_4-2-0.tif,"[7030.831634521484, 6562.730224609375, 35.22357177734375, 18.01666259765625]",0.7895026206970215,1
6175,230618_4-2-0.tif,"[6868.487167358398, 7906.907928466797, 32.73724365234375, 18.83673095703125]",0.7893469333648682,1
6176,230618_4-2-0.tif,"[6511.656890869141, 7699.8482666015625, 26.785186767578125, 26.403038024902344]",0.7892100214958191,1
6177,230618_4-2-0.tif,"[6669.677792549133, 5964.2939453125, 21.43710994720459, 31.1700439453125]",0.7890818119049072,1
6178,230618_4-2-0.tif,"[3296.300018310547, 6696.859130859375, 35.5218505859375, 18.933624267578125]",0.78895103931427,1
6179,230618_4-2-0.tif,"[6309.7799072265625, 8351.675018310547, 34.37139892578125, 18.8104248046875]",0.7888783812522888,1
6180,230618_4-2-0.tif,"[7391.939392089844, 7250.558044433594, 26.72015380859375, 35.49462890625]",0.7888781428337097,1
6181,230618_4-2-0.tif,"[7346.7733154296875, 8284.613906860352, 35.05279541015625, 19.636581420898438]",0.7888533473014832,1
6182,230618_4-2-0.tif,"[3411.497314453125, 6364.992218017578, 16.8089599609375, 35.0980224609375]",0.788803219795227,1
6183,230618_4-2-0.tif,"[2816.3948974609375, 8686.008483886719, 17.87353515625, 36.90912628173828]",0.7886833548545837,1
6184,230618_4-2-0.tif,"[5403.058776855469, 8081.171447753906, 28.2764892578125, 29.22412109375]",0.7886744737625122,1
6185,230618_4-2-0.tif,"[5151.920278549194, 9632.930084228516, 17.758562088012695, 34.568572998046875]",0.7884661555290222,1
6186,230618_4-2-0.tif,"[5080.380615234375, 8404.867431640625, 23.35089111328125, 30.911376953125]",0.788458526134491,1
6187,230618_4-2-0.tif,"[6827.403549194336, 8758.886894226074, 24.361038208007812, 29.739913940429688]",0.787548840045929,1
6188,230618_4-2-0.tif,"[7036.2423095703125, 2947.42626953125, 40.1182861328125, 37.7823486328125]",0.7867891788482666,1
6189,230618_4-2-0.tif,"[1045.1325721740723, 9590.262817382812, 23.310176849365234, 31.8365478515625]",0.7867292761802673,1
6190,230618_4-2-0.tif,"[4669.3392333984375, 8916.669311523438, 32.560302734375, 20.861297607421875]",0.7865650057792664,1
6191,230618_4-2-0.tif,"[2705.175079345703, 9284.536575317383, 34.4390869140625, 21.091964721679688]",0.7865573167800903,1
6192,230618_4-2-0.tif,"[4991.231231689453, 7238.299560546875, 30.376220703125, 17.585693359375]",0.7864680290222168,1
6193,230618_4-2-0.tif,"[3054.9706115722656, 8897.59243774414, 38.25099563598633, 20.94000244140625]",0.7864390015602112,1
6194,230618_4-2-0.tif,"[2441.240447998047, 8488.913818359375, 29.15264892578125, 22.8038330078125]",0.7864335179328918,1
6195,230618_4-2-0.tif,"[6698.227752685547, 9018.025634765625, 24.245147705078125, 29.51220703125]",0.7864055037498474,1
6196,230618_4-2-0.tif,"[3574.1465454101562, 9170.253448486328, 24.83725357055664, 30.34930419921875]",0.7862215638160706,1
6197,230618_4-2-0.tif,"[2684.764175415039, 8241.740997314453, 18.3973388671875, 35.918548583984375]",0.7861627340316772,1
6198,230618_4-2-0.tif,"[2663.9810791015625, 9476.7734375, 24.325164794921875, 33.61737060546875]",0.7861248850822449,1
6199,230618_4-2-0.tif,"[4741.088592529297, 8349.229919433594, 28.91455078125, 27.9697265625]",0.7861229777336121,1
6200,230618_4-2-0.tif,"[6573.3876953125, 6932.490753173828, 39.7913818359375, 19.73193359375]",0.7858018279075623,1
6201,230618_4-2-0.tif,"[8027.0428466796875, 7494.437072753906, 24.8841552734375, 24.32904052734375]",0.78577721118927,1
6202,230618_4-2-0.tif,"[6593.561309814453, 7501.741668701172, 31.573974609375, 20.85015869140625]",0.7857041358947754,1
6203,230618_4-2-0.tif,"[9117.795349121094, 4170.910186767578, 24.7322998046875, 29.686798095703125]",0.7852669358253479,1
6204,230618_4-2-0.tif,"[2459.03955078125, 8419.567199707031, 35.7147216796875, 19.425048828125]",0.7851792573928833,1
6205,230618_4-2-0.tif,"[7870.226135253906, 7774.290100097656, 19.5604248046875, 33.697265625]",0.7851445078849792,1
6206,230618_4-2-0.tif,"[2953.1578369140625, 6363.420074462891, 33.637451171875, 15.9390869140625]",0.7851133346557617,1
6207,230618_4-2-0.tif,"[6407.570983886719, 6526.806732177734, 23.9608154296875, 35.12432861328125]",0.785106897354126,1
6208,230618_4-2-0.tif,"[6752.06787109375, 7171.845703125, 37.132354736328125, 16.7764892578125]",0.7849559187889099,1
6209,230618_4-2-0.tif,"[4459.332183837891, 7812.842224121094, 34.17840576171875, 18.30926513671875]",0.7849301099777222,1
6210,230618_4-2-0.tif,"[3316.5046997070312, 6263.220199584961, 17.833465576171875, 35.765380859375]",0.7843512892723083,1
6211,230618_4-2-0.tif,"[6338.190841674805, 7947.423645019531, 32.326812744140625, 20.274169921875]",0.7842567563056946,1
6212,230618_4-2-0.tif,"[4129.901275634766, 9522.201110839844, 21.389617919921875, 35.9930419921875]",0.783855676651001,1
6213,230618_4-2-0.tif,"[7153.8658447265625, 6589.554992675781, 35.05184555053711, 24.367889404296875]",0.7837794423103333,1
6214,230618_4-2-0.tif,"[4687.135223388672, 8772.374755859375, 35.368865966796875, 18.36083984375]",0.7835776805877686,1
6215,230618_4-2-0.tif,"[2895.2919311523438, 7464.845001220703, 37.39556884765625, 18.592041015625]",0.7834861278533936,1
6216,230618_4-2-0.tif,"[3073.330810546875, 8726.382202148438, 22.177227020263672, 31.28812026977539]",0.783189594745636,1
6217,230618_4-2-0.tif,"[6111.9036865234375, 8969.553619384766, 32.45294189453125, 25.69354248046875]",0.7831242680549622,1
6218,230618_4-2-0.tif,"[5031.503601074219, 7785.383850097656, 22.8787841796875, 31.028167724609375]",0.7830114364624023,1
6219,230618_4-2-0.tif,"[2873.1342163085938, 6823.910217285156, 19.1617431640625, 35.96466064453125]",0.7829902768135071,1
6220,230618_4-2-0.tif,"[6056.862854003906, 9777.320861816406, 33.23828125, 22.39569091796875]",0.7828080058097839,1
6221,230618_4-2-0.tif,"[5285.1514892578125, 2403.383087158203, 33.727294921875, 21.24615478515625]",0.7826092839241028,1
6222,230618_4-2-0.tif,"[7431.639892578125, 8521.111297607422, 32.2392578125, 21.25604248046875]",0.782272219657898,1
6223,230618_4-2-0.tif,"[6817.606231689453, 5015.534118652344, 18.70465087890625, 38.66259765625]",0.7821488976478577,1
6224,230618_4-2-0.tif,"[4801.222930908203, 9701.420959472656, 35.357666015625, 17.8193359375]",0.7821139693260193,1
6225,230618_4-2-0.tif,"[5760.1556396484375, 9682.723449707031, 28.33905029296875, 28.8035888671875]",0.7820310592651367,1
6226,230618_4-2-0.tif,"[8214.562744140625, 6179.818115234375, 38.088401794433594, 19.729736328125]",0.7819101214408875,1
6227,230618_4-2-0.tif,"[2277.467498779297, 7674.11279296875, 37.8280029296875, 20.423720359802246]",0.7817767262458801,1
6228,230618_4-2-0.tif,"[3160.344657897949, 9920.578186035156, 21.95630645751953, 30.21563720703125]",0.7815999984741211,1
6229,230618_4-2-0.tif,"[4999.914367675781, 8004.877685546875, 31.04473876953125, 26.4471435546875]",0.7815420627593994,1
6230,230618_4-2-0.tif,"[6479.669128417969, 6256.64111328125, 18.405517578125, 42.8050537109375]",0.7815214991569519,1
6231,230618_4-2-0.tif,"[8391.236083984375, 8007.209442138672, 35.447021484375, 19.479248046875]",0.7811419367790222,1
6232,230618_4-2-0.tif,"[2215.4769592285156, 8495.917541503906, 16.63787841796875, 36.46014404296875]",0.7808559536933899,1
6233,230618_4-2-0.tif,"[2261.556625366211, 8417.890411376953, 25.720184326171875, 33.38934326171875]",0.7806186676025391,1
6234,230618_4-2-0.tif,"[6477.388244628906, 8847.340911865234, 18.5977783203125, 33.674560546875]",0.7802814841270447,1
6235,230618_4-2-0.tif,"[4184.1160888671875, 8649.909057617188, 37.557861328125, 17.47869873046875]",0.7799609303474426,1
6236,230618_4-2-0.tif,"[5310.443328857422, 7108.735778808594, 35.129150390625, 20.30322265625]",0.7799346446990967,1
6237,230618_4-2-0.tif,"[441.3706359863281, 9309.243041992188, 17.034210205078125, 36.002532958984375]",0.7799314856529236,1
6238,230618_4-2-0.tif,"[5750.3583984375, 9555.175308227539, 17.800994873046875, 36.40077209472656]",0.7799075841903687,1
6239,230618_4-2-0.tif,"[4616.077217102051, 8909.656311035156, 32.84577560424805, 16.501129150390625]",0.7798478603363037,1
6240,230618_4-2-0.tif,"[6171.112873077393, 9315.009307861328, 21.049907684326172, 37.363189697265625]",0.7797554731369019,1
6241,230618_4-2-0.tif,"[2916.481201171875, 8548.649810791016, 38.0518798828125, 18.8548583984375]",0.7797353267669678,1
6242,230618_4-2-0.tif,"[6629.181976318359, 9748.541198730469, 19.27410888671875, 39.17279052734375]",0.7794474363327026,1
6243,230618_4-2-0.tif,"[1979.48828125, 8854.641082763672, 30.1158447265625, 29.081939697265625]",0.7794353365898132,1
6244,230618_4-2-0.tif,"[2713.7449951171875, 9009.908081054688, 16.5108642578125, 37.40869140625]",0.7791783213615417,1
6245,230618_4-2-0.tif,"[6431.147003173828, 6626.603698730469, 28.94842529296875, 29.189453125]",0.7791360020637512,1
6246,230618_4-2-0.tif,"[3733.6736755371094, 9602.839477539062, 23.251983642578125, 26.3074951171875]",0.7790268063545227,1
6247,230618_4-2-0.tif,"[6778.2208251953125, 6915.912353515625, 38.645263671875, 28.46337890625]",0.778976559638977,1
6248,230618_4-2-0.tif,"[3312.3374633789062, 9318.60302734375, 17.43402099609375, 35.2261962890625]",0.7789111733436584,1
6249,230618_4-2-0.tif,"[6099.453216552734, 4671.865478515625, 33.26239013671875, 43.02098083496094]",0.7788255214691162,1
6250,230618_4-2-0.tif,"[945.2151489257812, 9250.61042022705, 18.351318359375, 32.5277099609375]",0.7784801721572876,1
6251,230618_4-2-0.tif,"[5094.314880371094, 9069.52734375, 34.80804443359375, 17.365478515625]",0.7782321572303772,1
6252,230618_4-2-0.tif,"[8004.464050292969, 6162.612609863281, 34.936676025390625, 19.23846435546875]",0.7778711915016174,1
6253,230618_4-2-0.tif,"[3568.4606323242188, 6748.535774230957, 34.174917221069336, 20.87242889404297]",0.7776591777801514,1
6254,230618_4-2-0.tif,"[7942.562927246094, 7501.173858642578, 17.71783447265625, 31.57501220703125]",0.7776147127151489,1
6255,230618_4-2-0.tif,"[559.5728073120117, 9404.54434967041, 18.157516479492188, 37.273216247558594]",0.7774665355682373,1
6256,230618_4-2-0.tif,"[2422.5204162597656, 9268.3451461792, 37.1068115234375, 19.83551025390625]",0.7772010564804077,1
6257,230618_4-2-0.tif,"[3521.4027709960938, 7193.315185546875, 17.4591064453125, 33.644805908203125]",0.7769344449043274,1
6258,230618_4-2-0.tif,"[3583.4852294921875, 8277.58837890625, 20.55406951904297, 33.86102294921875]",0.7768665552139282,1
6259,230618_4-2-0.tif,"[9210.22103881836, 4291.0684814453125, 39.590606689453125, 21.44696044921875]",0.7768609523773193,1
6260,230618_4-2-0.tif,"[4233.341552734375, 7850.24186706543, 34.43524169921875, 16.061553955078125]",0.7768427133560181,1
6261,230618_4-2-0.tif,"[457.3538818359375, 9936.398071289062, 23.25048828125, 33.52685546875]",0.7767319679260254,1
6262,230618_4-2-0.tif,"[7320.583572387695, 6939.752502441406, 19.49322509765625, 31.5426025390625]",0.7766477465629578,1
6263,230618_4-2-0.tif,"[8363.229446411133, 7857.817413330078, 16.2325439453125, 32.92230224609375]",0.7761111259460449,1
6264,230618_4-2-0.tif,"[4838.081741333008, 8187.307769775391, 22.5107421875, 31.296981811523438]",0.7760959267616272,1
6265,230618_4-2-0.tif,"[6597.905456542969, 8346.05093383789, 35.5657958984375, 16.80224609375]",0.7760005593299866,1
6266,230618_4-2-0.tif,"[1326.7117919921875, 9732.412841796875, 17.12445068359375, 34.109954833984375]",0.775948166847229,1
6267,230618_4-2-0.tif,"[3525.7660522460938, 9459.237014770508, 17.65185546875, 38.94432067871094]",0.7759081125259399,1
6268,230618_4-2-0.tif,"[4698.8709716796875, 8475.340148925781, 23.3619384765625, 32.70013427734375]",0.7758808732032776,1
6269,230618_4-2-0.tif,"[3088.5115966796875, 5915.476318359375, 16.734130859375, 41.628631591796875]",0.775704562664032,1
6270,230618_4-2-0.tif,"[3018.3021850585938, 9456.262741088867, 18.42779541015625, 34.45256042480469]",0.7756635546684265,1
6271,230618_4-2-0.tif,"[4311.619598388672, 7629.101348876953, 33.70208740234375, 16.31890869140625]",0.7756170630455017,1
6272,230618_4-2-0.tif,"[2945.781982421875, 5973.7508544921875, 33.2435302734375, 18.864990234375]",0.7755088806152344,1
6273,230618_4-2-0.tif,"[4909.7637939453125, 8292.992370605469, 32.744873046875, 33.242889404296875]",0.7755085229873657,1
6274,230618_4-2-0.tif,"[2295.381317138672, 8346.703918457031, 36.22369384765625, 20.0909423828125]",0.7754836082458496,1
6275,230618_4-2-0.tif,"[4142.751373291016, 9723.455200195312, 18.376083374023438, 29.9256591796875]",0.7754470705986023,1
6276,230618_4-2-0.tif,"[3510.5447387695312, 6057.747650146484, 36.7230224609375, 19.48907470703125]",0.7751616835594177,1
6277,230618_4-2-0.tif,"[6513.6431884765625, 9811.044921875, 18.26849365234375, 38.36248779296875]",0.7749227285385132,1
6278,230618_4-2-0.tif,"[6709.936706542969, 4881.313171386719, 33.97553253173828, 18.0360107421875]",0.7748295664787292,1
6279,230618_4-2-0.tif,"[7811.382354736328, 7927.994903564453, 20.6773681640625, 29.57293701171875]",0.7747944593429565,1
6280,230618_4-2-0.tif,"[8015.78369140625, 9608.564514160156, 36.695068359375, 20.17462158203125]",0.7745659351348877,1
6281,230618_4-2-0.tif,"[6313.85693359375, 9061.210571289062, 35.84979248046875, 21.17236328125]",0.7745217680931091,1
6282,230618_4-2-0.tif,"[8142.5555419921875, 7638.849060058594, 16.89892578125, 37.93304443359375]",0.7744101285934448,1
6283,230618_4-2-0.tif,"[991.2971801757812, 9769.3486328125, 36.7489013671875, 19.49420166015625]",0.7743600010871887,1
6284,230618_4-2-0.tif,"[7508.454406738281, 7898.008758544922, 20.9737548828125, 34.65863037109375]",0.774246871471405,1
6285,230618_4-2-0.tif,"[4248.431686401367, 9045.024475097656, 16.559173583984375, 36.8299560546875]",0.7742201685905457,1
6286,230618_4-2-0.tif,"[2644.4049072265625, 7822.522445678711, 33.173828125, 20.200775146484375]",0.7740249037742615,1
6287,230618_4-2-0.tif,"[2801.6749420166016, 5972.875183105469, 33.42967224121094, 18.4185791015625]",0.7739130854606628,1
6288,230618_4-2-0.tif,"[6899.709777832031, 5806.764373779297, 18.89544677734375, 39.294677734375]",0.7738174796104431,1
6289,230618_4-2-0.tif,"[2420.3010864257812, 9968.517578125, 33.627685546875, 18.449951171875]",0.7736034989356995,1
6290,230618_4-2-0.tif,"[3729.4117736816406, 8352.938293457031, 32.25445556640625, 17.47906494140625]",0.773531436920166,1
6291,230618_4-2-0.tif,"[3951.6398315429688, 6526.3251953125, 33.21112060546875, 19.87200927734375]",0.7734804749488831,1
6292,230618_4-2-0.tif,"[3367.7401428222656, 5661.524932861328, 17.029937744140625, 35.313812255859375]",0.7734673023223877,1
6293,230618_4-2-0.tif,"[357.3768005371094, 9931.058349609375, 38.6563720703125, 15.9119873046875]",0.7732948064804077,1
6294,230618_4-2-0.tif,"[1080.6436767578125, 8936.748168945312, 37.580841064453125, 16.80108642578125]",0.7732230424880981,1
6295,230618_4-2-0.tif,"[3821.9449157714844, 8601.267547607422, 20.89739990234375, 33.19830322265625]",0.7730242013931274,1
6296,230618_4-2-0.tif,"[2431.418212890625, 8129.812316894531, 17.3394775390625, 33.806396484375]",0.7726982235908508,1
6297,230618_4-2-0.tif,"[7945.940612792969, 6562.059753417969, 36.394287109375, 19.2723388671875]",0.7725762128829956,1
6298,230618_4-2-0.tif,"[1284.7216796875, 9432.702575683594, 33.45458984375, 22.1478271484375]",0.7725443840026855,1
6299,230618_4-2-0.tif,"[6578.173095703125, 7033.860534667969, 19.6875, 35.20166015625]",0.7724937796592712,1
6300,230618_4-2-0.tif,"[2130.3036193847656, 7194.232456207275, 25.262420654296875, 29.247913360595703]",0.7723905444145203,1
6301,230618_4-2-0.tif,"[2189.9353637695312, 9145.274719238281, 35.365020751953125, 17.9564208984375]",0.772253692150116,1
6302,230618_4-2-0.tif,"[2844.4945678710938, 6556.949951171875, 20.9654541015625, 32.5897216796875]",0.7721999883651733,1
6303,230618_4-2-0.tif,"[7864.4940185546875, 7571.5889892578125, 32.25689697265625, 19.549560546875]",0.7721115946769714,1
6304,230618_4-2-0.tif,"[5019.898620605469, 9744.101806640625, 17.78271484375, 33.7093505859375]",0.7718241810798645,1
6305,230618_4-2-0.tif,"[672.8811340332031, 9313.653289794922, 34.61474609375, 16.767242431640625]",0.7717623710632324,1
6306,230618_4-2-0.tif,"[1170.378173828125, 9965.384582519531, 31.6695556640625, 22.5028076171875]",0.7716972231864929,1
6307,230618_4-2-0.tif,"[2173.364212036133, 9742.531616210938, 17.906280517578125, 32.916015625]",0.7714958190917969,1
6308,230618_4-2-0.tif,"[2541.4898681640625, 8992.156860351562, 20.6651611328125, 36.65093994140625]",0.7712762951850891,1
6309,230618_4-2-0.tif,"[5021.297821044922, 9022.80615234375, 18.44085693359375, 35.22003173828125]",0.7712489366531372,1
6310,230618_4-2-0.tif,"[3178.603759765625, 9457.09366607666, 28.85162353515625, 26.872238159179688]",0.7712113857269287,1
6311,230618_4-2-0.tif,"[1134.3273162841797, 9132.558837890625, 20.806045532226562, 36.9229736328125]",0.7707992196083069,1
6312,230618_4-2-0.tif,"[8311.925338745117, 9255.342987060547, 28.412612915039062, 45.0380859375]",0.7706350684165955,1
6313,230618_4-2-0.tif,"[2285.0687255859375, 8099.500671386719, 37.01519775390625, 19.0701904296875]",0.7705494165420532,1
6314,230618_4-2-0.tif,"[6918.591705322266, 9980.27294921875, 16.587158203125, 19.683349609375]",0.7703456878662109,1
6315,230618_4-2-0.tif,"[3692.1058349609375, 9014.035858154297, 32.83964538574219, 16.250274658203125]",0.7701409459114075,1
6316,230618_4-2-0.tif,"[8608.37939453125, 7245.8616943359375, 34.36083984375, 19.366455078125]",0.7700445652008057,1
6317,230618_4-2-0.tif,"[5562.147155761719, 9539.176727294922, 36.0838623046875, 19.207916259765625]",0.7699437737464905,1
6318,230618_4-2-0.tif,"[5455.109924316406, 7066.8580322265625, 35.227783203125, 20.9482421875]",0.7699388265609741,1
6319,230618_4-2-0.tif,"[2154.4016723632812, 9239.84910774231, 18.68939208984375, 42.17694664001465]",0.7697316408157349,1
6320,230618_4-2-0.tif,"[6251.394592285156, 8481.050048828125, 29.47705078125, 28.6649169921875]",0.7696397304534912,1
6321,230618_4-2-0.tif,"[7460.175231933594, 7685.47021484375, 22.25732421875, 34.82118225097656]",0.7696288228034973,1
6322,230618_4-2-0.tif,"[1243.7301788330078, 9357.010787963867, 32.64976501464844, 29.784320831298828]",0.7696097493171692,1
6323,230618_4-2-0.tif,"[6423.005798339844, 8917.984741210938, 17.40771484375, 33.5648193359375]",0.7695503830909729,1
6324,230618_4-2-0.tif,"[5580.830810546875, 9805.260070800781, 20.8458251953125, 35.05859375]",0.7693211436271667,1
6325,230618_4-2-0.tif,"[6728.571044921875, 4853.526153564453, 21.21533203125, 31.77764892578125]",0.7690308094024658,1
6326,230618_4-2-0.tif,"[5260.02375793457, 6922.992523193359, 18.081451416015625, 32.35626220703125]",0.7689177393913269,1
6327,230618_4-2-0.tif,"[3089.2730102539062, 5459.7152099609375, 37.5008544921875, 19.6973876953125]",0.7689155340194702,1
6328,230618_4-2-0.tif,"[2533.3485107421875, 9472.447265625, 30.184814453125, 23.96209716796875]",0.7689067125320435,1
6329,230618_4-2-0.tif,"[5236.429504394531, 8699.627502441406, 32.476470947265625, 28.934507369995117]",0.7687882781028748,1
6330,230618_4-2-0.tif,"[4912.759826660156, 6718.074951171875, 31.9605712890625, 43.25244140625]",0.7686399221420288,1
6331,230618_4-2-0.tif,"[6872.38134765625, 8661.429962158203, 16.7442626953125, 32.263427734375]",0.7686283588409424,1
6332,230618_4-2-0.tif,"[2815.091339111328, 8386.92626953125, 18.02154541015625, 34.971832275390625]",0.7686002850532532,1
6333,230618_4-2-0.tif,"[7023.978363037109, 7142.7001953125, 35.21539306640625, 20.5667724609375]",0.7683448791503906,1
6334,230618_4-2-0.tif,"[2196.6241149902344, 6822.874725341797, 38.33538818359375, 19.3203125]",0.7678816318511963,1
6335,230618_4-2-0.tif,"[7642.716064453125, 9123.840057373047, 19.7291259765625, 35.7296142578125]",0.7678041458129883,1
6336,230618_4-2-0.tif,"[5803.842559814453, 9910.700439453125, 29.92303466796875, 18.651123046875]",0.767803430557251,1
6337,230618_4-2-0.tif,"[7765.142333984375, 6648.9736328125, 51.96661376953125, 25.215993881225586]",0.767784595489502,1
6338,230618_4-2-0.tif,"[6854.227127075195, 8539.798583984375, 32.90057373046875, 17.5074462890625]",0.7677142024040222,1
6339,230618_4-2-0.tif,"[8333.106750488281, 9112.581665039062, 19.865234375, 37.058349609375]",0.7674705386161804,1
6340,230618_4-2-0.tif,"[7929.116943359375, 5994.582214355469, 41.0152587890625, 18.93505859375]",0.7673781514167786,1
6341,230618_4-2-0.tif,"[7370.4423828125, 5815.408264160156, 18.6865234375, 37.455902099609375]",0.7669507265090942,1
6342,230618_4-2-0.tif,"[3993.2651977539062, 9383.57731628418, 32.4617919921875, 25.14337158203125]",0.7664008736610413,1
6343,230618_4-2-0.tif,"[5665.50341796875, 7835.629821777344, 31.391357421875, 21.55157470703125]",0.7663654088973999,1
6344,230618_4-2-0.tif,"[5361.694549560547, 8284.488037109375, 18.40283203125, 39.090576171875]",0.7662233114242554,1
6345,230618_4-2-0.tif,"[3619.0107040405273, 7007.944763183594, 30.53485870361328, 21.17529296875]",0.766065239906311,1
6346,230618_4-2-0.tif,"[7399.441223144531, 3653.069778442383, 28.427642822265625, 18.681686401367188]",0.7654392719268799,1
6347,230618_4-2-0.tif,"[7445.194976806641, 6784.146545410156, 31.079345703125, 22.978790283203125]",0.7653123736381531,1
6348,230618_4-2-0.tif,"[6245.211608886719, 5240.7528076171875, 35.96827697753906, 28.3865966796875]",0.7653014063835144,1
6349,230618_4-2-0.tif,"[2278.271697998047, 8175.4366455078125, 28.4261474609375, 31.292133331298828]",0.7651806473731995,1
6350,230618_4-2-0.tif,"[2916.714813232422, 9866.036499023438, 27.16156005859375, 27.6041259765625]",0.7644831538200378,1
6351,230618_4-2-0.tif,"[6844.9791259765625, 7204.8724365234375, 17.98333740234375, 40.2138671875]",0.7644546627998352,1
6352,230618_4-2-0.tif,"[286.4033203125, 9908.321166992188, 17.70758056640625, 40.281494140625]",0.7641134858131409,1
6353,230618_4-2-0.tif,"[2481.2291259765625, 6565.2249755859375, 16.415771484375, 32.918701171875]",0.76401686668396,1
6354,230618_4-2-0.tif,"[5681.1959228515625, 9033.389129638672, 33.9013671875, 20.38116455078125]",0.763940691947937,1
6355,230618_4-2-0.tif,"[2779.4923706054688, 9762.111541748047, 29.703765869140625, 20.865020751953125]",0.7634093761444092,1
6356,230618_4-2-0.tif,"[659.7178344726562, 9834.193420410156, 30.78240966796875, 19.72039794921875]",0.7631722688674927,1
6357,230618_4-2-0.tif,"[7088.944274902344, 3129.856288909912, 24.38592529296875, 45.47146987915039]",0.7631410360336304,1
6358,230618_4-2-0.tif,"[9292.365478515625, 4335.321197509766, 38.61936950683594, 32.51531982421875]",0.7628062963485718,1
6359,230618_4-2-0.tif,"[5637.671914100647, 5481.513397216797, 24.01876735687256, 32.094970703125]",0.7626919150352478,1
6360,230618_4-2-0.tif,"[2668.041015625, 5776.80126953125, 34.097015380859375, 27.5281982421875]",0.7626116275787354,1
6361,230618_4-2-0.tif,"[6898.651794433594, 6049.3052978515625, 40.11614990234375, 20.296875]",0.7625681161880493,1
6362,230618_4-2-0.tif,"[290.275146484375, 9366.507781982422, 32.8583984375, 21.1553955078125]",0.7619644403457642,1
6363,230618_4-2-0.tif,"[2314.234161376953, 8253.547607421875, 34.247222900390625, 21.264892578125]",0.761904776096344,1
6364,230618_4-2-0.tif,"[4358.184234619141, 9222.740234375, 17.63287353515625, 35.85791778564453]",0.7618615031242371,1
6365,230618_4-2-0.tif,"[3620.207290649414, 7352.740325927734, 38.4393310546875, 20.8564453125]",0.7616437673568726,1
6366,230618_4-2-0.tif,"[6908.941970825195, 7108.246398925781, 34.26585388183594, 16.45257568359375]",0.7613241672515869,1
6367,230618_4-2-0.tif,"[7100.244476318359, 8149.844512939453, 18.8236083984375, 32.92919921875]",0.7610357403755188,1
6368,230618_4-2-0.tif,"[7772.3265380859375, 7066.9442138671875, 29.20068359375, 27.4898681640625]",0.760727047920227,1
6369,230618_4-2-0.tif,"[1486.5709228515625, 8670.934631347656, 20.05682373046875, 37.66510009765625]",0.760242760181427,1
6370,230618_4-2-0.tif,"[5710.240234375, 9858.506652832031, 29.2369384765625, 15.23309326171875]",0.7601984143257141,1
6371,230618_4-2-0.tif,"[5640.712905883789, 8886.757354736328, 34.17930603027344, 23.726806640625]",0.7599756121635437,1
6372,230618_4-2-0.tif,"[8570.166381835938, 6438.304992675781, 18.4666748046875, 31.068115234375]",0.7598200440406799,1
6373,230618_4-2-0.tif,"[7233.1347732543945, 8691.482971191406, 30.22308349609375, 46.49755859375]",0.7594680190086365,1
6374,230618_4-2-0.tif,"[2399.8060302734375, 7187.165107727051, 37.2020263671875, 19.316864013671875]",0.759355902671814,1
6375,230618_4-2-0.tif,"[7035.314453125, 8186.081512451172, 21.98773193359375, 31.5264949798584]",0.7587456703186035,1
6376,230618_4-2-0.tif,"[5571.609680175781, 5498.7171630859375, 19.23992919921875, 35.9769287109375]",0.758590817451477,1
6377,230618_4-2-0.tif,"[6047.486999511719, 7076.9002685546875, 33.6226806640625, 25.756103515625]",0.7583379745483398,1
6378,230618_4-2-0.tif,"[6756.770523071289, 8942.478759765625, 22.324569702148438, 35.5902099609375]",0.7582749128341675,1
6379,230618_4-2-0.tif,"[4007.9708557128906, 8310.422973632812, 32.168609619140625, 24.545989990234375]",0.7577463984489441,1
6380,230618_4-2-0.tif,"[7835.483444213867, 8611.714569091797, 32.1597900390625, 21.5560302734375]",0.7576977610588074,1
6381,230618_4-2-0.tif,"[391.7184753417969, 8944.959045410156, 18.47247314453125, 38.06219482421875]",0.7576210498809814,1
6382,230618_4-2-0.tif,"[3180.32666015625, 8407.253875732422, 18.18994140625, 33.11553955078125]",0.7569159865379333,1
6383,230618_4-2-0.tif,"[4053.8280029296875, 9929.253112792969, 23.9818115234375, 29.4688720703125]",0.7568932175636292,1
6384,230618_4-2-0.tif,"[3978.2803344726562, 9654.458374023438, 32.61090087890625, 27.56365966796875]",0.756726086139679,1
6385,230618_4-2-0.tif,"[7712.926803588867, 5885.984283447266, 35.50309753417969, 18.69891357421875]",0.7566832304000854,1
6386,230618_4-2-0.tif,"[7330.215957641602, 7039.388092041016, 16.900848388671875, 33.350341796875]",0.7566049098968506,1
6387,230618_4-2-0.tif,"[3152.3582763671875, 7634.215759277344, 24.00830078125, 29.66375732421875]",0.7564619779586792,1
6388,230618_4-2-0.tif,"[9482.336883544922, 8315.776351928711, 37.137420654296875, 42.09326171875]",0.7562394738197327,1
6389,230618_4-2-0.tif,"[7972.906036376953, 7723.057327270508, 24.83856201171875, 39.67192077636719]",0.7555515766143799,1
6390,230618_4-2-0.tif,"[2729.0220336914062, 8822.394897460938, 30.4654541015625, 28.303802490234375]",0.7553949356079102,1
6391,230618_4-2-0.tif,"[189.11929321289062, 9457.672424316406, 18.1212158203125, 40.29638671875]",0.7552060484886169,1
6392,230618_4-2-0.tif,"[4246.5936279296875, 8957.382797241211, 37.83349609375, 19.709365844726562]",0.7550256252288818,1
6393,230618_4-2-0.tif,"[4292.993225097656, 6392.4072265625, 30.07989501953125, 24.14117431640625]",0.7542898058891296,1
6394,230618_4-2-0.tif,"[3126.3686485290527, 9065.562896728516, 27.83700942993164, 26.857574462890625]",0.7535076141357422,1
6395,230618_4-2-0.tif,"[4065.6852416992188, 7080.888854980469, 32.482177734375, 19.605224609375]",0.7534191608428955,1
6396,230618_4-2-0.tif,"[2904.206298828125, 6972.616180419922, 42.420166015625, 17.92889404296875]",0.752825915813446,1
6397,230618_4-2-0.tif,"[8755.323425292969, 8939.482635498047, 37.810760498046875, 20.323486328125]",0.7521989345550537,1
6398,230618_4-2-0.tif,"[6861.255096435547, 7642.7603759765625, 18.7586669921875, 38.5516357421875]",0.7521299123764038,1
6399,230618_4-2-0.tif,"[2145.76033782959, 9525.823303222656, 29.759727478027344, 27.039230346679688]",0.7520759105682373,1
6400,230618_4-2-0.tif,"[6837.150360107422, 6385.982421875, 15.7796630859375, 36.720703125]",0.7520719766616821,1
6401,230618_4-2-0.tif,"[7322.343231201172, 6437.324981689453, 18.84356689453125, 37.47039794921875]",0.7519773244857788,1
6402,230618_4-2-0.tif,"[6999.9881591796875, 7445.292785644531, 35.8524169921875, 22.35455322265625]",0.7519357204437256,1
6403,230618_4-2-0.tif,"[7135.566833496094, 8834.087493896484, 47.8261137008667, 21.33868408203125]",0.7514572739601135,1
6404,230618_4-2-0.tif,"[7834.263397216797, 9854.594787597656, 37.91107177734375, 17.5606689453125]",0.7512828707695007,1
6405,230618_4-2-0.tif,"[2618.4461669921875, 8057.315734863281, 31.950103759765625, 16.532470703125]",0.7508272528648376,1
6406,230618_4-2-0.tif,"[4297.731689453125, 8445.321655273438, 35.57476806640625, 19.9625244140625]",0.7501495480537415,1
6407,230618_4-2-0.tif,"[2370.7249145507812, 8841.006332397461, 17.249267578125, 32.077728271484375]",0.7501325607299805,1
6408,230618_4-2-0.tif,"[3466.193603515625, 5484.743621826172, 33.245361328125, 25.33892822265625]",0.749981701374054,1
6409,230618_4-2-0.tif,"[2456.423828125, 8576.103759765625, 31.7169189453125, 27.697265625]",0.749979555606842,1
6410,230618_4-2-0.tif,"[4957.08447265625, 9246.623168945312, 15.9088134765625, 33.234596252441406]",0.7497205138206482,1
6411,230618_4-2-0.tif,"[6967.005798339844, 9317.48324584961, 44.767303466796875, 19.856170654296875]",0.749578595161438,1
6412,230618_4-2-0.tif,"[4719.908538818359, 9802.313110351562, 27.543365478515625, 23.4161376953125]",0.7495626211166382,1
6413,230618_4-2-0.tif,"[3625.70613861084, 6340.890319824219, 24.0899658203125, 32.54779052734375]",0.7494279742240906,1
6414,230618_4-2-0.tif,"[3881.9940795898438, 9411.208190917969, 34.51904296875, 18.855499267578125]",0.749392569065094,1
6415,230618_4-2-0.tif,"[2968.2984008789062, 5253.615875244141, 18.6571044921875, 34.972686767578125]",0.7493586540222168,1
6416,230618_4-2-0.tif,"[7409.425354003906, 5585.017395019531, 28.75506591796875, 22.55010986328125]",0.7486281991004944,1
6417,230618_4-2-0.tif,"[42.877479553222656, 3340.5157775878906, 29.312118530273438, 40.619873046875]",0.7485218048095703,1
6418,230618_4-2-0.tif,"[5928.414001464844, 8644.606628417969, 27.1072998046875, 20.18408203125]",0.7484427690505981,1
6419,230618_4-2-0.tif,"[2073.2688751220703, 9468.07699584961, 20.525413513183594, 53.330078125]",0.7484029531478882,1
6420,230618_4-2-0.tif,"[6328.780746459961, 9630.826904296875, 17.328887939453125, 32.8331298828125]",0.7483781576156616,1
6421,230618_4-2-0.tif,"[4204.065185546875, 8731.107109069824, 32.63505554199219, 18.81197738647461]",0.748177707195282,1
6422,230618_4-2-0.tif,"[5180.06103515625, 9258.914535522461, 37.956298828125, 17.282882690429688]",0.7481266260147095,1
6423,230618_4-2-0.tif,"[7145.501525878906, 2964.56494140625, 36.52526569366455, 34.764190673828125]",0.7479811906814575,1
6424,230618_4-2-0.tif,"[7194.4639892578125, 6113.249084472656, 29.2413330078125, 29.849609375]",0.7479627132415771,1
6425,230618_4-2-0.tif,"[9376.350500106812, 7224.422065734863, 39.2186222076416, 41.31707000732422]",0.7477293014526367,1
6426,230618_4-2-0.tif,"[6223.264617919922, 6493.892578125, 33.4097900390625, 17.36383056640625]",0.7476738691329956,1
6427,230618_4-2-0.tif,"[3678.984359741211, 8681.843627929688, 32.58909606933594, 31.936973571777344]",0.7476242780685425,1
6428,230618_4-2-0.tif,"[94.342041015625, 3636.479736328125, 36.314300537109375, 39.7291259765625]",0.7475153207778931,1
6429,230618_4-2-0.tif,"[7634.4010009765625, 878.49462890625, 30.6705322265625, 49.73077392578125]",0.7474849224090576,1
6430,230618_4-2-0.tif,"[4656.897644042969, 7580.438903808594, 33.428466796875, 42.1236572265625]",0.7471070885658264,1
6431,230618_4-2-0.tif,"[5328.1329345703125, 6896.600769042969, 22.736541748046875, 44.34906005859375]",0.7469450235366821,1
6432,230618_4-2-0.tif,"[4827.302764892578, 4083.051025390625, 22.6390380859375, 42.55394744873047]",0.7465296983718872,1
6433,230618_4-2-0.tif,"[7515.949279785156, 3121.5115966796875, 41.97308349609375, 25.12255859375]",0.746197521686554,1
6434,230618_4-2-0.tif,"[1915.0715942382812, 9844.632446289062, 32.44769287109375, 31.93408203125]",0.7461605072021484,1
6435,230618_4-2-0.tif,"[1289.9386596679688, 8933.617797851562, 28.8673095703125, 32.3470458984375]",0.7459030151367188,1
6436,230618_4-2-0.tif,"[7173.396171569824, 5759.959762573242, 38.89643096923828, 19.313247680664062]",0.745631754398346,1
6437,230618_4-2-0.tif,"[3920.8106079101562, 8399.032989501953, 19.491455078125, 29.18450927734375]",0.7454946041107178,1
6438,230618_4-2-0.tif,"[6609.922180175781, 4618.683143615723, 36.4954833984375, 23.061241149902344]",0.7452396154403687,1
6439,230618_4-2-0.tif,"[894.7413940429688, 8905.142150878906, 38.2501220703125, 17.70257568359375]",0.7450458407402039,1
6440,230618_4-2-0.tif,"[7520.288024902344, 6948.7713623046875, 37.0302734375, 18.45037841796875]",0.7450302839279175,1
6441,230618_4-2-0.tif,"[6696.442420959473, 9682.31396484375, 20.163524627685547, 32.79742431640625]",0.7449491024017334,1
6442,230618_4-2-0.tif,"[6729.1260986328125, 5984.3980712890625, 17.86431884765625, 36.89166259765625]",0.7447172999382019,1
6443,230618_4-2-0.tif,"[96.41871643066406, 9908.411315917969, 17.058868408203125, 33.865966796875]",0.7445734739303589,1
6444,230618_4-2-0.tif,"[2107.198719024658, 9813.620727539062, 16.546642303466797, 32.1329345703125]",0.744492769241333,1
6445,230618_4-2-0.tif,"[5738.998291015625, 6710.1143798828125, 19.724212646484375, 44.12957763671875]",0.744470477104187,1
6446,230618_4-2-0.tif,"[5654.2977294921875, 2047.7572021484375, 41.649658203125, 32.04549598693848]",0.7440183758735657,1
6447,230618_4-2-0.tif,"[4629.7767333984375, 9646.605163574219, 18.67803955078125, 37.45892333984375]",0.7439256310462952,1
6448,230618_4-2-0.tif,"[3869.710235595703, 9845.195068359375, 21.7730712890625, 35.783203125]",0.7439128756523132,1
6449,230618_4-2-0.tif,"[2429.6398315429688, 9420.125541687012, 21.50048828125, 34.18843078613281]",0.743707001209259,1
6450,230618_4-2-0.tif,"[3416.3282470703125, 9776.974426269531, 30.80718994140625, 31.91412353515625]",0.7433992624282837,1
6451,230618_4-2-0.tif,"[9219.117309570312, 7506.805725097656, 37.293609619140625, 30.1827392578125]",0.7431297898292542,1
6452,230618_4-2-0.tif,"[6367.901641845703, 7149.616455078125, 29.67681884765625, 19.86663818359375]",0.7430489659309387,1
6453,230618_4-2-0.tif,"[5250.233581542969, 5428.3048095703125, 44.282470703125, 41.97216796875]",0.7429684400558472,1
6454,230618_4-2-0.tif,"[3906.931640625, 9462.123001098633, 33.484375, 18.63177490234375]",0.7426647543907166,1
6455,230618_4-2-0.tif,"[5141.101329803467, 6820.627227783203, 39.282684326171875, 21.60333251953125]",0.7420615553855896,1
6456,230618_4-2-0.tif,"[7797.83447265625, 8022.438903808594, 27.482742309570312, 37.18792724609375]",0.742032527923584,1
6457,230618_4-2-0.tif,"[5589.243255615234, 7207.158447265625, 17.58624267578125, 41.1318359375]",0.7417061924934387,1
6458,230618_4-2-0.tif,"[3767.961151123047, 8736.131240844727, 28.74102783203125, 23.978485107421875]",0.741436779499054,1
6459,230618_4-2-0.tif,"[2817.9100341796875, 9692.258880615234, 33.48583984375, 18.009033203125]",0.7414225339889526,1
6460,230618_4-2-0.tif,"[5520.9847412109375, 5125.798400878906, 23.9046630859375, 44.695823669433594]",0.740818202495575,1
6461,230618_4-2-0.tif,"[8363.517822265625, 6289.09748840332, 20.501708984375, 32.276519775390625]",0.740683913230896,1
6462,230618_4-2-0.tif,"[6208.8153076171875, 8731.982543945312, 24.66943359375, 23.538818359375]",0.7403312921524048,1
6463,230618_4-2-0.tif,"[4406.98388671875, 8291.792526245117, 36.0372314453125, 33.12974548339844]",0.7401138544082642,1
6464,230618_4-2-0.tif,"[3311.0267333984375, 7186.498851776123, 34.646453857421875, 20.694175720214844]",0.7400949597358704,1
6465,230618_4-2-0.tif,"[6594.886993408203, 4460.732574462891, 36.9549560546875, 36.6395263671875]",0.7398709058761597,1
6466,230618_4-2-0.tif,"[2251.1638793945312, 9761.629211425781, 26.081024169921875, 27.30743408203125]",0.7395445704460144,1
6467,230618_4-2-0.tif,"[5263.909454345703, 5405.278747558594, 38.943603515625, 25.38165283203125]",0.7393509745597839,1
6468,230618_4-2-0.tif,"[2041.4931030273438, 7839.275299072266, 18.608559608459473, 44.08612060546875]",0.7393404841423035,1
6469,230618_4-2-0.tif,"[3529.9283447265625, 6923.507537841797, 19.15850830078125, 32.654541015625]",0.7391354441642761,1
6470,230618_4-2-0.tif,"[3481.581298828125, 7793.995254516602, 35.64727783203125, 19.495452880859375]",0.7389370203018188,1
6471,230618_4-2-0.tif,"[3010.6444396972656, 6824.2569580078125, 34.20208740234375, 20.1895751953125]",0.7388295531272888,1
6472,230618_4-2-0.tif,"[4772.324554443359, 9276.2353515625, 22.832275390625, 38.879119873046875]",0.7388070821762085,1
6473,230618_4-2-0.tif,"[2466.4426879882812, 9338.97541809082, 37.19549560546875, 18.6793212890625]",0.7386792302131653,1
6474,230618_4-2-0.tif,"[7296.782012939453, 9635.163879394531, 16.401123046875, 33.75531005859375]",0.7385803461074829,1
6475,230618_4-2-0.tif,"[6255.04541015625, 4886.861724853516, 26.760391235351562, 50.09820556640625]",0.7385545372962952,1
6476,230618_4-2-0.tif,"[7813.862548828125, 5578.302490234375, 24.754608154296875, 30.46923828125]",0.7381729483604431,1
6477,230618_4-2-0.tif,"[3304.584014892578, 8799.962280273438, 26.01409912109375, 29.1507568359375]",0.7379921674728394,1
6478,230618_4-2-0.tif,"[7177.638366699219, 7379.144302368164, 25.49716567993164, 30.026016235351562]",0.7376464009284973,1
6479,230618_4-2-0.tif,"[4058.4556884765625, 7533.004089355469, 32.314453125, 29.26904296875]",0.7376309037208557,1
6480,230618_4-2-0.tif,"[1949.9304809570312, 6966.272186279297, 38.8402099609375, 29.8883056640625]",0.7373175621032715,1
6481,230618_4-2-0.tif,"[3558.87109375, 8143.393524169922, 30.3662109375, 18.81109619140625]",0.7371435165405273,1
6482,230618_4-2-0.tif,"[7862.298431396484, 7479.092681884766, 25.1446533203125, 31.67950439453125]",0.7371182441711426,1
6483,230618_4-2-0.tif,"[7747.636413574219, 2841.6043090820312, 36.6187744140625, 39.431884765625]",0.7371163964271545,1
6484,230618_4-2-0.tif,"[4511.045684814453, 6577.497985839844, 29.3297119140625, 18.76220703125]",0.7369868159294128,1
6485,230618_4-2-0.tif,"[5874.905975341797, 6486.702331542969, 38.2132568359375, 22.6578369140625]",0.7367299795150757,1
6486,230618_4-2-0.tif,"[5655.7734375, 9578.671966552734, 33.00391387939453, 21.61810302734375]",0.7364755272865295,1
6487,230618_4-2-0.tif,"[1807.8235778808594, 8101.186370849609, 22.4456787109375, 29.59844970703125]",0.7360357046127319,1
6488,230618_4-2-0.tif,"[4655.704345703125, 3495.3267822265625, 44.140625, 42.513671875]",0.7357005476951599,1
6489,230618_4-2-0.tif,"[7808.664962768555, 6928.4146728515625, 33.383758544921875, 18.7183837890625]",0.7354514598846436,1
6490,230618_4-2-0.tif,"[7593.218933105469, 6450.6673583984375, 17.336181640625, 32.0302734375]",0.7352224588394165,1
6491,230618_4-2-0.tif,"[4852.418701171875, 5325.2510986328125, 44.5576171875, 39.52923583984375]",0.7349931001663208,1
6492,230618_4-2-0.tif,"[6623.087738037109, 5409.525085449219, 27.82635498046875, 26.03936767578125]",0.7348774075508118,1
6493,230618_4-2-0.tif,"[6022.490051269531, 7943.435089111328, 17.551513671875, 31.5572509765625]",0.7347322106361389,1
6494,230618_4-2-0.tif,"[7948.501556396484, 7899.034698486328, 18.25445556640625, 38.6502685546875]",0.7346775531768799,1
6495,230618_4-2-0.tif,"[3378.1085510253906, 6051.3814697265625, 19.0816650390625, 38.8487548828125]",0.7346768379211426,1
6496,230618_4-2-0.tif,"[2438.6489868164062, 9005.74853515625, 20.10443115234375, 38.6817626953125]",0.7346742153167725,1
6497,230618_4-2-0.tif,"[8080.238220214844, 6839.390106201172, 36.216796875, 16.400238037109375]",0.7346028685569763,1
6498,230618_4-2-0.tif,"[8055.003479003906, 4290.011627197266, 30.7823486328125, 15.9547119140625]",0.7343934178352356,1
6499,230618_4-2-0.tif,"[2042.7741088867188, 6452.525085449219, 23.17193031311035, 40.6614990234375]",0.7334587574005127,1
6500,230618_4-2-0.tif,"[5403.966857910156, 5578.191314697266, 46.85400390625, 30.31854248046875]",0.7334451675415039,1
6501,230618_4-2-0.tif,"[8443.197052001953, 5793.334777832031, 39.2467041015625, 16.76611328125]",0.7332040071487427,1
6502,230618_4-2-0.tif,"[7163.082122802734, 6311.585876464844, 43.737937927246094, 20.6533203125]",0.7326620817184448,1
6503,230618_4-2-0.tif,"[5270.550537109375, 9955.530151367188, 40.51763916015625, 20.801025390625]",0.732024610042572,1
6504,230618_4-2-0.tif,"[2485.6256713867188, 8784.086547851562, 24.2237548828125, 28.500244140625]",0.7319216728210449,1
6505,230618_4-2-0.tif,"[2015.0599975585938, 8190.677978515625, 40.24560546875, 25.26611328125]",0.7316027283668518,1
6506,230618_4-2-0.tif,"[3841.7501831054688, 8260.899780273438, 19.297119140625, 30.639892578125]",0.7315866351127625,1
6507,230618_4-2-0.tif,"[1584.9816398620605, 8586.386108398438, 36.15726089477539, 24.82293701171875]",0.7301215529441833,1
6508,230618_4-2-0.tif,"[7378.286956787109, 9294.900741577148, 31.9361572265625, 19.06103515625]",0.7300893664360046,1
6509,230618_4-2-0.tif,"[5636.4434814453125, 2102.2303314208984, 43.947998046875, 30.039077758789062]",0.7300381064414978,1
6510,230618_4-2-0.tif,"[4918.739501953125, 3967.7039184570312, 17.5543212890625, 35.9188232421875]",0.7298473119735718,1
6511,230618_4-2-0.tif,"[7761.359481811523, 4946.740783691406, 41.11201477050781, 18.3275146484375]",0.7296561598777771,1
6512,230618_4-2-0.tif,"[6452.2923583984375, 6918.679931640625, 15.753662109375, 36.6412353515625]",0.7295564413070679,1
6513,230618_4-2-0.tif,"[7416.212814331055, 3926.8629455566406, 38.05494689941406, 34.48974609375]",0.7292622923851013,1
6514,230618_4-2-0.tif,"[3692.8646240234375, 7961.1429443359375, 20.128570556640625, 31.155364990234375]",0.7289657592773438,1
6515,230618_4-2-0.tif,"[4729.024459838867, 7973.9149169921875, 30.430206298828125, 21.055908203125]",0.7285265326499939,1
6516,230618_4-2-0.tif,"[1398.3208312988281, 9470.110229492188, 17.946197509765625, 33.56689453125]",0.7282163500785828,1
6517,230618_4-2-0.tif,"[5057.013977050781, 4000.7894897460938, 38.98486328125, 38.1148681640625]",0.7281531095504761,1
6518,230618_4-2-0.tif,"[7341.5577392578125, 3400.8783569335938, 36.307373046875, 36.96533203125]",0.7280938625335693,1
6519,230618_4-2-0.tif,"[877.1733093261719, 7534.731689453125, 33.44622802734375, 21.157470703125]",0.7280862331390381,1
6520,230618_4-2-0.tif,"[2485.3663940429688, 8648.00830078125, 28.732177734375, 22.7135009765625]",0.7279935479164124,1
6521,230618_4-2-0.tif,"[588.7261962890625, 8493.13168334961, 36.367279052734375, 18.587615966796875]",0.7273313999176025,1
6522,230618_4-2-0.tif,"[5863.9105224609375, 8165.028228759766, 30.165924072265625, 21.654296875]",0.7264720797538757,1
6523,230618_4-2-0.tif,"[759.66015625, 9647.121154785156, 38.819610595703125, 20.906402587890625]",0.7262063026428223,1
6524,230618_4-2-0.tif,"[2922.7774658203125, 8826.570434570312, 18.344482421875, 38.14959716796875]",0.7258774042129517,1
6525,230618_4-2-0.tif,"[4360.1976318359375, 4548.82177734375, 35.57379150390625, 19.314208984375]",0.7257476449012756,1
6526,230618_4-2-0.tif,"[2077.3541507720947, 8573.696105957031, 17.886388778686523, 28.9901123046875]",0.7255793213844299,1
6527,230618_4-2-0.tif,"[8168.869567871094, 9179.167846679688, 24.29571533203125, 56.49365234375]",0.7255642414093018,1
6528,230618_4-2-0.tif,"[3157.4815826416016, 7166.402587890625, 35.2752685546875, 22.271472930908203]",0.7254217863082886,1
6529,230618_4-2-0.tif,"[1200.8825378417969, 9788.785278320312, 18.31787109375, 32.4927978515625]",0.7252002358436584,1
6530,230618_4-2-0.tif,"[5954.101745605469, 591.0518798828125, 33.38623046875, 48.9481201171875]",0.7251960039138794,1
6531,230618_4-2-0.tif,"[5479.2025146484375, 9654.700561523438, 41.61151123046875, 23.1260986328125]",0.7251626253128052,1
6532,230618_4-2-0.tif,"[4343.5579833984375, 8886.638488769531, 37.369140625, 18.20623779296875]",0.7251051068305969,1
6533,230618_4-2-0.tif,"[1946.0405883789062, 7050.2340087890625, 16.932861328125, 35.2562255859375]",0.724389910697937,1
6534,230618_4-2-0.tif,"[6752.9356689453125, 9882.1015625, 32.39231872558594, 21.448486328125]",0.7243813872337341,1
6535,230618_4-2-0.tif,"[7350.646881103516, 7930.24641418457, 26.84033203125, 50.14231872558594]",0.7242801189422607,1
6536,230618_4-2-0.tif,"[6105.3521728515625, 7680.54541015625, 26.934814453125, 39.46202087402344]",0.7242048382759094,1
6537,230618_4-2-0.tif,"[2994.9228515625, 8249.639965057373, 20.3760986328125, 38.2414436340332]",0.7239446043968201,1
6538,230618_4-2-0.tif,"[4923.609283447266, 7245.720169067383, 18.2874755859375, 37.531707763671875]",0.7238023281097412,1
6539,230618_4-2-0.tif,"[7851.81510925293, 7654.063995361328, 31.797607421875, 19.68109130859375]",0.7236940860748291,1
6540,230618_4-2-0.tif,"[2393.1673583984375, 8636.446350097656, 26.77789306640625, 46.77276611328125]",0.7233904004096985,1
6541,230618_4-2-0.tif,"[7200.9395751953125, 2785.3865661621094, 44.669921875, 25.939971923828125]",0.7232280373573303,1
6542,230618_4-2-0.tif,"[6935.1097412109375, 8624.228118896484, 19.18212890625, 31.74957275390625]",0.7223847508430481,1
6543,230618_4-2-0.tif,"[8561.621520996094, 7738.821083068848, 30.271026611328125, 30.102981567382812]",0.7218726873397827,1
6544,230618_4-2-0.tif,"[7961.715270996094, 8478.070709228516, 28.18603515625, 32.37872314453125]",0.7218460440635681,1
6545,230618_4-2-0.tif,"[4065.0962524414062, 7630.981628417969, 19.683349609375, 36.20379638671875]",0.7216649651527405,1
6546,230618_4-2-0.tif,"[9364.561462402344, 7053.006530761719, 39.156005859375, 26.233428955078125]",0.7215926051139832,1
6547,230618_4-2-0.tif,"[2621.8558349609375, 6985.50439453125, 25.44579315185547, 24.62823486328125]",0.7212393879890442,1
6548,230618_4-2-0.tif,"[337.86248779296875, 9679.423553466797, 27.127197265625, 30.673095703125]",0.7212390899658203,1
6549,230618_4-2-0.tif,"[4096.89347076416, 6915.634948730469, 43.48508071899414, 22.2872314453125]",0.7210556864738464,1
6550,230618_4-2-0.tif,"[8291.732360839844, 7528.180908203125, 40.3421630859375, 15.982391357421875]",0.7209092974662781,1
6551,230618_4-2-0.tif,"[4682.1671142578125, 6258.184982299805, 46.600830078125, 21.236663818359375]",0.7201836109161377,1
6552,230618_4-2-0.tif,"[7025.3216552734375, 8378.622772216797, 34.7242431640625, 18.080078125]",0.7198394536972046,1
6553,230618_4-2-0.tif,"[4521.7274169921875, 8826.381225585938, 38.5478515625, 21.184967041015625]",0.7197921872138977,1
6554,230618_4-2-0.tif,"[4941.658874511719, 3633.990867614746, 27.31707763671875, 44.52473449707031]",0.7194242477416992,1
6555,230618_4-2-0.tif,"[7734.187255859375, 9116.37680053711, 34.697669982910156, 18.4571533203125]",0.7190461754798889,1
6556,230618_4-2-0.tif,"[9862.47543334961, 4788.96989440918, 39.878204345703125, 36.16265869140625]",0.7190289497375488,1
6557,230618_4-2-0.tif,"[4096.866769790649, 8623.287292480469, 26.916555404663086, 34.00421142578125]",0.7185401320457458,1
6558,230618_4-2-0.tif,"[4018.034149169922, 8763.295776367188, 18.83489990234375, 39.54541015625]",0.7182632684707642,1
6559,230618_4-2-0.tif,"[4562.75634765625, 8642.579895019531, 29.19317626953125, 16.116455078125]",0.7177095413208008,1
6560,230618_4-2-0.tif,"[3296.015151977539, 6540.588928222656, 18.62060546875, 31.2054443359375]",0.7174308896064758,1
6561,230618_4-2-0.tif,"[4604.6041259765625, 8755.232456207275, 28.8414306640625, 38.29207992553711]",0.7170554399490356,1
6562,230618_4-2-0.tif,"[8035.090637207031, 4587.232147216797, 21.072021484375, 51.183006286621094]",0.716449499130249,1
6563,230618_4-2-0.tif,"[3919.4938354492188, 8210.912780761719, 33.1376953125, 15.62115478515625]",0.7162269353866577,1
6564,230618_4-2-0.tif,"[6970.915466308594, 5398.461364746094, 26.44244384765625, 27.5262451171875]",0.7160333395004272,1
6565,230618_4-2-0.tif,"[3030.1854858398438, 6670.780982971191, 19.6839599609375, 33.7256965637207]",0.7153573632240295,1
6566,230618_4-2-0.tif,"[5877.2646484375, 7652.6695556640625, 40.9071044921875, 36.5792236328125]",0.7145736813545227,1
6567,230618_4-2-0.tif,"[5918.742889404297, 8566.672668457031, 15.59661865234375, 33.6622314453125]",0.7145695686340332,1
6568,230618_4-2-0.tif,"[9323.49087524414, 5221.465438842773, 30.667205810546875, 45.94140625]",0.7143380045890808,1
6569,230618_4-2-0.tif,"[6353.04362487793, 6350.513580322266, 36.72509765625, 18.609893798828125]",0.7137806415557861,1
6570,230618_4-2-0.tif,"[1568.1925048828125, 9707.326599121094, 45.070556640625, 31.43267822265625]",0.7133814692497253,1
6571,230618_4-2-0.tif,"[8040.9951171875, 8212.176635742188, 45.1788330078125, 24.70439910888672]",0.7131719589233398,1
6572,230618_4-2-0.tif,"[8112.582336425781, 7476.238708496094, 17.3994140625, 32.7154541015625]",0.7127883434295654,1
6573,230618_4-2-0.tif,"[5086.677001953125, 7456.1201171875, 27.11279296875, 43.545654296875]",0.7125292420387268,1
6574,230618_4-2-0.tif,"[1572.448974609375, 8310.16650390625, 28.69629669189453, 29.701873779296875]",0.7125079035758972,1
6575,230618_4-2-0.tif,"[2942.6468505859375, 5690.055118560791, 26.03607177734375, 27.241146087646484]",0.7125030755996704,1
6576,230618_4-2-0.tif,"[4817.008239746094, 8431.632263183594, 39.9666748046875, 19.93585205078125]",0.712182879447937,1
6577,230618_4-2-0.tif,"[7117.934143066406, 8501.405029296875, 17.240966796875, 35.4635009765625]",0.712162435054779,1
6578,230618_4-2-0.tif,"[1461.0016784667969, 9045.724548339844, 43.65301513671875, 21.1429443359375]",0.7118497490882874,1
6579,230618_4-2-0.tif,"[5937.431854248047, 6219.887847900391, 35.48626708984375, 43.966400146484375]",0.7116230130195618,1
6580,230618_4-2-0.tif,"[7353.398834228516, 3220.881805419922, 32.6514892578125, 22.83056640625]",0.7113050818443298,1
6581,230618_4-2-0.tif,"[3737.5484619140625, 9392.393493652344, 18.7381591796875, 32.803932189941406]",0.7111733555793762,1
6582,230618_4-2-0.tif,"[310.80859375, 9580.673706054688, 32.2099609375, 25.89617919921875]",0.7107909321784973,1
6583,230618_4-2-0.tif,"[8125.385009765625, 8859.253204345703, 18.83660888671875, 42.53265380859375]",0.710186779499054,1
6584,230618_4-2-0.tif,"[8423.043090820312, 9756.315795898438, 29.76788330078125, 54.532623291015625]",0.71014803647995,1
6585,230618_4-2-0.tif,"[8212.839553833008, 8262.583015441895, 21.9154052734375, 33.52793884277344]",0.7101399302482605,1
6586,230618_4-2-0.tif,"[7576.848419189453, 6362.415954589844, 35.2537841796875, 18.1787109375]",0.7086421847343445,1
6587,230618_4-2-0.tif,"[6246.858642578125, 9626.896118164062, 14.208953857421875, 28.177001953125]",0.7083292007446289,1
6588,230618_4-2-0.tif,"[5685.5723876953125, 6785.768310546875, 29.196304321289062, 39.121337890625]",0.7081356644630432,1
6589,230618_4-2-0.tif,"[2780.1593017578125, 9535.619262695312, 31.315338134765625, 25.9627685546875]",0.7079038023948669,1
6590,230618_4-2-0.tif,"[665.2431945800781, 9662.169342041016, 29.5028076171875, 42.959075927734375]",0.7078218460083008,1
6591,230618_4-2-0.tif,"[2946.818328857422, 5543.4324951171875, 17.54083251953125, 38.709716796875]",0.7071651816368103,1
6592,230618_4-2-0.tif,"[4158.468772888184, 7448.385986328125, 41.32389831542969, 17.310089111328125]",0.7068809270858765,1
6593,230618_4-2-0.tif,"[6968.981994628906, 7680.0, 37.26666259765625, 30.82464027404785]",0.7067026495933533,1
6594,230618_4-2-0.tif,"[7889.903625488281, 4243.9710693359375, 42.6912841796875, 19.94219970703125]",0.7066825032234192,1
6595,230618_4-2-0.tif,"[7266.570022583008, 3532.366943359375, 29.335556030273438, 38.1048583984375]",0.7064778804779053,1
6596,230618_4-2-0.tif,"[5501.9404296875, 4538.256896972656, 19.21484375, 42.5792236328125]",0.706454336643219,1
6597,230618_4-2-0.tif,"[7459.18310546875, 5076.41650390625, 32.07861328125, 46.2838134765625]",0.706126868724823,1
6598,230618_4-2-0.tif,"[6911.6964111328125, 4589.041687011719, 33.32659912109375, 34.037109375]",0.7056682109832764,1
6599,230618_4-2-0.tif,"[3813.3690185546875, 6219.892776489258, 41.152587890625, 20.567794799804688]",0.7055913209915161,1
6600,230618_4-2-0.tif,"[5693.173110961914, 8537.18359375, 31.788925170898438, 20.37091064453125]",0.705588161945343,1
6601,230618_4-2-0.tif,"[4984.70458984375, 9371.863754272461, 28.94879150390625, 21.20001220703125]",0.7055420875549316,1
6602,230618_4-2-0.tif,"[7645.620086669922, 8554.12255859375, 21.7254638671875, 51.9383544921875]",0.7055007815361023,1
6603,230618_4-2-0.tif,"[6994.8175048828125, 5204.948883056641, 39.150146484375, 41.536285400390625]",0.7049686312675476,1
6604,230618_4-2-0.tif,"[9890.352905273438, 5931.390594482422, 36.97509765625, 41.41925048828125]",0.7047619223594666,1
6605,230618_4-2-0.tif,"[3173.2377014160156, 7522.919128417969, 36.059051513671875, 38.404541015625]",0.7047404050827026,1
6606,230618_4-2-0.tif,"[3454.3746337890625, 6855.160583496094, 38.99957275390625, 37.193359375]",0.7044719457626343,1
6607,230618_4-2-0.tif,"[2618.8328247070312, 8909.69955444336, 17.9156494140625, 39.37841796875]",0.7044385671615601,1
6608,230618_4-2-0.tif,"[7020.1689453125, 4115.301513671875, 34.474853515625, 35.072021484375]",0.7042912244796753,1
6609,230618_4-2-0.tif,"[4811.438781738281, 7022.648834228516, 50.02203369140625, 28.70050048828125]",0.7034336924552917,1
6610,230618_4-2-0.tif,"[4431.763977050781, 6640.597717285156, 39.208770751953125, 37.880619049072266]",0.7032886147499084,1
6611,230618_4-2-0.tif,"[7458.511444091797, 9148.742919921875, 21.451416015625, 36.0699462890625]",0.7030752301216125,1
6612,230618_4-2-0.tif,"[9805.45361328125, 8626.05810546875, 32.0867919921875, 43.53387451171875]",0.7024682760238647,1
6613,230618_4-2-0.tif,"[5110.123291015625, 6777.497467041016, 35.09741973876953, 22.088455200195312]",0.7020584940910339,1
6614,230618_4-2-0.tif,"[3984.3812866210938, 8248.945106506348, 27.45068359375, 23.399375915527344]",0.7014660835266113,1
6615,230618_4-2-0.tif,"[5235.263931274414, 6390.892730712891, 48.27490234375, 23.1107177734375]",0.701416552066803,1
6616,230618_4-2-0.tif,"[7816.369430541992, 6244.776123046875, 44.86785888671875, 32.48512268066406]",0.701348066329956,1
6617,230618_4-2-0.tif,"[5050.5150146484375, 8889.46549987793, 27.83056640625, 27.989166259765625]",0.7012315988540649,1
6618,230618_4-2-0.tif,"[5949.193084716797, 6906.702484130859, 19.71392822265625, 25.91119384765625]",0.701012134552002,1
6619,230618_4-2-0.tif,"[7387.366638183594, 4615.1312255859375, 36.65704345703125, 23.602481842041016]",0.7009389996528625,1
6620,230618_4-2-0.tif,"[9692.835510253906, 4744.009979248047, 39.2841796875, 37.65606689453125]",0.7000043392181396,1
6621,230618_4-2-0.tif,"[8288.132431030273, 9042.590759277344, 35.50581359863281, 28.32666015625]",0.6991459727287292,1
6622,230618_4-2-0.tif,"[3464.6436767578125, 5557.8912353515625, 37.7908935546875, 18.26336669921875]",0.6986708641052246,1
6623,230618_4-2-0.tif,"[3361.1357421875, 9734.008666992188, 33.350341796875, 16.9544677734375]",0.6984748840332031,1
6624,230618_4-2-0.tif,"[2616.1016159057617, 9183.080139160156, 17.847488403320312, 35.39971923828125]",0.6983691453933716,1
6625,230618_4-2-0.tif,"[4382.768981933594, 7647.8095703125, 19.0972900390625, 28.5435791015625]",0.6983499526977539,1
6626,230618_4-2-0.tif,"[6156.270446777344, 9121.531311035156, 20.020751953125, 34.0426025390625]",0.698322057723999,1
6627,230618_4-2-0.tif,"[790.9633178710938, 9509.604125976562, 24.39434814453125, 50.0194091796875]",0.6975189447402954,1
6628,230618_4-2-0.tif,"[5015.008148193359, 8500.517852783203, 18.77618408203125, 45.0084228515625]",0.6972810626029968,1
6629,230618_4-2-0.tif,"[2679.2694244384766, 6484.109375, 22.7359619140625, 38.3665771484375]",0.6968832015991211,1
6630,230618_4-2-0.tif,"[4812.7132568359375, 8756.88306427002, 33.38604736328125, 32.81053161621094]",0.6967955231666565,1
6631,230618_4-2-0.tif,"[6490.843017578125, 9352.697967529297, 38.85260009765625, 18.53851318359375]",0.6965510845184326,1
6632,230618_4-2-0.tif,"[2607.4844970703125, 7685.519592285156, 28.8470458984375, 28.623523712158203]",0.6959197521209717,1
6633,230618_4-2-0.tif,"[528.5484085083008, 8715.808044433594, 44.40276336669922, 22.35589599609375]",0.695898711681366,1
6634,230618_4-2-0.tif,"[3460.7785034179688, 9842.70166015625, 17.8162841796875, 37.2044677734375]",0.6955634355545044,1
6635,230618_4-2-0.tif,"[4652.7974853515625, 7770.824325561523, 31.8309326171875, 18.326004028320312]",0.6954298615455627,1
6636,230618_4-2-0.tif,"[4773.344818115234, 5000.919738769531, 40.25091552734375, 34.2840576171875]",0.6953092813491821,1
6637,230618_4-2-0.tif,"[4286.4344482421875, 8340.184783935547, 26.48223876953125, 29.75469970703125]",0.6947768926620483,1
6638,230618_4-2-0.tif,"[1180.049819946289, 8818.872497558594, 41.3590087890625, 22.00213623046875]",0.6941226720809937,1
6639,230618_4-2-0.tif,"[3685.281539916992, 6260.4986572265625, 21.050003051757812, 37.131988525390625]",0.6938209533691406,1
6640,230618_4-2-0.tif,"[6332.0150146484375, 9256.140869140625, 33.681304931640625, 51.661781311035156]",0.6935153007507324,1
6641,230618_4-2-0.tif,"[9201.319213867188, 6597.44677734375, 27.259521484375, 44.7440185546875]",0.6929525136947632,1
6642,230618_4-2-0.tif,"[7637.921630859375, 3441.8758544921875, 34.64337158203125, 36.35626220703125]",0.6926326155662537,1
6643,230618_4-2-0.tif,"[7251.7071533203125, 9933.37939453125, 26.2235107421875, 28.322021484375]",0.6924775242805481,1
6644,230618_4-2-0.tif,"[6443.113342285156, 6111.042541503906, 33.25836181640625, 40.3114013671875]",0.6923574805259705,1
6645,230618_4-2-0.tif,"[9403.095733642578, 6758.797828674316, 43.135986328125, 24.122337341308594]",0.6920540928840637,1
6646,230618_4-2-0.tif,"[7166.693328857422, 8690.911987304688, 27.589630126953125, 42.74289321899414]",0.691414475440979,1
6647,230618_4-2-0.tif,"[6877.139953613281, 7558.8096923828125, 18.9599609375, 46.48333740234375]",0.6913982629776001,1
6648,230618_4-2-0.tif,"[7635.300323486328, 7445.4051513671875, 34.76251220703125, 17.557861328125]",0.6912749409675598,1
6649,230618_4-2-0.tif,"[4477.009094238281, 6724.344711303711, 23.533203125, 38.71148681640625]",0.6912069916725159,1
6650,230618_4-2-0.tif,"[8314.294799804688, 7606.726989746094, 24.787704467773438, 43.09832763671875]",0.6908282041549683,1
6651,230618_4-2-0.tif,"[5046.141448974609, 7511.202331542969, 37.6353759765625, 23.547607421875]",0.6899124979972839,1
6652,230618_4-2-0.tif,"[2429.8014221191406, 8023.4385986328125, 39.09344482421875, 17.783203125]",0.6898056268692017,1
6653,230618_4-2-0.tif,"[1581.210807800293, 9168.749237060547, 26.696823120117188, 25.02197265625]",0.6896651983261108,1
6654,230618_4-2-0.tif,"[2810.7135009765625, 9172.812805175781, 31.723388671875, 25.8509521484375]",0.6891118288040161,1
6655,230618_4-2-0.tif,"[388.6607971191406, 9624.056121826172, 27.01190185546875, 35.259735107421875]",0.6891060471534729,1
6656,230618_4-2-0.tif,"[866.2206115722656, 9510.346862792969, 33.03436279296875, 23.54937744140625]",0.6885766386985779,1
6657,230618_4-2-0.tif,"[888.5360107421875, 8318.989929199219, 20.7855224609375, 42.76727294921875]",0.6884684562683105,1
6658,230618_4-2-0.tif,"[6204.747024536133, 4523.084533691406, 50.350921630859375, 23.76947021484375]",0.6877379417419434,1
6659,230618_4-2-0.tif,"[6431.8463134765625, 9597.538879394531, 27.373291015625, 30.02447509765625]",0.6874998807907104,1
6660,230618_4-2-0.tif,"[6596.844024658203, 6583.9256591796875, 30.87457275390625, 25.4989013671875]",0.6871670484542847,1
6661,230618_4-2-0.tif,"[6199.315284729004, 6153.581695556641, 33.40576171875, 42.247093200683594]",0.6869910955429077,1
6662,230618_4-2-0.tif,"[6758.448089599609, 5794.567199707031, 19.505401611328125, 45.7540283203125]",0.686707079410553,1
6663,230618_4-2-0.tif,"[8229.576858520508, 7352.949783325195, 29.493698120117188, 30.132904052734375]",0.6866447925567627,1
6664,230618_4-2-0.tif,"[5368.742004394531, 4751.2841796875, 40.7713623046875, 18.90521240234375]",0.6865442991256714,1
6665,230618_4-2-0.tif,"[6421.6343994140625, 5534.399658203125, 25.0089111328125, 27.77313232421875]",0.6865395307540894,1
6666,230618_4-2-0.tif,"[5001.815734863281, 8833.46403503418, 29.3489990234375, 24.47894287109375]",0.6850330829620361,1
6667,230618_4-2-0.tif,"[2708.9252319335938, 8605.509704589844, 46.822601318359375, 25.9510498046875]",0.6848250031471252,1
6668,230618_4-2-0.tif,"[3893.8944702148438, 6941.3460693359375, 31.4310302734375, 15.953369140625]",0.6848023533821106,1
6669,230618_4-2-0.tif,"[6161.906494140625, 6604.122894287109, 44.5806884765625, 20.5374755859375]",0.6845085024833679,1
6670,230618_4-2-0.tif,"[532.930419921875, 8633.513580322266, 36.49855041503906, 21.85308837890625]",0.6844173073768616,1
6671,230618_4-2-0.tif,"[7413.2958984375, 3185.1051177978516, 43.39666748046875, 33.005340576171875]",0.6842333078384399,1
6672,230618_4-2-0.tif,"[7217.3428955078125, 9081.167236328125, 20.5283203125, 18.828369140625]",0.683284342288971,1
6673,230618_4-2-0.tif,"[5577.065368652344, 8477.183898925781, 30.91375732421875, 44.72802734375]",0.683261513710022,1
6674,230618_4-2-0.tif,"[6269.614151000977, 7772.693145751953, 45.676788330078125, 31.607513427734375]",0.6828049421310425,1
6675,230618_4-2-0.tif,"[5248.124710083008, 6677.308029174805, 28.337188720703125, 46.034095764160156]",0.6826978921890259,1
6676,230618_4-2-0.tif,"[7932.893402099609, 8221.698181152344, 25.059417724609375, 20.62201690673828]",0.6826562881469727,1
6677,230618_4-2-0.tif,"[3880.0552978515625, 7986.712707519531, 34.4248046875, 20.7796630859375]",0.6825066804885864,1
6678,230618_4-2-0.tif,"[7505.2442626953125, 8803.850936889648, 17.60107421875, 42.556671142578125]",0.6824948191642761,1
6679,230618_4-2-0.tif,"[5873.082916259766, 6869.683654785156, 24.446075439453125, 48.605712890625]",0.6821998357772827,1
6680,230618_4-2-0.tif,"[3423.4013671875, 7476.197204589844, 32.091796875, 17.135498046875]",0.6821630597114563,1
6681,230618_4-2-0.tif,"[3318.464385986328, 8107.387664794922, 46.52667236328125, 38.94415283203125]",0.6818985342979431,1
6682,230618_4-2-0.tif,"[2941.9571533203125, 6707.087799072266, 31.8538818359375, 24.272293090820312]",0.6814291477203369,1
6683,230618_4-2-0.tif,"[7532.283660888672, 5069.861328125, 50.23065185546875, 25.0106201171875]",0.6813184022903442,1
6684,230618_4-2-0.tif,"[6070.0303955078125, 9250.711303710938, 34.5196533203125, 28.493896484375]",0.6809913516044617,1
6685,230618_4-2-0.tif,"[9159.744323730469, 7230.7744140625, 34.500244140625, 36.012451171875]",0.6808950901031494,1
6686,230618_4-2-0.tif,"[7631.109069824219, 8310.02001953125, 23.503692626953125, 35.247100830078125]",0.6804970502853394,1
6687,230618_4-2-0.tif,"[2840.5254516601562, 9601.131881713867, 33.529296875, 39.12574768066406]",0.6796616315841675,1
6688,230618_4-2-0.tif,"[2638.6704711914062, 7388.349914550781, 26.44879150390625, 26.44525146484375]",0.6793718338012695,1
6689,230618_4-2-0.tif,"[3771.9730224609375, 7908.791259765625, 31.8624267578125, 24.65118408203125]",0.6793010830879211,1
6690,230618_4-2-0.tif,"[8952.147018432617, 7533.137023925781, 31.845596313476562, 17.4918212890625]",0.6790156364440918,1
6691,230618_4-2-0.tif,"[4548.459320068359, 9584.862274169922, 20.682098388671875, 40.960235595703125]",0.6789310574531555,1
6692,230618_4-2-0.tif,"[3137.6231231689453, 6769.660827636719, 17.1544189453125, 37.835693359375]",0.6787194013595581,1
6693,230618_4-2-0.tif,"[870.4150390625, 9848.014770507812, 22.8455810546875, 29.93072509765625]",0.6783702373504639,1
6694,230618_4-2-0.tif,"[5954.933349609375, 4464.749481201172, 16.09002685546875, 40.82110595703125]",0.6780266165733337,1
6695,230618_4-2-0.tif,"[6829.011016845703, 5762.418121337891, 17.079345703125, 37.7274169921875]",0.6776768565177917,1
6696,230618_4-2-0.tif,"[7692.7362060546875, 6061.2628173828125, 26.8076171875, 36.94415283203125]",0.6773609519004822,1
6697,230618_4-2-0.tif,"[9210.4326171875, 4355.4068603515625, 38.682674407958984, 28.159423828125]",0.6771065592765808,1
6698,230618_4-2-0.tif,"[7047.921630859375, 3649.9290771484375, 38.26190185546875, 26.166015625]",0.676892876625061,1
6699,230618_4-2-0.tif,"[8488.87045288086, 8807.23796081543, 22.39007568359375, 48.632171630859375]",0.6767609119415283,1
6700,230618_4-2-0.tif,"[6996.914978027344, 4511.813720703125, 23.8355712890625, 45.25933837890625]",0.6766140460968018,1
6701,230618_4-2-0.tif,"[2943.5148315429688, 7016.770080566406, 45.263427734375, 34.903076171875]",0.6762867569923401,1
6702,230618_4-2-0.tif,"[4465.094818115234, 6041.507568359375, 23.05621337890625, 48.766357421875]",0.6761084198951721,1
6703,230618_4-2-0.tif,"[7700.542238235474, 2983.30712890625, 37.73406791687012, 43.18792724609375]",0.6757125854492188,1
6704,230618_4-2-0.tif,"[7046.585601806641, 9763.237915039062, 19.68316650390625, 30.54248046875]",0.6755115389823914,1
6705,230618_4-2-0.tif,"[5825.727508544922, 733.7603607177734, 43.63262939453125, 33.026214599609375]",0.6752282977104187,1
6706,230618_4-2-0.tif,"[7806.4157638549805, 8522.89990234375, 38.39197540283203, 18.5946044921875]",0.6750370264053345,1
6707,230618_4-2-0.tif,"[7414.353088378906, 4001.262237548828, 47.1678466796875, 28.59515380859375]",0.6744032502174377,1
6708,230618_4-2-0.tif,"[7635.8514404296875, 8028.811859130859, 43.890625, 26.1751708984375]",0.6741383075714111,1
6709,230618_4-2-0.tif,"[3640.900775909424, 9822.967834472656, 24.623455047607422, 35.25048828125]",0.6740871667861938,1
6710,230618_4-2-0.tif,"[2688.0323181152344, 8728.107177734375, 34.01708984375, 52.4913330078125]",0.6738855242729187,1
6711,230618_4-2-0.tif,"[7048.892791748047, 4840.286727905273, 46.9383544921875, 22.49542236328125]",0.6734322905540466,1
6712,230618_4-2-0.tif,"[3657.788558959961, 9478.017379760742, 39.27976989746094, 47.39056396484375]",0.6733860969543457,1
6713,230618_4-2-0.tif,"[7482.700378417969, 7984.570373535156, 28.1854248046875, 24.5604248046875]",0.6732678413391113,1
6714,230618_4-2-0.tif,"[3753.037384033203, 7016.7276611328125, 41.962890625, 23.8651123046875]",0.673000156879425,1
6715,230618_4-2-0.tif,"[8476.974243164062, 6810.228820800781, 32.671875, 17.55615234375]",0.6720864176750183,1
6716,230618_4-2-0.tif,"[5887.481643676758, 5727.3165283203125, 45.79820251464844, 20.768646240234375]",0.6717613935470581,1
6717,230618_4-2-0.tif,"[7535.1099853515625, 9272.56103515625, 43.64459228515625, 26.0625]",0.6714326739311218,1
6718,230618_4-2-0.tif,"[2904.8055725097656, 6683.340469360352, 30.30218505859375, 20.852767944335938]",0.6712717413902283,1
6719,230618_4-2-0.tif,"[2415.5357055664062, 9621.001403808594, 20.91180419921875, 34.3538818359375]",0.6710168123245239,1
6720,230618_4-2-0.tif,"[8354.705963134766, 8725.528442382812, 17.369049072265625, 29.727779388427734]",0.6706125140190125,1
6721,230618_4-2-0.tif,"[8693.896301269531, 9656.622802734375, 18.73590087890625, 46.49530029296875]",0.6706061959266663,1
6722,230618_4-2-0.tif,"[7414.3504638671875, 2438.7808837890625, 35.5947265625, 46.91790771484375]",0.6703149676322937,1
6723,230618_4-2-0.tif,"[6940.79345703125, 3021.774658203125, 26.448974609375, 53.72772216796875]",0.6698176860809326,1
6724,230618_4-2-0.tif,"[5582.044006347656, 7644.0306396484375, 23.0579833984375, 45.443603515625]",0.6697670221328735,1
6725,230618_4-2-0.tif,"[1786.7896423339844, 9747.108673095703, 25.18243408203125, 24.459930419921875]",0.6697041392326355,1
6726,230618_4-2-0.tif,"[3802.773651123047, 6358.398193359375, 21.311798095703125, 42.16180419921875]",0.6692831516265869,1
6727,230618_4-2-0.tif,"[5722.5936279296875, 7591.803771972656, 44.6114501953125, 24.094970703125]",0.6692794561386108,1
6728,230618_4-2-0.tif,"[8489.369018554688, 7434.014617919922, 31.39312744140625, 16.35675048828125]",0.6690775156021118,1
6729,230618_4-2-0.tif,"[2933.1864013671875, 9089.04867553711, 23.41363525390625, 52.63421630859375]",0.6688869595527649,1
6730,230618_4-2-0.tif,"[3907.7460327148438, 8640.211059570312, 38.4542236328125, 20.3369140625]",0.6686803102493286,1
6731,230618_4-2-0.tif,"[3307.2800903320312, 8380.087982177734, 23.46234130859375, 33.71307373046875]",0.6682329773902893,1
6732,230618_4-2-0.tif,"[2661.545166015625, 8935.95834350586, 30.48455810546875, 22.8253173828125]",0.6682274341583252,1
6733,230618_4-2-0.tif,"[2469.574676513672, 8290.70344543457, 30.3175048828125, 40.15167236328125]",0.6679701209068298,1
6734,230618_4-2-0.tif,"[4557.044616699219, 6980.109069824219, 35.8956298828125, 27.41650390625]",0.6675567030906677,1
6735,230618_4-2-0.tif,"[2311.885040283203, 9451.173126220703, 18.82135009765625, 38.806488037109375]",0.6675372123718262,1
6736,230618_4-2-0.tif,"[2838.4894409179688, 8962.110076904297, 36.82025146484375, 39.25775146484375]",0.6674603819847107,1
6737,230618_4-2-0.tif,"[3507.0548400878906, 6727.2850341796875, 24.91644287109375, 38.82305908203125]",0.6670951247215271,1
6738,230618_4-2-0.tif,"[3261.696563720703, 7927.361297607422, 26.205810546875, 32.81689453125]",0.6669947504997253,1
6739,230618_4-2-0.tif,"[2233.3417053222656, 5853.3172607421875, 27.092010498046875, 45.342926025390625]",0.6667390465736389,1
6740,230618_4-2-0.tif,"[9011.677612304688, 5656.8077392578125, 37.25933837890625, 26.212421417236328]",0.6651431322097778,1
6741,230618_4-2-0.tif,"[5471.081604003906, 9935.295532226562, 23.22802734375, 32.6416015625]",0.6650176048278809,1
6742,230618_4-2-0.tif,"[3233.3921508789062, 6393.019195556641, 40.09423828125, 22.35064697265625]",0.6647613644599915,1
6743,230618_4-2-0.tif,"[7980.591552734375, 4379.06494140625, 33.662353515625, 29.22064208984375]",0.6643946170806885,1
6744,230618_4-2-0.tif,"[7665.707580566406, 7752.743957519531, 35.46844482421875, 21.001190185546875]",0.6643524169921875,1
6745,230618_4-2-0.tif,"[5789.769714355469, 7384.133239746094, 21.289794921875, 42.37249755859375]",0.6640580892562866,1
6746,230618_4-2-0.tif,"[9898.89453125, 7467.667236328125, 46.7109375, 21.170166015625]",0.6637214422225952,1
6747,230618_4-2-0.tif,"[2633.960891723633, 6051.8875732421875, 35.87640380859375, 19.3524169921875]",0.6633086800575256,1
6748,230618_4-2-0.tif,"[8510.734130859375, 5762.035003662109, 34.78521728515625, 25.80511474609375]",0.6632413864135742,1
6749,230618_4-2-0.tif,"[7052.0914306640625, 3054.3590698242188, 34.82183837890625, 32.6861572265625]",0.6630709171295166,1
6750,230618_4-2-0.tif,"[7695.302362442017, 6878.542663574219, 37.41259574890137, 42.577362060546875]",0.6627964973449707,1
6751,230618_4-2-0.tif,"[8277.2353515625, 9470.320724487305, 39.32344055175781, 43.80500793457031]",0.6626281142234802,1
6752,230618_4-2-0.tif,"[2571.8790283203125, 7764.738357543945, 40.111083984375, 19.797775268554688]",0.6625131964683533,1
6753,230618_4-2-0.tif,"[5749.904541015625, 9458.69091796875, 19.576217651367188, 15.639694213867188]",0.6624402403831482,1
6754,230618_4-2-0.tif,"[6416.435821533203, 7940.423400878906, 27.2099609375, 21.3289794921875]",0.6618463397026062,1
6755,230618_4-2-0.tif,"[8134.054992675781, 4478.886566162109, 25.074462890625, 41.90618896484375]",0.6617320775985718,1
6756,230618_4-2-0.tif,"[440.0762939453125, 9382.675136566162, 43.162628173828125, 21.123416900634766]",0.6613763570785522,1
6757,230618_4-2-0.tif,"[3951.0369567871094, 8990.983184814453, 31.07342529296875, 42.63275146484375]",0.660595715045929,1
6758,230618_4-2-0.tif,"[9286.515502929688, 6958.6534423828125, 45.217041015625, 33.50390625]",0.6597872972488403,1
6759,230618_4-2-0.tif,"[7862.523529052734, 9072.917053222656, 28.119140625, 25.026123046875]",0.6596370935440063,1
6760,230618_4-2-0.tif,"[5291.864227294922, 9291.07275390625, 30.28900146484375, 49.77799987792969]",0.6595480442047119,1
6761,230618_4-2-0.tif,"[9064.701049804688, 9138.690368652344, 19.57080078125, 43.480224609375]",0.6594907641410828,1
6762,230618_4-2-0.tif,"[5543.818786621094, 8618.00405883789, 18.3975830078125, 30.15728759765625]",0.6594417095184326,1
6763,230618_4-2-0.tif,"[2613.5985679626465, 9686.58544921875, 38.27859878540039, 34.5013427734375]",0.6590914130210876,1
6764,230618_4-2-0.tif,"[3707.873077392578, 7136.679931640625, 17.152099609375, 33.76007080078125]",0.6589356064796448,1
6765,230618_4-2-0.tif,"[6316.747711181641, 5492.5546875, 24.70965576171875, 45.86444091796875]",0.6588042974472046,1
6766,230618_4-2-0.tif,"[7056.179748535156, 6638.773193359375, 37.747772216796875, 37.862497329711914]",0.6587166786193848,1
6767,230618_4-2-0.tif,"[3619.712890625, 7439.2861328125, 29.460205078125, 31.39715576171875]",0.6584254503250122,1
6768,230618_4-2-0.tif,"[4092.0449829101562, 8216.510986328125, 34.949201583862305, 28.39019775390625]",0.6583186388015747,1
6769,230618_4-2-0.tif,"[502.6770324707031, 9681.771911621094, 36.512420654296875, 48.82354736328125]",0.6580005288124084,1
6770,230618_4-2-0.tif,"[4601.695892333984, 7012.756408691406, 37.132598876953125, 23.8431396484375]",0.6577832102775574,1
6771,230618_4-2-0.tif,"[6738.0406494140625, 4268.538909912109, 42.85198974609375, 28.4063720703125]",0.6567419171333313,1
6772,230618_4-2-0.tif,"[5372.276718139648, 8872.266998291016, 17.860122680664062, 35.04205322265625]",0.6566877365112305,1
6773,230618_4-2-0.tif,"[7583.667266845703, 6005.5364990234375, 24.48046875, 43.8494873046875]",0.6559327840805054,1
6774,230618_4-2-0.tif,"[1559.2377014160156, 9639.94369506836, 40.896507263183594, 16.89984130859375]",0.6558827757835388,1
6775,230618_4-2-0.tif,"[6323.71076965332, 6808.126754760742, 41.478912353515625, 19.2491455078125]",0.6554985046386719,1
6776,230618_4-2-0.tif,"[1494.2105712890625, 9562.845581054688, 42.076904296875, 29.59686279296875]",0.6547595858573914,1
6777,230618_4-2-0.tif,"[4771.845123291016, 6748.960067749023, 38.2833251953125, 31.838516235351562]",0.6543947458267212,1
6778,230618_4-2-0.tif,"[5037.044372558594, 4412.730163574219, 42.164794921875, 31.37744140625]",0.6538639068603516,1
6779,230618_4-2-0.tif,"[6284.519744873047, 9857.731811523438, 15.119964599609375, 33.9078369140625]",0.6536847949028015,1
6780,230618_4-2-0.tif,"[6068.0421142578125, 7236.41357421875, 46.1429443359375, 27.491455078125]",0.6534397006034851,1
6781,230618_4-2-0.tif,"[4924.809020996094, 8649.151000976562, 45.3828125, 40.451416015625]",0.6528010368347168,1
6782,230618_4-2-0.tif,"[2913.157012939453, 9402.682647705078, 20.13360595703125, 30.68731689453125]",0.6525373458862305,1
6783,230618_4-2-0.tif,"[4740.987579345703, 7093.955383300781, 44.94549560546875, 23.61431884765625]",0.6519313454627991,1
6784,230618_4-2-0.tif,"[4015.0205688476562, 8401.166778564453, 23.84716796875, 41.93487548828125]",0.6516634225845337,1
6785,230618_4-2-0.tif,"[5058.519836425781, 3455.2120361328125, 40.5908203125, 33.79229736328125]",0.6513568162918091,1
6786,230618_4-2-0.tif,"[3217.0702362060547, 5581.11962890625, 29.89007568359375, 46.91204833984375]",0.6503877639770508,1
6787,230618_4-2-0.tif,"[7759.2747802734375, 6377.899826049805, 49.979827880859375, 21.9281005859375]",0.6503113508224487,1
6788,230618_4-2-0.tif,"[2123.0330810546875, 8625.841400146484, 20.273193359375, 38.550537109375]",0.6502509713172913,1
6789,230618_4-2-0.tif,"[6605.367370605469, 5701.7327880859375, 28.05810546875, 42.68061828613281]",0.6501681804656982,1
6790,230618_4-2-0.tif,"[2709.9734802246094, 5842.575469970703, 22.3658447265625, 43.164520263671875]",0.6501666903495789,1
6791,230618_4-2-0.tif,"[5641.96337890625, 9729.009033203125, 20.437828063964844, 28.0689697265625]",0.650012731552124,1
6792,230618_4-2-0.tif,"[9388.366683959961, 5116.423522949219, 38.579437255859375, 32.799848556518555]",0.6495466828346252,1
6793,230618_4-2-0.tif,"[1518.333740234375, 8950.781158447266, 29.220375061035156, 29.265045166015625]",0.6495306491851807,1
6794,230618_4-2-0.tif,"[6307.833435058594, 4623.7327880859375, 35.08203125, 37.411109924316406]",0.6493195295333862,1
6795,230618_4-2-0.tif,"[3139.737548828125, 8792.486892700195, 24.1483154296875, 41.864837646484375]",0.6491749882698059,1
6796,230618_4-2-0.tif,"[7285.3060302734375, 4556.9200439453125, 28.177276611328125, 40.13873291015625]",0.6490318179130554,1
6797,230618_4-2-0.tif,"[6175.697027206421, 5183.0194091796875, 34.657304763793945, 17.33984375]",0.6489712595939636,1
6798,230618_4-2-0.tif,"[6797.305313110352, 4273.387069702148, 44.616363525390625, 25.090087890625]",0.6489435434341431,1
6799,230618_4-2-0.tif,"[5010.6202392578125, 7595.1475830078125, 15.35333251953125, 33.0628662109375]",0.6488016247749329,1
6800,230618_4-2-0.tif,"[7581.484680175781, 3192.6826171875, 33.2838134765625, 34.540496826171875]",0.6483263373374939,1
6801,230618_4-2-0.tif,"[7233.8135986328125, 8024.782775878906, 41.9981689453125, 24.614013671875]",0.6482228636741638,1
6802,230618_4-2-0.tif,"[4720.391784667969, 9075.748107910156, 17.56781005859375, 44.40625]",0.6473372578620911,1
6803,230618_4-2-0.tif,"[7510.2550048828125, 8472.417297363281, 24.56884765625, 30.75921630859375]",0.6472926139831543,1
6804,230618_4-2-0.tif,"[9325.649536132812, 8489.600708007812, 17.71697998046875, 44.18328857421875]",0.6467459201812744,1
6805,230618_4-2-0.tif,"[6731.28662109375, 3516.7073974609375, 19.96074676513672, 52.51837158203125]",0.6453217267990112,1
6806,230618_4-2-0.tif,"[1968.6583862304688, 6833.059555053711, 18.1331787109375, 36.261688232421875]",0.6451998949050903,1
6807,230618_4-2-0.tif,"[3673.0714111328125, 8023.889831542969, 25.6669921875, 50.17333984375]",0.6451898217201233,1
6808,230618_4-2-0.tif,"[6985.650207519531, 9626.539794921875, 22.07666015625, 47.545684814453125]",0.6450945734977722,1
6809,230618_4-2-0.tif,"[7769.18424987793, 6503.095886230469, 38.528289794921875, 47.513916015625]",0.6446320414543152,1
6810,230618_4-2-0.tif,"[6372.101593017578, 5927.333953857422, 18.328857421875, 37.6083984375]",0.6445326209068298,1
6811,230618_4-2-0.tif,"[3902.254669189453, 8981.77392578125, 17.7093505859375, 27.5498046875]",0.6443237066268921,1
6812,230618_4-2-0.tif,"[2767.8819580078125, 9016.00717163086, 39.89385986328125, 26.38214111328125]",0.6440207362174988,1
6813,230618_4-2-0.tif,"[3836.3309020996094, 6500.976409912109, 19.92547607421875, 35.02642822265625]",0.643989086151123,1
6814,230618_4-2-0.tif,"[7106.392578125, 8312.418579101562, 29.85028076171875, 23.871627807617188]",0.6439638733863831,1
6815,230618_4-2-0.tif,"[7061.336853027344, 9656.91357421875, 28.0172119140625, 21.4337158203125]",0.6438182592391968,1
6816,230618_4-2-0.tif,"[6303.399307250977, 7529.912048339844, 17.4197998046875, 39.4176025390625]",0.6427488923072815,1
6817,230618_4-2-0.tif,"[4815.745178222656, 9819.128479003906, 41.3519287109375, 19.61669921875]",0.641585648059845,1
6818,230618_4-2-0.tif,"[4703.176368713379, 7990.934356689453, 21.1585693359375, 36.92132568359375]",0.6414153575897217,1
6819,230618_4-2-0.tif,"[4181.644943237305, 9926.397705078125, 40.66108703613281, 27.664794921875]",0.6403401494026184,1
6820,230618_4-2-0.tif,"[3948.0795288085938, 8875.86294555664, 23.0965576171875, 33.70233154296875]",0.6401522159576416,1
6821,230618_4-2-0.tif,"[7599.8314208984375, 3006.428192138672, 35.4454345703125, 21.5513916015625]",0.6398690342903137,1
6822,230618_4-2-0.tif,"[2947.8443603515625, 6101.535827636719, 19.113037109375, 34.998291015625]",0.6398239731788635,1
6823,230618_4-2-0.tif,"[3845.9071044921875, 6920.2083740234375, 24.1663818359375, 47.841064453125]",0.6394917964935303,1
6824,230618_4-2-0.tif,"[2159.0255737304688, 8081.057586669922, 44.6744384765625, 18.9173583984375]",0.6393885016441345,1
6825,230618_4-2-0.tif,"[8143.8221435546875, 3999.561981201172, 45.0228271484375, 36.2955322265625]",0.6389351487159729,1
6826,230618_4-2-0.tif,"[9635.572875976562, 8989.198303222656, 32.4156494140625, 20.010772705078125]",0.6382766366004944,1
6827,230618_4-2-0.tif,"[9465.850570678711, 7232.07373046875, 41.50453186035156, 22.870941162109375]",0.637496829032898,1
6828,230618_4-2-0.tif,"[7016.8709716796875, 6974.0654296875, 26.1280517578125, 49.44256591796875]",0.6371129155158997,1
6829,230618_4-2-0.tif,"[7133.9200439453125, 9917.15673828125, 27.36279296875, 29.005859375]",0.63656085729599,1
6830,230618_4-2-0.tif,"[3796.4525146484375, 7687.5517578125, 22.8660888671875, 51.4072265625]",0.6365556716918945,1
6831,230618_4-2-0.tif,"[373.8256530761719, 9813.992919921875, 46.56689453125, 30.23150634765625]",0.6364660859107971,1
6832,230618_4-2-0.tif,"[6342.233459472656, 4163.8018798828125, 30.68853759765625, 29.5377197265625]",0.6364036202430725,1
6833,230618_4-2-0.tif,"[4911.03466796875, 9859.708282470703, 30.17822265625, 29.954803466796875]",0.6359636783599854,1
6834,230618_4-2-0.tif,"[2505.2155151367188, 7844.667449951172, 33.4205322265625, 19.912872314453125]",0.6353129744529724,1
6835,230618_4-2-0.tif,"[8204.5386428833, 9120.291442871094, 45.459068298339844, 18.9100341796875]",0.63514643907547,1
6836,230618_4-2-0.tif,"[3637.715057373047, 9259.7783203125, 35.303497314453125, 38.8299560546875]",0.6346364617347717,1
6837,230618_4-2-0.tif,"[100.87928771972656, 3945.5093994140625, 38.544921875, 33.7667236328125]",0.634252667427063,1
6838,230618_4-2-0.tif,"[8461.82650756836, 6641.3299560546875, 22.7872314453125, 41.72412109375]",0.633532702922821,1
6839,230618_4-2-0.tif,"[5372.997970581055, 4077.400115966797, 26.188735961914062, 42.493194580078125]",0.6334968209266663,1
6840,230618_4-2-0.tif,"[7102.78857421875, 9569.034057617188, 18.756591796875, 49.162445068359375]",0.6333444714546204,1
6841,230618_4-2-0.tif,"[7218.603759765625, 9762.730102539062, 19.46044921875, 53.68505859375]",0.633159339427948,1
6842,230618_4-2-0.tif,"[6951.119964599609, 8154.8857421875, 28.05523681640625, 27.036376953125]",0.6328686475753784,1
6843,230618_4-2-0.tif,"[5650.80908203125, 5140.971809387207, 40.627479553222656, 30.56694793701172]",0.6326135993003845,1
6844,230618_4-2-0.tif,"[1639.6479797363281, 9019.390930175781, 41.70295715332031, 42.058349609375]",0.6324280500411987,1
6845,230618_4-2-0.tif,"[6322.745193481445, 5799.213287353516, 50.69378662109375, 21.577880859375]",0.6320366859436035,1
6846,230618_4-2-0.tif,"[8823.360244750977, 9630.109344482422, 20.739532470703125, 43.16815185546875]",0.6314642429351807,1
6847,230618_4-2-0.tif,"[3318.5285034179688, 7390.4024658203125, 15.82958984375, 34.569091796875]",0.6314562559127808,1
6848,230618_4-2-0.tif,"[4215.196838378906, 6624.090240478516, 29.767486572265625, 19.0093994140625]",0.6314142942428589,1
6849,230618_4-2-0.tif,"[8111.642242431641, 5406.96630859375, 40.88458251953125, 20.0411376953125]",0.631103515625,1
6850,230618_4-2-0.tif,"[7129.5318603515625, 4394.830017089844, 40.0870361328125, 19.1688232421875]",0.6309095025062561,1
6851,230618_4-2-0.tif,"[1618.3731079101562, 9433.259521484375, 29.600379943847656, 45.536865234375]",0.6308677196502686,1
6852,230618_4-2-0.tif,"[7421.959167480469, 6950.694305419922, 21.54766845703125, 41.19775390625]",0.6297798156738281,1
6853,230618_4-2-0.tif,"[8873.400863647461, 3576.5763549804688, 21.505279541015625, 48.522830963134766]",0.6297765374183655,1
6854,230618_4-2-0.tif,"[6088.9901123046875, 5616.0572509765625, 22.3828125, 44.83222770690918]",0.6295923590660095,1
6855,230618_4-2-0.tif,"[4710.2567138671875, 7698.299377441406, 26.145111083984375, 33.94544982910156]",0.6279987692832947,1
6856,230618_4-2-0.tif,"[4849.240539550781, 9020.552429199219, 32.989501953125, 27.182861328125]",0.6270269751548767,1
6857,230618_4-2-0.tif,"[704.3864440917969, 8933.077239990234, 50.43634033203125, 27.409271240234375]",0.6269824504852295,1
6858,230618_4-2-0.tif,"[3616.8807373046875, 9617.452453613281, 26.26752471923828, 37.664306640625]",0.6267592906951904,1
6859,230618_4-2-0.tif,"[9007.621826171875, 8319.951362609863, 47.2734375, 25.98668670654297]",0.6261284351348877,1
6860,230618_4-2-0.tif,"[1809.3156127929688, 9822.045837402344, 28.20751953125, 28.1024169921875]",0.6260980367660522,1
6861,230618_4-2-0.tif,"[4418.908264160156, 9433.04818725586, 31.9351806640625, 28.303466796875]",0.6255819797515869,1
6862,230618_4-2-0.tif,"[7600.7388916015625, 4346.030975341797, 37.340087890625, 18.18621826171875]",0.6253514289855957,1
6863,230618_4-2-0.tif,"[8061.583679199219, 6738.837829589844, 18.689453125, 37.774658203125]",0.6247946619987488,1
6864,230618_4-2-0.tif,"[3106.10994720459, 6903.250518798828, 19.011940002441406, 35.72125244140625]",0.624398410320282,1
6865,230618_4-2-0.tif,"[7209.45947265625, 9876.174499511719, 39.1607666015625, 36.152099609375]",0.6222392320632935,1
6866,230618_4-2-0.tif,"[4152.030067443848, 6043.3885498046875, 45.52848815917969, 19.85009765625]",0.6219078898429871,1
6867,230618_4-2-0.tif,"[3607.9353160858154, 8934.166534423828, 26.33098030090332, 26.818206787109375]",0.6218591928482056,1
6868,230618_4-2-0.tif,"[8701.705291748047, 5380.630462646484, 37.490509033203125, 23.847869873046875]",0.6218077540397644,1
6869,230618_4-2-0.tif,"[8396.703857421875, 7214.9527587890625, 19.0728759765625, 33.0625]",0.6213380694389343,1
6870,230618_4-2-0.tif,"[8856.597579956055, 5281.2850341796875, 40.593841552734375, 40.32806396484375]",0.621285617351532,1
6871,230618_4-2-0.tif,"[7842.430480957031, 5771.2655029296875, 31.6295166015625, 46.31884765625]",0.621070146560669,1
6872,230618_4-2-0.tif,"[5112.053771972656, 8583.713012695312, 26.2086181640625, 45.3582763671875]",0.6202357411384583,1
6873,230618_4-2-0.tif,"[4650.872367858887, 9835.002380371094, 25.38263702392578, 31.75262451171875]",0.6200570464134216,1
6874,230618_4-2-0.tif,"[4218.577011108398, 7333.773254394531, 39.15423583984375, 19.247802734375]",0.6197286248207092,1
6875,230618_4-2-0.tif,"[2741.400131225586, 9042.24496459961, 28.87567138671875, 47.71588134765625]",0.6194807291030884,1
6876,230618_4-2-0.tif,"[8533.779602050781, 7580.505859375, 40.5054931640625, 20.1551513671875]",0.619314968585968,1
6877,230618_4-2-0.tif,"[2554.9920654296875, 8022.0238037109375, 18.8509521484375, 47.243408203125]",0.6189686059951782,1
6878,230618_4-2-0.tif,"[6622.8455810546875, 5557.863433837891, 33.031982421875, 36.35687255859375]",0.6185516119003296,1
6879,230618_4-2-0.tif,"[2128.5816345214844, 6537.3348388671875, 39.24200439453125, 39.942626953125]",0.6184098124504089,1
6880,230618_4-2-0.tif,"[3346.5, 8312.780883789062, 45.81439208984375, 17.099395751953125]",0.6183294057846069,1
6881,230618_4-2-0.tif,"[9296.211364746094, 5113.865234375, 37.858245849609375, 28.2770938873291]",0.6182771921157837,1
6882,230618_4-2-0.tif,"[7737.507347106934, 3049.3338317871094, 34.78800964355469, 19.89471435546875]",0.6180647015571594,1
6883,230618_4-2-0.tif,"[7436.6341552734375, 3406.6029663085938, 39.100830078125, 21.194580078125]",0.6179344058036804,1
6884,230618_4-2-0.tif,"[6143.053161621094, 8997.966766357422, 22.024152755737305, 46.0211181640625]",0.6179185509681702,1
6885,230618_4-2-0.tif,"[4853.519805908203, 8871.795608520508, 19.70867919921875, 32.29217529296875]",0.617695152759552,1
6886,230618_4-2-0.tif,"[4577.666809082031, 7693.046028137207, 17.95654296875, 34.211265563964844]",0.6168122887611389,1
6887,230618_4-2-0.tif,"[4088.6492919921875, 8522.699127197266, 18.0037841796875, 36.24530029296875]",0.6158133149147034,1
6888,230618_4-2-0.tif,"[4193.477249145508, 6584.331115722656, 29.939620971679688, 20.9178466796875]",0.6150521636009216,1
6889,230618_4-2-0.tif,"[3022.920166015625, 9076.628509521484, 17.56781005859375, 34.029541015625]",0.6149767637252808,1
6890,230618_4-2-0.tif,"[7858.797271728516, 7234.826324462891, 25.6427001953125, 42.8387451171875]",0.6149476766586304,1
6891,230618_4-2-0.tif,"[6336.694046020508, 6992.125823974609, 17.056243896484375, 35.62640380859375]",0.6146795749664307,1
6892,230618_4-2-0.tif,"[6042.241149902344, 5467.214935302734, 30.1729736328125, 39.89788818359375]",0.6145957112312317,1
6893,230618_4-2-0.tif,"[7880.484710693359, 5477.727813720703, 23.76776123046875, 46.42730712890625]",0.6144400835037231,1
6894,230618_4-2-0.tif,"[2091.9253005981445, 7511.484832763672, 40.30171203613281, 22.376556396484375]",0.6142356991767883,1
6895,230618_4-2-0.tif,"[5689.090824127197, 8684.15869140625, 20.563045501708984, 34.564229011535645]",0.614095151424408,1
6896,230618_4-2-0.tif,"[3957.7450256347656, 7267.260269165039, 42.23760986328125, 26.0618896484375]",0.6138411164283752,1
6897,230618_4-2-0.tif,"[4351.378265380859, 8731.773193359375, 34.71588134765625, 41.3565673828125]",0.6137608885765076,1
6898,230618_4-2-0.tif,"[6922.034606933594, 7806.216201782227, 22.9923095703125, 33.130218505859375]",0.6134070158004761,1
6899,230618_4-2-0.tif,"[5025.161376953125, 2055.6910095214844, 33.6240234375, 19.285675048828125]",0.6127358675003052,1
6900,230618_4-2-0.tif,"[5057.450103759766, 7580.5341796875, 32.1121826171875, 39.16668701171875]",0.6125844717025757,1
6901,230618_4-2-0.tif,"[8162.99267578125, 4049.26025390625, 36.873779296875, 18.29547119140625]",0.6123368144035339,1
6902,230618_4-2-0.tif,"[6020.808898925781, 5971.870544433594, 27.4105224609375, 30.0067138671875]",0.6121598482131958,1
6903,230618_4-2-0.tif,"[4361.984313964844, 9052.499938964844, 36.13580322265625, 22.3265380859375]",0.6102566123008728,1
6904,230618_4-2-0.tif,"[2431.3280639648438, 8689.183868408203, 28.04974365234375, 53.984588623046875]",0.610090434551239,1
6905,230618_4-2-0.tif,"[4329.673095703125, 7106.624816894531, 21.768310546875, 48.0394287109375]",0.6092926263809204,1
6906,230618_4-2-0.tif,"[3396.406036376953, 7787.023712158203, 35.88104248046875, 34.456207275390625]",0.6089377403259277,1
6907,230618_4-2-0.tif,"[1787.4597778320312, 9405.719268798828, 17.13360595703125, 41.372467041015625]",0.6087232232093811,1
6908,230618_4-2-0.tif,"[7028.148681640625, 3130.2039794921875, 42.24237060546875, 27.9244384765625]",0.6086759567260742,1
6909,230618_4-2-0.tif,"[1503.7293701171875, 9282.640625, 34.73681640625, 22.3662109375]",0.6082662343978882,1
6910,230618_4-2-0.tif,"[3563.2859497070312, 7228.8572998046875, 34.6666259765625, 26.8701171875]",0.6080808639526367,1
6911,230618_4-2-0.tif,"[7635.7115478515625, 5639.827880859375, 26.38946533203125, 41.32373046875]",0.6079660058021545,1
6912,230618_4-2-0.tif,"[2703.920684814453, 6698.1785888671875, 34.684539794921875, 21.6395263671875]",0.6078653931617737,1
6913,230618_4-2-0.tif,"[8616.634948730469, 7080.615905761719, 48.5150146484375, 20.385009765625]",0.6077870726585388,1
6914,230618_4-2-0.tif,"[2897.64404296875, 6442.7691650390625, 42.92431640625, 45.38592529296875]",0.6071992516517639,1
6915,230618_4-2-0.tif,"[5743.924156188965, 7187.682861328125, 34.16913604736328, 23.25634765625]",0.6066245436668396,1
6916,230618_4-2-0.tif,"[7203.159294128418, 9377.751358032227, 28.46118927001953, 36.02363586425781]",0.606593132019043,1
6917,230618_4-2-0.tif,"[3260.201385498047, 7401.775085449219, 42.07757568359375, 21.67730712890625]",0.6059740781784058,1
6918,230618_4-2-0.tif,"[8849.488067626953, 8940.838409423828, 22.952301025390625, 29.02764892578125]",0.605804979801178,1
6919,230618_4-2-0.tif,"[6314.395690917969, 7838.589599609375, 24.20562744140625, 24.40289306640625]",0.6053420305252075,1
6920,230618_4-2-0.tif,"[5095.7733154296875, 2498.6223754882812, 24.4786376953125, 45.95745849609375]",0.6051733493804932,1
6921,230618_4-2-0.tif,"[897.6270751953125, 7917.527801513672, 22.76776123046875, 42.23162841796875]",0.6046428680419922,1
6922,230618_4-2-0.tif,"[8615.236877441406, 8850.37973022461, 41.1275634765625, 24.9642333984375]",0.6046203374862671,1
6923,230618_4-2-0.tif,"[7105.205078125, 9227.43592453003, 17.75897216796875, 45.171043395996094]",0.6044622659683228,1
6924,230618_4-2-0.tif,"[9788.694946289062, 4817.768829345703, 37.6923828125, 45.489227294921875]",0.6043943762779236,1
6925,230618_4-2-0.tif,"[7542.1187744140625, 4279.596786499023, 40.615478515625, 40.664215087890625]",0.6042547821998596,1
6926,230618_4-2-0.tif,"[3762.0234375, 6331.652893066406, 25.638031005859375, 45.40447998046875]",0.6041377782821655,1
6927,230618_4-2-0.tif,"[7286.843528747559, 8327.856140136719, 39.97510528564453, 22.461212158203125]",0.6040979027748108,1
6928,230618_4-2-0.tif,"[7566.970703125, 3480.5809326171875, 21.60015869140625, 46.7269287109375]",0.603973925113678,1
6929,230618_4-2-0.tif,"[7425.759460449219, 6905.465637207031, 43.965087890625, 39.3831787109375]",0.6038908958435059,1
6930,230618_4-2-0.tif,"[8871.713394165039, 5546.942779541016, 36.452056884765625, 32.98712158203125]",0.6034531593322754,1
6931,230618_4-2-0.tif,"[3368.0196533203125, 9134.540832519531, 39.580322265625, 18.981689453125]",0.6020423173904419,1
6932,230618_4-2-0.tif,"[6429.474304199219, 8264.775024414062, 21.8460693359375, 45.91455078125]",0.601825475692749,1
6933,230618_4-2-0.tif,"[2509.6195068359375, 9261.574462890625, 24.9456787109375, 29.0634765625]",0.6015825867652893,1
6934,230618_4-2-0.tif,"[3567.4908752441406, 8062.315948486328, 35.377166748046875, 30.875518798828125]",0.6014565229415894,1
6935,230618_4-2-0.tif,"[3484.750274658203, 9938.018432617188, 36.926025390625, 17.5855712890625]",0.6011764407157898,1
6936,230618_4-2-0.tif,"[5238.5936279296875, 9350.608001708984, 42.74446105957031, 32.287445068359375]",0.6011736989021301,1
6937,230618_4-2-0.tif,"[184.94155883789062, 9698.743408203125, 33.684417724609375, 30.70050048828125]",0.6010000109672546,1
6938,230618_4-2-0.tif,"[3867.560791015625, 7245.8128662109375, 18.85272216796875, 41.7706298828125]",0.5995076894760132,1
6939,230618_4-2-0.tif,"[2636.0783462524414, 8702.161224365234, 29.441390991210938, 42.66831588745117]",0.5989823937416077,1
6940,230618_4-2-0.tif,"[4733.48836517334, 6966.888427734375, 27.29938507080078, 38.599853515625]",0.5988974571228027,1
6941,230618_4-2-0.tif,"[3128.6204833984375, 9192.178955078125, 22.15869140625, 45.1510009765625]",0.5986465811729431,1
6942,230618_4-2-0.tif,"[3935.4368896484375, 9115.889282226562, 30.7659912109375, 16.642578125]",0.5983683466911316,1
6943,230618_4-2-0.tif,"[7373.7640380859375, 8178.724182128906, 37.512420654296875, 18.727492332458496]",0.5980708003044128,1
6944,230618_4-2-0.tif,"[7406.429107666016, 4383.387145996094, 40.4615478515625, 18.641357421875]",0.5979713201522827,1
6945,230618_4-2-0.tif,"[7168.462097167969, 9947.082275390625, 40.189453125, 30.841796875]",0.5968189835548401,1
6946,230618_4-2-0.tif,"[3188.992706298828, 6983.362030029297, 33.839324951171875, 43.962799072265625]",0.5966241359710693,1
6947,230618_4-2-0.tif,"[5811.718246459961, 6804.93994140625, 40.727691650390625, 17.8096923828125]",0.5961650013923645,1
6948,230618_4-2-0.tif,"[6990.3426513671875, 9332.559661865234, 35.0538330078125, 49.23667335510254]",0.5960566401481628,1
6949,230618_4-2-0.tif,"[186.6201171875, 9367.426788330078, 23.25244140625, 45.19866943359375]",0.5960263013839722,1
6950,230618_4-2-0.tif,"[3699.9620361328125, 6672.13427734375, 21.617218017578125, 44.7080078125]",0.5957946181297302,1
6951,230618_4-2-0.tif,"[8462.727783203125, 7068.120422363281, 53.084716796875, 39.175048828125]",0.5957667231559753,1
6952,230618_4-2-0.tif,"[5054.569030761719, 4256.410369873047, 35.6055908203125, 19.2906494140625]",0.5943124890327454,1
6953,230618_4-2-0.tif,"[1750.7715454101562, 8937.952239990234, 28.001708984375, 25.64483642578125]",0.5936591625213623,1
6954,230618_4-2-0.tif,"[3181.703887939453, 5528.234924316406, 36.658294677734375, 40.4171142578125]",0.5936099290847778,1
6955,230618_4-2-0.tif,"[5128.422546386719, 4254.112152099609, 20.6737060546875, 43.1597900390625]",0.5930717587471008,1
6956,230618_4-2-0.tif,"[8369.249267578125, 7270.575973510742, 27.82537841796875, 37.21046447753906]",0.5926157236099243,1
6957,230618_4-2-0.tif,"[4750.242034912109, 8088.0023193359375, 49.465667724609375, 30.5322265625]",0.5925685167312622,1
6958,230618_4-2-0.tif,"[621.4074096679688, 9559.270141601562, 35.950836181640625, 26.62939453125]",0.5925254821777344,1
6959,230618_4-2-0.tif,"[5938.760803222656, 5672.3992919921875, 45.8453369140625, 25.24706268310547]",0.5924080610275269,1
6960,230618_4-2-0.tif,"[6518.195007324219, 8728.0283203125, 22.82843017578125, 41.771484375]",0.5917904376983643,1
6961,230618_4-2-0.tif,"[1042.7520141601562, 9865.20263671875, 38.643310546875, 19.9100341796875]",0.5913149118423462,1
6962,230618_4-2-0.tif,"[7630.872253417969, 6719.29345703125, 29.69635009765625, 26.84912109375]",0.5912294983863831,1
6963,230618_4-2-0.tif,"[3435.4312744140625, 8056.608642578125, 30.7008056640625, 23.990966796875]",0.5905174612998962,1
6964,230618_4-2-0.tif,"[7621.145690917969, 4058.3195190429688, 32.936279296875, 19.486572265625]",0.5902831554412842,1
6965,230618_4-2-0.tif,"[6790.442810058594, 4682.31233215332, 34.126068115234375, 39.853546142578125]",0.5902045369148254,1
6966,230618_4-2-0.tif,"[6320.268798828125, 8745.02587890625, 17.523101806640625, 34.156005859375]",0.5895326137542725,1
6967,230618_4-2-0.tif,"[2467.2700805664062, 9685.260070800781, 34.3033447265625, 22.391357421875]",0.5891035795211792,1
6968,230618_4-2-0.tif,"[3973.6121215820312, 9779.769958496094, 45.70306396484375, 25.75274658203125]",0.5887377858161926,1
6969,230618_4-2-0.tif,"[2728.9283905029297, 5515.568359375, 19.335601806640625, 43.6142578125]",0.5886633396148682,1
6970,230618_4-2-0.tif,"[2455.0430297851562, 7743.982238769531, 20.3995361328125, 39.8885498046875]",0.5884189605712891,1
6971,230618_4-2-0.tif,"[9545.523193359375, 5167.493370056152, 51.187255859375, 28.478683471679688]",0.5883816480636597,1
6972,230618_4-2-0.tif,"[8053.3177490234375, 9321.598999023438, 24.03631591796875, 40.62522888183594]",0.5881934762001038,1
6973,230618_4-2-0.tif,"[2560.386016845703, 9129.08056640625, 27.92859649658203, 15.545166015625]",0.5877752304077148,1
6974,230618_4-2-0.tif,"[5091.569793701172, 5124.585998535156, 23.716796875, 55.7664794921875]",0.5873896479606628,1
6975,230618_4-2-0.tif,"[4956.337341308594, 7615.205871582031, 17.503662109375, 34.1480712890625]",0.587162435054779,1
6976,230618_4-2-0.tif,"[6687.7977294921875, 7071.794616699219, 33.610595703125, 27.3079833984375]",0.5868181586265564,1
6977,230618_4-2-0.tif,"[6080.478942871094, 8508.734313964844, 27.975830078125, 28.2861328125]",0.5867075324058533,1
6978,230618_4-2-0.tif,"[4531.776184082031, 7411.582946777344, 20.96630859375, 55.68768310546875]",0.5855405330657959,1
6979,230618_4-2-0.tif,"[5819.330505371094, 2948.8015747070312, 33.75079345703125, 25.767333984375]",0.5849633812904358,1
6980,230618_4-2-0.tif,"[7513.231506347656, 5624.2611083984375, 30.66046142578125, 43.3138427734375]",0.5847281217575073,1
6981,230618_4-2-0.tif,"[4567.240661621094, 9434.569374084473, 27.32379150390625, 43.52787780761719]",0.5836734175682068,1
6982,230618_4-2-0.tif,"[9118.864562988281, 7882.84407043457, 41.4375, 20.834320068359375]",0.5836545825004578,1
6983,230618_4-2-0.tif,"[6617.264892578125, 3997.2102966308594, 40.56549072265625, 34.39581298828125]",0.5829121470451355,1
6984,230618_4-2-0.tif,"[8233.6262550354, 6006.830139160156, 60.76675033569336, 26.540496826171875]",0.5828900933265686,1
6985,230618_4-2-0.tif,"[4457.681457519531, 7472.065368652344, 42.106689453125, 35.819091796875]",0.5827401280403137,1
6986,230618_4-2-0.tif,"[4347.869064331055, 7929.962677001953, 38.99610900878906, 28.97418212890625]",0.5826552510261536,1
6987,230618_4-2-0.tif,"[3089.2510986328125, 9160.14712524414, 24.2998046875, 47.171142578125]",0.5825334787368774,1
6988,230618_4-2-0.tif,"[3012.431884765625, 5865.316986083984, 25.15472412109375, 30.341827392578125]",0.5821352005004883,1
6989,230618_4-2-0.tif,"[8769.453170776367, 9042.173919677734, 39.20832824707031, 21.51495361328125]",0.5815550088882446,1
6990,230618_4-2-0.tif,"[9956.470458984375, 6253.655792236328, 31.830810546875, 42.177764892578125]",0.580653727054596,1
6991,230618_4-2-0.tif,"[2065.90576171875, 7044.8829345703125, 23.807861328125, 47.2918701171875]",0.5803283452987671,1
6992,230618_4-2-0.tif,"[2148.632568359375, 8307.467422485352, 34.90081787109375, 49.80224609375]",0.5802938342094421,1
6993,230618_4-2-0.tif,"[8562.111419677734, 7354.4959716796875, 36.37701416015625, 34.683990478515625]",0.5801220536231995,1
6994,230618_4-2-0.tif,"[5888.1705322265625, 9045.472778320312, 17.662353515625, 29.240966796875]",0.5799850225448608,1
6995,230618_4-2-0.tif,"[2529.5440368652344, 8199.92822265625, 25.65338134765625, 55.12841796875]",0.5790154933929443,1
6996,230618_4-2-0.tif,"[6970.820404052734, 3188.046157836914, 22.96417236328125, 43.22393798828125]",0.5786786079406738,1
6997,230618_4-2-0.tif,"[8724.245788574219, 5008.224914550781, 17.7979736328125, 33.2816162109375]",0.5776569247245789,1
6998,230618_4-2-0.tif,"[1288.4519653320312, 8504.335662841797, 26.65985107421875, 31.7193603515625]",0.5775569081306458,1
6999,230618_4-2-0.tif,"[3735.9005432128906, 9697.09164428711, 29.069671630859375, 23.12481689453125]",0.5774993300437927,1
7000,230618_4-2-0.tif,"[3175.7456665039062, 9139.724731445312, 29.862030029296875, 40.20184326171875]",0.5766887664794922,1
7001,230618_4-2-0.tif,"[2589.68505859375, 7340.511871337891, 36.2998046875, 16.93182373046875]",0.5761672854423523,1
7002,230618_4-2-0.tif,"[2422.390167236328, 7131.265686035156, 37.92822265625, 31.17578125]",0.5760024189949036,1
7003,230618_4-2-0.tif,"[6486.974426269531, 4588.2156982421875, 33.51123046875, 44.072181701660156]",0.5759872198104858,1
7004,230618_4-2-0.tif,"[7459.95361328125, 7122.0191650390625, 21.38922119140625, 40.6024169921875]",0.5756636261940002,1
7005,230618_4-2-0.tif,"[7352.418243408203, 8064.557434082031, 17.29132080078125, 33.2437744140625]",0.5754969120025635,1
7006,230618_4-2-0.tif,"[5582.727966308594, 7525.223083496094, 41.5467529296875, 20.6375732421875]",0.5747624635696411,1
7007,230618_4-2-0.tif,"[6152.747509002686, 7452.725372314453, 37.792572021484375, 24.96673583984375]",0.5746333003044128,1
7008,230618_4-2-0.tif,"[4732.867935180664, 8621.757263183594, 34.716705322265625, 39.84576416015625]",0.5743780136108398,1
7009,230618_4-2-0.tif,"[4379.9324951171875, 8424.11538696289, 43.1395263671875, 21.9569091796875]",0.5733276009559631,1
7010,230618_4-2-0.tif,"[6878.826690673828, 4787.791580200195, 34.6739501953125, 17.475372314453125]",0.573045015335083,1
7011,230618_4-2-0.tif,"[6082.436767578125, 6780.231559753418, 33.216064453125, 34.04810333251953]",0.5724249482154846,1
7012,230618_4-2-0.tif,"[8882.887573242188, 7065.314758300781, 41.848541259765625, 22.8994140625]",0.5717532634735107,1
7013,230618_4-2-0.tif,"[9573.706634521484, 6663.0238037109375, 33.7015380859375, 43.9200439453125]",0.5713310241699219,1
7014,230618_4-2-0.tif,"[6583.917419433594, 8169.674621582031, 27.88800048828125, 30.42694091796875]",0.5711953639984131,1
7015,230618_4-2-0.tif,"[3724.2911071777344, 6405.807861328125, 49.80999755859375, 23.0419921875]",0.5710492134094238,1
7016,230618_4-2-0.tif,"[7415.185272216797, 3137.5059814453125, 35.07672119140625, 21.9788818359375]",0.5695688128471375,1
7017,230618_4-2-0.tif,"[6118.917907714844, 7188.6842041015625, 26.03790283203125, 15.326171875]",0.5688679814338684,1
7018,230618_4-2-0.tif,"[3742.0280151367188, 8077.8135986328125, 18.18023681640625, 28.823974609375]",0.5686892867088318,1
7019,230618_4-2-0.tif,"[3540.9772033691406, 5849.508941650391, 23.767333984375, 33.66790771484375]",0.5685231685638428,1
7020,230618_4-2-0.tif,"[6728.399963378906, 4091.1358642578125, 20.980712890625, 40.40073013305664]",0.5682821869850159,1
7021,230618_4-2-0.tif,"[3375.6077270507812, 6767.135177612305, 37.736572265625, 19.451507568359375]",0.5682044625282288,1
7022,230618_4-2-0.tif,"[1781.43994140625, 9372.293029785156, 42.99627685546875, 25.797637939453125]",0.5679712295532227,1
7023,230618_4-2-0.tif,"[4033.364013671875, 8586.95556640625, 30.1036376953125, 38.7296142578125]",0.5677002668380737,1
7024,230618_4-2-0.tif,"[5390.858825683594, 9804.2705078125, 25.455322265625, 44.1827392578125]",0.5674013495445251,1
7025,230618_4-2-0.tif,"[2452.100311279297, 7955.5302734375, 39.22601318359375, 43.5062255859375]",0.5672282576560974,1
7026,230618_4-2-0.tif,"[4342.3978271484375, 4334.327239990234, 19.17529296875, 34.654541015625]",0.5671089291572571,1
7027,230618_4-2-0.tif,"[6918.807189941406, 9713.498168945312, 45.5926513671875, 28.12384033203125]",0.5669127702713013,1
7028,230618_4-2-0.tif,"[4838.119842529297, 7097.334045410156, 28.914794921875, 30.9522705078125]",0.5658218860626221,1
7029,230618_4-2-0.tif,"[4067.0545654296875, 7410.965225219727, 22.3980712890625, 46.39842224121094]",0.5656427145004272,1
7030,230618_4-2-0.tif,"[2796.838104248047, 9837.8896484375, 22.97216796875, 40.28271484375]",0.5654547810554504,1
7031,230618_4-2-0.tif,"[5363.200759887695, 5114.5955810546875, 40.02806091308594, 40.2681884765625]",0.5654510855674744,1
7032,230618_4-2-0.tif,"[7312.542251586914, 9110.184539794922, 28.15447998046875, 43.5418701171875]",0.563698410987854,1
7033,230618_4-2-0.tif,"[5174.388671875, 2356.0640563964844, 24.8045654296875, 45.71075439453125]",0.5635916590690613,1
7034,230618_4-2-0.tif,"[1889.9297485351562, 7669.532897949219, 23.491607666015625, 40.990478515625]",0.5631390810012817,1
7035,230618_4-2-0.tif,"[3863.8746337890625, 9596.077697753906, 43.2197265625, 25.4267578125]",0.5629000663757324,1
7036,230618_4-2-0.tif,"[6828.892578125, 7560.997985839844, 42.122894287109375, 21.645263671875]",0.5628764629364014,1
7037,230618_4-2-0.tif,"[7803.356018066406, 9376.927505493164, 25.087493896484375, 39.35095977783203]",0.5624687075614929,1
7038,230618_4-2-0.tif,"[6315.258529663086, 8189.543884277344, 40.265533447265625, 36.1451416015625]",0.5623452663421631,1
7039,230618_4-2-0.tif,"[5371.447937011719, 6891.231491088867, 27.67218017578125, 47.30043029785156]",0.5622721314430237,1
7040,230618_4-2-0.tif,"[2077.2433471679688, 9201.91781616211, 27.28277587890625, 43.847198486328125]",0.5620783567428589,1
7041,230618_4-2-0.tif,"[387.913818359375, 3907.7987670898438, 25.63330078125, 54.98876953125]",0.5619046092033386,1
7042,230618_4-2-0.tif,"[4738.882385253906, 3879.8905029296875, 26.654754638671875, 50.259521484375]",0.5611457824707031,1
7043,230618_4-2-0.tif,"[3418.2669067382812, 9248.052551269531, 41.021728515625, 27.635009765625]",0.5607829093933105,1
7044,230618_4-2-0.tif,"[7324.249969482422, 8884.915313720703, 17.327606201171875, 32.926025390625]",0.5604854822158813,1
7045,230618_4-2-0.tif,"[2231.393081665039, 5951.002166748047, 18.241363525390625, 42.8914794921875]",0.5600917339324951,1
7046,230618_4-2-0.tif,"[4106.9342041015625, 8355.249328613281, 43.3321533203125, 18.6204833984375]",0.5595909357070923,1
7047,230618_4-2-0.tif,"[5747.265121459961, 6936.036560058594, 28.151519775390625, 39.89892578125]",0.5595561265945435,1
7048,230618_4-2-0.tif,"[2982.9571228027344, 6626.314697265625, 21.2576904296875, 50.216552734375]",0.5594730973243713,1
7049,230618_4-2-0.tif,"[4904.0048828125, 8023.60107421875, 41.3868408203125, 30.20703125]",0.5594621300697327,1
7050,230618_4-2-0.tif,"[575.3656005859375, 8851.267105102539, 35.481597900390625, 28.384490966796875]",0.5592801570892334,1
7051,230618_4-2-0.tif,"[6023.125396728516, 7459.467834472656, 45.36859130859375, 32.9508056640625]",0.5592778325080872,1
7052,230618_4-2-0.tif,"[8668.210021972656, 6148.549293518066, 33.99462890625, 50.084251403808594]",0.5589926242828369,1
7053,230618_4-2-0.tif,"[7673.8216552734375, 8665.001495361328, 20.5548095703125, 38.250335693359375]",0.5588483214378357,1
7054,230618_4-2-0.tif,"[5083.76318359375, 3935.514617919922, 44.9820556640625, 19.3773193359375]",0.5586522817611694,1
7055,230618_4-2-0.tif,"[7923.201568603516, 8957.61068725586, 21.46270751953125, 46.68499755859375]",0.5578731894493103,1
7056,230618_4-2-0.tif,"[4949.822723388672, 7430.781311035156, 27.41278076171875, 17.720947265625]",0.5576679110527039,1
7057,230618_4-2-0.tif,"[7309.992034912109, 7650.303955078125, 41.96392822265625, 25.2081298828125]",0.5570171475410461,1
7058,230618_4-2-0.tif,"[4394.2313232421875, 7737.8818359375, 27.3670654296875, 45.491455078125]",0.5566835999488831,1
7059,230618_4-2-0.tif,"[2776.9554138183594, 7972.562835693359, 18.923675537109375, 27.11505126953125]",0.5561038851737976,1
7060,230618_4-2-0.tif,"[9238.971809387207, 4907.549346923828, 25.785797119140625, 54.45556640625]",0.5560571551322937,1
7061,230618_4-2-0.tif,"[377.27349853515625, 9722.454132080078, 23.3997802734375, 30.4635009765625]",0.5547633767127991,1
7062,230618_4-2-0.tif,"[6125.809814453125, 4832.323760986328, 18.33709716796875, 43.97772216796875]",0.554114043712616,1
7063,230618_4-2-0.tif,"[7202.487548828125, 8886.096298217773, 24.75127410888672, 26.007614135742188]",0.5539730787277222,1
7064,230618_4-2-0.tif,"[7071.642395019531, 7907.385009765625, 32.3704833984375, 16.06671142578125]",0.5536580085754395,1
7065,230618_4-2-0.tif,"[9125.273162841797, 6367.272735595703, 34.94793701171875, 32.40020751953125]",0.5533961653709412,1
7066,230618_4-2-0.tif,"[8276.849731445312, 9533.58999633789, 37.11128234863281, 40.22442626953125]",0.5532132387161255,1
7067,230618_4-2-0.tif,"[4255.1036376953125, 8841.815170288086, 40.50897216796875, 26.690521240234375]",0.5522249341011047,1
7068,230618_4-2-0.tif,"[4025.2618408203125, 7972.5716552734375, 43.64794921875, 17.5789794921875]",0.5516741871833801,1
7069,230618_4-2-0.tif,"[6354.987609863281, 8584.541687011719, 18.838134765625, 36.85791015625]",0.5511807203292847,1
7070,230618_4-2-0.tif,"[9123.052185058594, 3911.5286865234375, 35.32501220703125, 45.76458740234375]",0.5511178374290466,1
7071,230618_4-2-0.tif,"[3907.7045288085938, 9816.123291015625, 30.273651123046875, 46.301513671875]",0.5508939623832703,1
7072,230618_4-2-0.tif,"[9828.345458984375, 6350.854568481445, 48.66046142578125, 24.536590576171875]",0.5508803725242615,1
7073,230618_4-2-0.tif,"[8735.091796875, 7620.202697753906, 49.40576171875, 47.76983642578125]",0.550715446472168,1
7074,230618_4-2-0.tif,"[3164.1310424804688, 6044.272705078125, 38.557159423828125, 32.046630859375]",0.5494597554206848,1
7075,230618_4-2-0.tif,"[2494.9219970703125, 7278.881057739258, 28.3038330078125, 42.535552978515625]",0.5494444370269775,1
7076,230618_4-2-0.tif,"[6390.853469848633, 6225.0328369140625, 31.291854858398438, 38.27923583984375]",0.5487416982650757,1
7077,230618_4-2-0.tif,"[5767.622528076172, 7862.351821899414, 45.91192626953125, 34.642364501953125]",0.5482717752456665,1
7078,230618_4-2-0.tif,"[3452.80078125, 9460.735443115234, 15.426513671875, 33.630096435546875]",0.5480177998542786,1
7079,230618_4-2-0.tif,"[7667.265380859375, 9625.186096191406, 25.49993896484375, 38.103515625]",0.5478630065917969,1
7080,230618_4-2-0.tif,"[2721.7175903320312, 8652.85464477539, 42.81011962890625, 30.186767578125]",0.546970546245575,1
7081,230618_4-2-0.tif,"[6012.5177001953125, 6258.552749633789, 38.2723388671875, 33.1505126953125]",0.5469275712966919,1
7082,230618_4-2-0.tif,"[6883.451354980469, 4078.2365112304688, 37.146240234375, 24.480712890625]",0.546711802482605,1
7083,230618_4-2-0.tif,"[3876.1668701171875, 6451.290924072266, 20.1978759765625, 32.197265625]",0.5460439324378967,1
7084,230618_4-2-0.tif,"[7631.0345458984375, 8178.725158691406, 41.65533447265625, 24.8544921875]",0.5459474921226501,1
7085,230618_4-2-0.tif,"[7608.730438232422, 8977.990661621094, 19.65802001953125, 41.230224609375]",0.5457642674446106,1
7086,230618_4-2-0.tif,"[6385.188323974609, 4686.330825805664, 18.81903076171875, 40.66395568847656]",0.5449191927909851,1
7087,230618_4-2-0.tif,"[4489.169677734375, 6984.780700683594, 31.01611328125, 40.94964599609375]",0.5427746176719666,1
7088,230618_4-2-0.tif,"[6392.7076416015625, 4422.335632324219, 32.70635986328125, 22.38037109375]",0.5427129864692688,1
7089,230618_4-2-0.tif,"[5245.777687072754, 7870.040344238281, 39.87737274169922, 42.8009033203125]",0.5422437191009521,1
7090,230618_4-2-0.tif,"[3556.5254516601562, 6609.945220947266, 22.08892822265625, 45.6771240234375]",0.541916012763977,1
7091,230618_4-2-0.tif,"[3084.578369140625, 6345.787445068359, 40.460693359375, 37.04376220703125]",0.5415119528770447,1
7092,230618_4-2-0.tif,"[5922.043029785156, 7349.341400146484, 39.979736328125, 21.43243408203125]",0.5411937236785889,1
7093,230618_4-2-0.tif,"[4719.4428634643555, 6516.462829589844, 35.14997100830078, 33.697967529296875]",0.5411818623542786,1
7094,230618_4-2-0.tif,"[3781.273666381836, 5583.89501953125, 24.196929931640625, 45.3209228515625]",0.5407567620277405,1
7095,230618_4-2-0.tif,"[2293.901809692383, 7119.501403808594, 38.97911071777344, 34.958984375]",0.5407284498214722,1
7096,230618_4-2-0.tif,"[6416.7474365234375, 8337.004119873047, 31.90069580078125, 42.73004150390625]",0.5406979322433472,1
7097,230618_4-2-0.tif,"[7170.522766113281, 7545.75048828125, 23.085874557495117, 40.99383544921875]",0.5406872630119324,1
7098,230618_4-2-0.tif,"[8277.941467285156, 6805.757217407227, 45.961273193359375, 25.87677001953125]",0.5400969982147217,1
7099,230618_4-2-0.tif,"[4514.061218261719, 6823.568878173828, 19.8214111328125, 45.85546875]",0.540062665939331,1
7100,230618_4-2-0.tif,"[1780.8826446533203, 9159.8837890625, 25.407333374023438, 57.7099609375]",0.5396184325218201,1
7101,230618_4-2-0.tif,"[7552.35791015625, 7721.395751953125, 41.5938720703125, 33.775634765625]",0.539569079875946,1
7102,230618_4-2-0.tif,"[8896.296569824219, 6276.097885131836, 18.2044677734375, 41.78021240234375]",0.5392152070999146,1
7103,230618_4-2-0.tif,"[1553.4540100097656, 9795.824523925781, 31.514495849609375, 47.65399169921875]",0.5390406250953674,1
7104,230618_4-2-0.tif,"[2881.0186767578125, 6623.957580566406, 42.89111328125, 31.8453369140625]",0.5380740761756897,1
7105,230618_4-2-0.tif,"[5802.317535400391, 4911.206970214844, 45.78692626953125, 25.67919921875]",0.5369173884391785,1
7106,230618_4-2-0.tif,"[7372.607818603516, 6127.514068603516, 22.125076293945312, 45.386199951171875]",0.5367998480796814,1
7107,230618_4-2-0.tif,"[1984.879150390625, 7499.680938720703, 26.6451416015625, 27.2113037109375]",0.536480188369751,1
7108,230618_4-2-0.tif,"[4516.121520996094, 8549.366668701172, 44.7093505859375, 28.789794921875]",0.5340316295623779,1
7109,230618_4-2-0.tif,"[1029.169448852539, 8322.838287353516, 32.04663848876953, 25.00189208984375]",0.5333340764045715,1
7110,230618_4-2-0.tif,"[2572.058967590332, 8914.213806152344, 39.59423065185547, 33.24589538574219]",0.5327684283256531,1
7111,230618_4-2-0.tif,"[7501.10595703125, 5222.3963623046875, 43.7498779296875, 26.189285278320312]",0.532497763633728,1
7112,230618_4-2-0.tif,"[6237.863327026367, 9392.426956176758, 42.3433837890625, 47.38927459716797]",0.5324322581291199,1
7113,230618_4-2-0.tif,"[3278.020782470703, 7710.466323852539, 45.19659423828125, 38.06989288330078]",0.5321649312973022,1
7114,230618_4-2-0.tif,"[170.37554931640625, 9844.550537109375, 18.836669921875, 42.01171875]",0.5316467881202698,1
7115,230618_4-2-0.tif,"[4494.944427490234, 8477.898803710938, 33.77392578125, 20.481689453125]",0.5316370725631714,1
7116,230618_4-2-0.tif,"[8592.104675292969, 5876.931579589844, 23.781982421875, 53.080322265625]",0.5308828353881836,1
7117,230618_4-2-0.tif,"[5988.447662353516, 5556.784912109375, 41.78314208984375, 31.9219970703125]",0.5303193926811218,1
7118,230618_4-2-0.tif,"[4891.4293212890625, 2435.9461669921875, 51.3134765625, 28.04107666015625]",0.5302157998085022,1
7119,230618_4-2-0.tif,"[248.05447387695312, 3011.4054565429688, 63.45050048828125, 38.2000732421875]",0.529567539691925,1
7120,230618_4-2-0.tif,"[4295.364151000977, 8126.193695068359, 15.56158447265625, 33.39422607421875]",0.5291089415550232,1
7121,230618_4-2-0.tif,"[231.86807250976562, 8723.376342773438, 43.7305908203125, 37.90785598754883]",0.5289711356163025,1
7122,230618_4-2-0.tif,"[2829.16357421875, 7228.257911682129, 16.9896240234375, 43.012115478515625]",0.5287708044052124,1
7123,230618_4-2-0.tif,"[293.7532958984375, 8749.054443359375, 31.2777099609375, 50.171875]",0.5286070108413696,1
7124,230618_4-2-0.tif,"[8196.822509765625, 6588.196350097656, 29.135498046875, 46.5206298828125]",0.5276338458061218,1
7125,230618_4-2-0.tif,"[4837.412017822266, 8679.292541503906, 27.880157470703125, 40.1651611328125]",0.5276312232017517,1
7126,230618_4-2-0.tif,"[1399.9546508789062, 9871.406005859375, 38.7120361328125, 22.0753173828125]",0.5276012420654297,1
7127,230618_4-2-0.tif,"[9298.767669677734, 6493.0838623046875, 33.320465087890625, 27.9971923828125]",0.5270508527755737,1
7128,230618_4-2-0.tif,"[5406.7139892578125, 6843.8497314453125, 39.821044921875, 23.594207763671875]",0.5267079472541809,1
7129,230618_4-2-0.tif,"[4360.76318359375, 7475.814849853516, 45.1024169921875, 30.0567626953125]",0.5254396796226501,1
7130,230618_4-2-0.tif,"[7906.459167480469, 9907.668334960938, 35.50811767578125, 39.716064453125]",0.5244415402412415,1
7131,230618_4-2-0.tif,"[5065.875427246094, 7158.089996337891, 36.4095458984375, 29.015642166137695]",0.5241479277610779,1
7132,230618_4-2-0.tif,"[7157.591644287109, 5885.498092651367, 29.190948486328125, 45.64122009277344]",0.5240876078605652,1
7133,230618_4-2-0.tif,"[4526.681701660156, 9915.117431640625, 40.9444580078125, 22.7259521484375]",0.5239596366882324,1
7134,230618_4-2-0.tif,"[579.8857421875, 9332.321578979492, 44.130126953125, 28.239044189453125]",0.523673951625824,1
7135,230618_4-2-0.tif,"[3377.7633056640625, 7934.892822265625, 39.38916015625, 34.62322998046875]",0.5236021876335144,1
7136,230618_4-2-0.tif,"[5407.220886230469, 7219.547607421875, 25.174072265625, 45.705810546875]",0.5232033729553223,1
7137,230618_4-2-0.tif,"[9329.93374633789, 8841.949340820312, 39.740814208984375, 28.24267578125]",0.5227692127227783,1
7138,230618_4-2-0.tif,"[5826.387557983398, 8864.14682006836, 20.655792236328125, 45.2490234375]",0.522550642490387,1
7139,230618_4-2-0.tif,"[2846.7606201171875, 9509.133728027344, 22.5704345703125, 38.7073974609375]",0.5212432146072388,1
7140,230618_4-2-0.tif,"[3230.2422485351562, 7294.858627319336, 29.975494384765625, 44.380523681640625]",0.5207156538963318,1
7141,230618_4-2-0.tif,"[6575.280700683594, 9472.728759765625, 29.5712890625, 39.2435302734375]",0.5201600193977356,1
7142,230618_4-2-0.tif,"[3994.7703247070312, 9163.530883789062, 27.07421875, 35.471923828125]",0.5194227695465088,1
7143,230618_4-2-0.tif,"[500.3851318359375, 9127.35302734375, 28.288497924804688, 38.131591796875]",0.5184726119041443,1
7144,230618_4-2-0.tif,"[7345.921691894531, 5116.633056640625, 23.384063720703125, 48.4432373046875]",0.5171753764152527,1
7145,230618_4-2-0.tif,"[3520.3678588867188, 7061.047119140625, 40.87451171875, 20.510986328125]",0.5169986486434937,1
7146,230618_4-2-0.tif,"[4092.8895874023438, 8854.48664855957, 30.9644775390625, 50.72344970703125]",0.5169205069541931,1
7147,230618_4-2-0.tif,"[4501.026031494141, 9857.925689697266, 25.8187255859375, 47.007049560546875]",0.5167425274848938,1
7148,230618_4-2-0.tif,"[6878.5079345703125, 6968.5194091796875, 31.02947998046875, 33.858154296875]",0.5165334343910217,1
7149,230618_4-2-0.tif,"[5829.106903076172, 7265.1689453125, 21.113937377929688, 29.001708984375]",0.5159140825271606,1
7150,230618_4-2-0.tif,"[7103.539245605469, 5490.105041503906, 18.5074462890625, 40.440673828125]",0.5156636238098145,1
7151,230618_4-2-0.tif,"[3695.790184020996, 8501.436706542969, 39.28571319580078, 21.785400390625]",0.5155298709869385,1
7152,230618_4-2-0.tif,"[5138.94140625, 4981.8134765625, 41.94367980957031, 35.8037109375]",0.5153712630271912,1
7153,230618_4-2-0.tif,"[3562.379638671875, 7352.282730102539, 23.8883056640625, 39.823272705078125]",0.5152364373207092,1
7154,230618_4-2-0.tif,"[2677.2150115966797, 7602.173645019531, 24.96728515625, 46.918212890625]",0.5151969790458679,1
7155,230618_4-2-0.tif,"[6046.813293457031, 9129.26742553711, 16.8367919921875, 32.55322265625]",0.5147683620452881,1
7156,230618_4-2-0.tif,"[821.1042785644531, 9703.147033691406, 36.6072998046875, 25.2218017578125]",0.5143507719039917,1
7157,230618_4-2-0.tif,"[3786.6849975585938, 9547.654678344727, 27.476364135742188, 44.35107421875]",0.5131517052650452,1
7158,230618_4-2-0.tif,"[7903.041320800781, 6013.117218017578, 20.3785400390625, 47.55853271484375]",0.5127196311950684,1
7159,230618_4-2-0.tif,"[3278.9100189208984, 8067.961608886719, 46.317962646484375, 29.7911376953125]",0.5120639801025391,1
7160,230618_4-2-0.tif,"[3903.838836669922, 7833.056533813477, 41.2176513671875, 29.12420654296875]",0.5114837884902954,1
7161,230618_4-2-0.tif,"[1683.5400390625, 9294.085166931152, 24.519256591796875, 44.176513671875]",0.5114511251449585,1
7162,230618_4-2-0.tif,"[6712.922565460205, 5785.750823974609, 29.78921127319336, 36.19169616699219]",0.5114068388938904,1
7163,230618_4-2-0.tif,"[4476.1334228515625, 8980.052185058594, 29.9307861328125, 36.9246826171875]",0.5111315846443176,1
7164,230618_4-2-0.tif,"[8313.266891479492, 7941.505859375, 33.107025146484375, 38.91705322265625]",0.5097069144248962,1
7165,230618_4-2-0.tif,"[7881.4114990234375, 5671.295959472656, 42.60333251953125, 20.32861328125]",0.509152352809906,1
7166,230618_4-2-0.tif,"[8412.317413330078, 7917.7415771484375, 35.7330322265625, 36.83880615234375]",0.5091518759727478,1
7167,230618_4-2-0.tif,"[5650.1053466796875, 9480.915565490723, 29.994873046875, 43.997535705566406]",0.5089586973190308,1
7168,230618_4-2-0.tif,"[6969.0181884765625, 6382.352081298828, 44.443115234375, 25.524505615234375]",0.5084661245346069,1
7169,230618_4-2-0.tif,"[5442.910186767578, 8155.1307373046875, 24.046875, 48.38323974609375]",0.5068311095237732,1
7170,230618_4-2-0.tif,"[6572.148864746094, 8591.81088256836, 30.417724609375, 30.661865234375]",0.5065408945083618,1
7171,230618_4-2-0.tif,"[6424.580780029297, 7294.0815353393555, 40.05194091796875, 32.34809112548828]",0.5062931776046753,1
7172,230618_4-2-0.tif,"[4924.22802734375, 9545.654159545898, 35.8179931640625, 17.308319091796875]",0.5062560439109802,1
7173,230618_4-2-0.tif,"[9042.688598632812, 8880.484878540039, 47.59613037109375, 25.961090087890625]",0.5057029724121094,1
7174,230618_4-2-0.tif,"[1886.7372131347656, 9720.178405761719, 25.07904052734375, 32.63134765625]",0.5047142505645752,1
7175,230618_4-2-0.tif,"[4391.8829345703125, 6466.370666503906, 47.3828125, 32.49163818359375]",0.5046802759170532,1
7176,230618_4-2-0.tif,"[6771.858337402344, 5844.381912231445, 38.771636962890625, 29.365921020507812]",0.5038295984268188,1
7177,230618_4-2-0.tif,"[2846.7896423339844, 7615.6524658203125, 35.843017578125, 34.4949951171875]",0.5036234259605408,1
7178,230618_4-2-0.tif,"[5516.916076660156, 7470.876892089844, 22.20751953125, 27.1663818359375]",0.5032679438591003,1
7179,230618_4-2-0.tif,"[2686.3772583007812, 9987.014038085938, 19.360504150390625, 12.9859619140625]",0.5014762878417969,1
7180,230618_4-2-0.tif,"[5610.183532714844, 8322.082656860352, 28.97552490234375, 32.583953857421875]",0.5011470317840576,1
7181,230618_4-2-0.tif,"[3424.7091674804688, 8629.550659179688, 29.0443115234375, 36.8673095703125]",0.49970579147338867,1
7182,230618_4-2-0.tif,"[4206.360275268555, 9819.683532714844, 23.747634887695312, 38.8792724609375]",0.49815964698791504,1
7183,230618_4-2-0.tif,"[762.4836273193359, 8691.310119628906, 47.05543518066406, 30.22454071044922]",0.4979369342327118,1
7184,230618_4-2-0.tif,"[6442.819396972656, 4798.004425048828, 33.255615234375, 24.9912109375]",0.49774298071861267,1
7185,230618_4-2-0.tif,"[2736.1566162109375, 6412.005554199219, 36.8189697265625, 30.761962890625]",0.4974219799041748,1
7186,230618_4-2-0.tif,"[7131.855255126953, 5240.716194152832, 22.28955078125, 44.15142059326172]",0.4960712194442749,1
7187,230618_4-2-0.tif,"[5329.3966064453125, 3358.388702392578, 42.5828857421875, 32.00848388671875]",0.49583899974823,1
7188,230618_4-2-0.tif,"[6615.386291503906, 8990.86294555664, 39.86627197265625, 32.1446533203125]",0.4935711622238159,1
7189,230618_4-2-0.tif,"[2150.919387817383, 9954.185913085938, 24.176773071289062, 45.4442138671875]",0.49251899123191833,1
7190,230618_4-2-0.tif,"[3083.888095855713, 7192.657594680786, 21.575153350830078, 46.20934867858887]",0.49085742235183716,1
7191,230618_4-2-0.tif,"[1702.9435424804688, 9504.679443359375, 44.81280517578125, 26.4693603515625]",0.4884601831436157,1
7192,230618_4-2-0.tif,"[6018.850158691406, 8563.29736328125, 21.28857421875, 45.432373046875]",0.48840922117233276,1
7193,230618_4-2-0.tif,"[4824.119079589844, 7786.466720581055, 36.87933349609375, 43.9464111328125]",0.48701468110084534,1
7194,230618_4-2-0.tif,"[6206.0426025390625, 7815.187255859375, 24.705078125, 38.6134033203125]",0.48579680919647217,1
7195,230618_4-2-0.tif,"[4778.325012207031, 8684.386779785156, 46.74613952636719, 29.08612060546875]",0.48544421792030334,1
7196,230618_4-2-0.tif,"[3742.1140899658203, 8915.295135498047, 28.73687744140625, 37.18585205078125]",0.4843934178352356,1
7197,230618_4-2-0.tif,"[3014.2595825195312, 7367.298919677734, 32.78076171875, 27.539459228515625]",0.4820687174797058,1
7198,230618_4-2-0.tif,"[3105.048828125, 8524.262939453125, 21.3775634765625, 44.9586181640625]",0.48176026344299316,1
7199,230618_4-2-0.tif,"[2828.1787719726562, 9036.865234375, 30.79248046875, 35.47998046875]",0.48137012124061584,1
7200,230618_4-2-0.tif,"[5488.913269042969, 8159.224060058594, 25.7108154296875, 50.2216796875]",0.4811764657497406,1
7201,230618_4-2-0.tif,"[8935.111328125, 7073.211273193359, 38.56390380859375, 33.81048583984375]",0.48105552792549133,1
7202,230618_4-2-0.tif,"[7808.881927490234, 6424.131927490234, 33.74615478515625, 25.17926025390625]",0.48081955313682556,1
7203,230618_4-2-0.tif,"[8209.671752929688, 9582.690521240234, 29.8779296875, 40.7437744140625]",0.47940561175346375,1
7204,230618_4-2-0.tif,"[4463.174468994141, 8453.034423828125, 17.575439453125, 36.591064453125]",0.4764968454837799,1
7205,230618_4-2-0.tif,"[8450.331115722656, 7849.157028198242, 38.7359619140625, 35.74566650390625]",0.476299524307251,1
7206,230618_4-2-0.tif,"[7588.834167480469, 5562.007385253906, 23.8936767578125, 40.45654296875]",0.47536686062812805,1
7207,230618_4-2-0.tif,"[4901.221130371094, 8102.239440917969, 37.9052734375, 45.5960693359375]",0.4739266633987427,1
7208,230618_4-2-0.tif,"[4186.057754516602, 9365.42349243164, 34.13829040527344, 47.80870056152344]",0.47380632162094116,1
7209,230618_4-2-0.tif,"[3744.6421813964844, 7360.075973510742, 37.5047607421875, 27.578765869140625]",0.47166717052459717,1
7210,230618_4-2-0.tif,"[3063.5861206054688, 7004.0908203125, 46.84233474731445, 37.7940673828125]",0.47138330340385437,1
7211,230618_4-2-0.tif,"[2878.333740234375, 9911.909301757812, 31.8682861328125, 30.71435546875]",0.47119060158729553,1
7212,230618_4-2-0.tif,"[8712.629150390625, 6599.40771484375, 39.313232421875, 27.7554931640625]",0.4710443317890167,1
7213,230618_4-2-0.tif,"[3549.6500854492188, 9827.759765625, 28.0179443359375, 43.930206298828125]",0.4708404242992401,1
7214,230618_4-2-0.tif,"[3621.510986328125, 6597.380920410156, 38.14892578125, 42.44537353515625]",0.47062113881111145,1
7215,230618_4-2-0.tif,"[7003.343017578125, 9988.744689941406, 29.8731689453125, 11.2547607421875]",0.4699414074420929,1
7216,230618_4-2-0.tif,"[5506.0294189453125, 9570.391662597656, 27.09619140625, 47.647705078125]",0.46935755014419556,1
7217,230618_4-2-0.tif,"[7571.657196044922, 4968.999176025391, 32.42291259765625, 32.4527587890625]",0.46929043531417847,1
7218,230618_4-2-0.tif,"[4894.818420410156, 6815.307098388672, 26.6436767578125, 41.566802978515625]",0.46893754601478577,1
7219,230618_4-2-0.tif,"[7680.0, 8011.357177734375, 23.958730697631836, 21.1580810546875]",0.4682449400424957,1
7220,230618_4-2-0.tif,"[5553.7435302734375, 8262.521606445312, 35.63311767578125, 25.12652587890625]",0.46813899278640747,1
7221,230618_4-2-0.tif,"[4966.110778808594, 6893.6258544921875, 27.80572509765625, 32.739227294921875]",0.46640005707740784,1
7222,230618_4-2-0.tif,"[5220.194320678711, 8962.775634765625, 36.989501953125, 37.69085693359375]",0.46569857001304626,1
7223,230618_4-2-0.tif,"[5882.2470703125, 8975.077087402344, 38.65191650390625, 44.97222900390625]",0.4652935564517975,1
7224,230618_4-2-0.tif,"[6341.919235229492, 7878.813278198242, 30.11370849609375, 23.7451171875]",0.4652827978134155,1
7225,230618_4-2-0.tif,"[8374.764083862305, 7514.1275634765625, 40.798095703125, 32.636474609375]",0.4641607403755188,1
7226,230618_4-2-0.tif,"[2021.8782348632812, 8536.770416259766, 20.411376953125, 33.06329345703125]",0.4632764458656311,1
7227,230618_4-2-0.tif,"[7286.100448608398, 6737.386138916016, 34.376007080078125, 40.397674560546875]",0.4631817042827606,1
7228,230618_4-2-0.tif,"[3633.197509765625, 5622.8134765625, 24.71337890625, 46.914794921875]",0.46211719512939453,1
7229,230618_4-2-0.tif,"[2182.792449951172, 8685.808044433594, 32.36749267578125, 26.50341796875]",0.4616207778453827,1
7230,230618_4-2-0.tif,"[3289.786651611328, 6203.273139953613, 23.85693359375, 28.28630828857422]",0.4611903429031372,1
7231,230618_4-2-0.tif,"[3894.9982299804688, 7119.669128417969, 43.18267822265625, 31.134765625]",0.46068885922431946,1
7232,230618_4-2-0.tif,"[6818.771682739258, 8128.343475341797, 51.9796142578125, 23.6678466796875]",0.4606785476207733,1
7233,230618_4-2-0.tif,"[6686.5867919921875, 8423.633117675781, 43.20166015625, 40.80401611328125]",0.45995035767555237,1
7234,230618_4-2-0.tif,"[7077.109466552734, 4347.107986450195, 20.20367431640625, 38.57615661621094]",0.4589422941207886,1
7235,230618_4-2-0.tif,"[7119.5135498046875, 5128.412986755371, 28.408203125, 55.671775817871094]",0.45823362469673157,1
7236,230618_4-2-0.tif,"[2908.704833984375, 7334.674987792969, 27.286376953125, 35.2249755859375]",0.4579613506793976,1
7237,230618_4-2-0.tif,"[3849.53515625, 6726.418151855469, 37.12158203125, 46.50628662109375]",0.45719578862190247,1
7238,230618_4-2-0.tif,"[5573.283264160156, 6678.920356750488, 24.33453369140625, 42.474098205566406]",0.4562079608440399,1
7239,230618_4-2-0.tif,"[4935.4212646484375, 4465.6962890625, 34.94964599609375, 34.3504638671875]",0.4553588628768921,1
7240,230618_4-2-0.tif,"[2540.9285278320312, 8430.948837280273, 28.259033203125, 37.82704162597656]",0.4552881121635437,1
7241,230618_4-2-0.tif,"[4274.065979003906, 6567.126403808594, 31.29290771484375, 32.377685546875]",0.4550136625766754,1
7242,230618_4-2-0.tif,"[3454.416015625, 6542.0897216796875, 32.09320068359375, 39.8668212890625]",0.4548603892326355,1
7243,230618_4-2-0.tif,"[8642.716552734375, 9153.813110351562, 35.3568115234375, 42.763671875]",0.45485347509384155,1
7244,230618_4-2-0.tif,"[3634.5020141601562, 6796.893646240234, 41.3197021484375, 41.48919677734375]",0.4537889361381531,1
7245,230618_4-2-0.tif,"[2808.5381622314453, 6325.788818359375, 31.775741577148438, 30.3831787109375]",0.4528904855251312,1
7246,230618_4-2-0.tif,"[5667.70166015625, 7665.449035644531, 27.6943359375, 31.42578125]",0.45263102650642395,1
7247,230618_4-2-0.tif,"[4234.388702392578, 7572.978729248047, 38.473541259765625, 29.5274658203125]",0.4509626030921936,1
7248,230618_4-2-0.tif,"[6102.237274169922, 7470.100158691406, 36.39093017578125, 23.2288818359375]",0.4505404531955719,1
7249,230618_4-2-0.tif,"[9724.088256835938, 7437.234039306641, 26.9974365234375, 37.210235595703125]",0.4482649564743042,1
7250,230618_4-2-0.tif,"[1285.7557373046875, 9638.337768554688, 37.28155517578125, 40.6759033203125]",0.44719159603118896,1
7251,230618_4-2-0.tif,"[4515.7344970703125, 8039.82177734375, 28.19921875, 47.48291015625]",0.44643744826316833,1
7252,230618_4-2-0.tif,"[9177.061096191406, 5282.978942871094, 40.390869140625, 37.00518798828125]",0.44603410363197327,1
7253,230618_4-2-0.tif,"[3551.6871948242188, 6445.983551025391, 34.5233154296875, 37.2550048828125]",0.442413330078125,1
7254,230618_4-2-0.tif,"[9734.8681640625, 7479.093505859375, 36.19970703125, 23.6513671875]",0.4423113465309143,1
7255,230618_4-2-0.tif,"[2054.3114013671875, 9886.115356445312, 34.91938018798828, 30.7333984375]",0.4393160343170166,1
7256,230618_4-2-0.tif,"[7279.344497680664, 7153.831298828125, 32.036285400390625, 46.402587890625]",0.4385876953601837,1
7257,230618_4-2-0.tif,"[6480.727264404297, 6843.560028076172, 41.51287841796875, 33.404022216796875]",0.43851345777511597,1
7258,230618_4-2-0.tif,"[5991.709686279297, 9072.463928222656, 26.2479248046875, 39.69024658203125]",0.438036173582077,1
7259,230618_4-2-0.tif,"[3584.5235595703125, 7155.859954833984, 32.79975891113281, 44.33233642578125]",0.43792247772216797,1
7260,230618_4-2-0.tif,"[3964.7628173828125, 6696.1632080078125, 27.2144775390625, 57.852783203125]",0.436634361743927,1
7261,230618_4-2-0.tif,"[2522.5640258789062, 8671.13818359375, 25.378662109375, 38.6435546875]",0.43590739369392395,1
7262,230618_4-2-0.tif,"[5409.0435791015625, 2899.6612243652344, 25.57086181640625, 45.6015625]",0.43578052520751953,1
7263,230618_4-2-0.tif,"[6544.624237060547, 8941.347442626953, 39.48614501953125, 37.2908935546875]",0.43514564633369446,1
7264,230618_4-2-0.tif,"[5183.922103881836, 2688.8519592285156, 71.3594970703125, 51.319427490234375]",0.434540718793869,1
7265,230618_4-2-0.tif,"[5717.096588134766, 7688.9739990234375, 27.357940673828125, 33.1884765625]",0.4343010485172272,1
7266,230618_4-2-0.tif,"[8830.294235229492, 8812.000579833984, 33.40760803222656, 27.026519775390625]",0.43317273259162903,1
7267,230618_4-2-0.tif,"[8815.899826049805, 9248.224899291992, 27.65972900390625, 42.40339660644531]",0.43271535634994507,1
7268,230618_4-2-0.tif,"[6802.717010498047, 5519.3436279296875, 27.93121337890625, 50.22686767578125]",0.43259936571121216,1
7269,230618_4-2-0.tif,"[7153.966979980469, 6837.782562255859, 32.19094276428223, 53.697174072265625]",0.4324033260345459,1
7270,230618_4-2-0.tif,"[5611.180603027344, 9263.911254882812, 23.55810546875, 31.38776397705078]",0.43232235312461853,1
7271,230618_4-2-0.tif,"[1947.0317077636719, 9919.054992675781, 26.44549560546875, 36.7513427734375]",0.43163004517555237,1
7272,230618_4-2-0.tif,"[2048.286852836609, 9987.741943359375, 14.56330394744873, 12.258056640625]",0.4270784258842468,1
7273,230618_4-2-0.tif,"[3488.5687561035156, 8094.95947265625, 24.42041015625, 45.03521728515625]",0.42699721455574036,1
7274,230618_4-2-0.tif,"[6173.288269042969, 5850.083801269531, 23.14697265625, 43.11151123046875]",0.4268261790275574,1
7275,230618_4-2-0.tif,"[3011.0399780273438, 5526.977844238281, 33.8743896484375, 35.41668701171875]",0.4252750277519226,1
7276,230618_4-2-0.tif,"[4137.129447937012, 8108.836669921875, 45.465370178222656, 38.51214599609375]",0.4249725937843323,1
7277,230618_4-2-0.tif,"[4937.652374267578, 8720.267858505249, 47.78387451171875, 34.76529121398926]",0.424506813287735,1
7278,230618_4-2-0.tif,"[3280.0939331054688, 7547.140716552734, 40.08880615234375, 32.32806396484375]",0.4235555827617645,1
7279,230618_4-2-0.tif,"[5173.417053222656, 4814.089111328125, 52.18922424316406, 23.68206787109375]",0.423068106174469,1
7280,230618_4-2-0.tif,"[4063.7154541015625, 6751.713760375977, 42.2623291015625, 49.4290771484375]",0.42198628187179565,1
7281,230618_4-2-0.tif,"[3306.6890869140625, 9656.762023925781, 24.57269287109375, 45.46630859375]",0.4216807782649994,1
7282,230618_4-2-0.tif,"[2005.3023071289062, 9226.42919921875, 29.428466796875, 36.62255859375]",0.4216155409812927,1
7283,230618_4-2-0.tif,"[2579.318748474121, 6098.976409912109, 38.52519989013672, 30.9615478515625]",0.4209003448486328,1
7284,230618_4-2-0.tif,"[5336.186553955078, 9116.045349121094, 30.1978759765625, 39.97393798828125]",0.4187660813331604,1
7285,230618_4-2-0.tif,"[2775.4657592773438, 6626.750244140625, 46.35443115234375, 25.68341064453125]",0.4184112250804901,1
7286,230618_4-2-0.tif,"[1876.5787353515625, 9624.608581542969, 40.37396240234375, 23.20648193359375]",0.4181819558143616,1
7287,230618_4-2-0.tif,"[6898.778045654297, 5946.186248779297, 30.11614990234375, 40.44036865234375]",0.4181049168109894,1
7288,230618_4-2-0.tif,"[7089.410217285156, 8645.735290527344, 29.7757568359375, 46.1142578125]",0.4147012233734131,1
7289,230618_4-2-0.tif,"[7930.135437011719, 5425.325927734375, 31.05828857421875, 36.35614013671875]",0.41458818316459656,1
7290,230618_4-2-0.tif,"[2495.681671142578, 7791.343894958496, 51.03924560546875, 34.19739532470703]",0.4101985991001129,1
7291,230618_4-2-0.tif,"[5356.350250244141, 9331.9263381958, 23.331298828125, 36.66039276123047]",0.40992921590805054,1
7292,230618_4-2-0.tif,"[4111.6578369140625, 9915.77392578125, 21.34521484375, 43.0809326171875]",0.4092044234275818,1
7293,230618_4-2-0.tif,"[891.8962707519531, 9571.560119628906, 24.30670166015625, 32.056304931640625]",0.4083527624607086,1
7294,230618_4-2-0.tif,"[5902.3795166015625, 8826.8564453125, 42.3594970703125, 31.122161865234375]",0.4070088267326355,1
7295,230618_4-2-0.tif,"[3288.738739013672, 9187.026916503906, 25.85711669921875, 38.75347900390625]",0.4064684808254242,1
7296,230618_4-2-0.tif,"[7942.937255859375, 9515.372619628906, 23.53204345703125, 53.0294189453125]",0.40383854508399963,1
7297,230618_4-2-0.tif,"[6020.820526123047, 7332.719497680664, 26.36456298828125, 42.2047119140625]",0.4032895863056183,1
7298,230618_4-2-0.tif,"[8704.070024490356, 6819.395645141602, 29.10208511352539, 20.304443359375]",0.40102487802505493,1
7299,230618_4-2-0.tif,"[8024.304931640625, 8143.858093261719, 27.8699951171875, 43.55615234375]",0.39963728189468384,1
7300,230618_4-2-0.tif,"[1843.3928833007812, 9253.705360412598, 27.000335693359375, 53.63163757324219]",0.3994981646537781,1
7301,230618_4-2-0.tif,"[6921.084899902344, 9613.668029785156, 20.48663330078125, 47.24560546875]",0.3986004889011383,1
7302,230618_4-2-0.tif,"[8128.153656005859, 7530.872589111328, 29.27313232421875, 22.5787353515625]",0.39773234724998474,1
7303,230618_4-2-0.tif,"[7385.572540283203, 7000.008392333984, 39.6497802734375, 41.49169921875]",0.39711448550224304,1
7304,230618_4-2-0.tif,"[5567.281677246094, 6956.617736816406, 24.1151123046875, 42.784912109375]",0.39657580852508545,1
7305,230618_4-2-0.tif,"[9189.346618652344, 8467.23095703125, 43.4666748046875, 34.40997314453125]",0.3963893949985504,1
7306,230618_4-2-0.tif,"[9501.132385253906, 7152.146911621094, 28.73114013671875, 37.9342041015625]",0.3956405222415924,1
7307,230618_4-2-0.tif,"[7018.2603759765625, 8606.641418457031, 32.22174072265625, 41.64874267578125]",0.3943777084350586,1
7308,230618_4-2-0.tif,"[4123.388671875, 6043.5721435546875, 19.274688720703125, 39.4892578125]",0.39405158162117004,1
7309,230618_4-2-0.tif,"[7743.7427978515625, 5239.841743469238, 33.288429260253906, 46.136802673339844]",0.3932805359363556,1
7310,230618_4-2-0.tif,"[3151.6583251953125, 7881.662933349609, 33.25282287597656, 37.172332763671875]",0.39201128482818604,1
7311,230618_4-2-0.tif,"[8114.4586181640625, 6991.45849609375, 36.213623046875, 36.5849609375]",0.39130234718322754,1
7312,230618_4-2-0.tif,"[7119.286651611328, 7249.092529296875, 37.06573486328125, 19.878662109375]",0.3864057660102844,1
7313,230618_4-2-0.tif,"[7022.3367919921875, 4071.9051513671875, 35.201171875, 39.49163818359375]",0.38535231351852417,1
7314,230618_4-2-0.tif,"[5983.991027832031, 5830.612243652344, 28.49578857421875, 37.05755615234375]",0.38409996032714844,1
7315,230618_4-2-0.tif,"[1037.697998046875, 9244.768157958984, 34.0067138671875, 50.6690673828125]",0.38358232378959656,1
7316,230618_4-2-0.tif,"[4790.016036987305, 7836.906219482422, 38.099395751953125, 32.038787841796875]",0.3823643922805786,1
7317,230618_4-2-0.tif,"[6440.6959228515625, 4295.4696044921875, 25.638427734375, 40.7503662109375]",0.377835214138031,1
7318,230618_4-2-0.tif,"[8406.797607421875, 8237.025444030762, 40.196929931640625, 23.858047485351562]",0.375849187374115,1
7319,230618_4-2-0.tif,"[4958.487640380859, 4215.156494140625, 50.69036865234375, 8.52587890625]",0.37469369173049927,1
7320,230618_4-2-0.tif,"[3814.7489624023438, 9259.992725372314, 24.738433837890625, 45.753047943115234]",0.374602347612381,1
7321,230618_4-2-0.tif,"[4698.209579467773, 4096.0, 24.6781005859375, 31.783864974975586]",0.37398821115493774,1
7322,230618_4-2-0.tif,"[512.4696617126465, 8352.388916015625, 29.64495086669922, 42.15740966796875]",0.37124934792518616,1
7323,230618_4-2-0.tif,"[5041.957580566406, 8828.142524719238, 28.5654296875, 16.66875457763672]",0.37083616852760315,1
7324,230618_4-2-0.tif,"[5877.852478027344, 9902.372009277344, 35.79669189453125, 37.1593017578125]",0.36519256234169006,1
7325,230618_4-2-0.tif,"[2218.3995056152344, 8603.95004272461, 35.764190673828125, 36.25732421875]",0.3644643723964691,1
7326,230618_4-2-0.tif,"[3670.135482788086, 8553.01644897461, 16.453628540039062, 37.6729736328125]",0.3624306619167328,1
7327,230618_4-2-0.tif,"[7810.364974975586, 8095.6444091796875, 29.3526611328125, 19.409423828125]",0.35532933473587036,1
7328,230618_4-2-0.tif,"[6530.503448486328, 8240.537109375, 24.27947998046875, 44.87841796875]",0.35322272777557373,1
7329,230618_4-2-0.tif,"[2473.0145263671875, 6035.787292480469, 28.2574462890625, 38.374755859375]",0.352901428937912,1
7330,230618_4-2-0.tif,"[5042.209289550781, 9158.914916992188, 37.951416015625, 30.314208984375]",0.3512425124645233,1
7331,230618_4-2-0.tif,"[6144.270998001099, 8778.199584960938, 12.647012710571289, 16.3804931640625]",0.351055771112442,1
7332,230618_4-2-0.tif,"[4226.994812011719, 7785.577041625977, 33.385040283203125, 39.249908447265625]",0.3494589924812317,1
7333,230618_4-2-0.tif,"[7042.595031738281, 8979.39453125, 31.1163330078125, 38.2860107421875]",0.3494325578212738,1
7334,230618_4-2-0.tif,"[8936.811828613281, 7311.638397216797, 29.863616943359375, 32.89569091796875]",0.3475715219974518,1
7335,230618_4-2-0.tif,"[3391.7095947265625, 5746.348052978516, 16.53955078125, 34.707366943359375]",0.34711983799934387,1
7336,230618_4-2-0.tif,"[5948.784606933594, 9552.116577148438, 17.28118896484375, 15.26910400390625]",0.34582963585853577,1
7337,230618_4-2-0.tif,"[6772.8643798828125, 9265.569942474365, 40.2315673828125, 35.440921783447266]",0.341630756855011,1
7338,230618_4-2-0.tif,"[5764.403533935547, 9850.034790039062, 25.48516845703125, 5.9150390625]",0.3413650393486023,1
7339,230618_4-2-0.tif,"[7678.6005859375, 7075.010894775391, 42.6326904296875, 35.2841796875]",0.3411526083946228,1
7340,230618_4-2-0.tif,"[4187.941253662109, 6131.729675292969, 26.367279052734375, 44.2725830078125]",0.34017282724380493,1
7341,230618_4-2-0.tif,"[1824.6113891601562, 9982.637329101562, 21.4564208984375, 17.328857421875]",0.33977586030960083,1
7342,230618_4-2-0.tif,"[3393.9296875, 9898.55517578125, 11.5025634765625, 29.3809814453125]",0.3393421173095703,1
7343,230618_4-2-0.tif,"[4657.661094665527, 9953.246032714844, 33.3331298828125, 36.046875]",0.337211012840271,1
7344,230618_4-2-0.tif,"[3387.2590942382812, 6816.810699462891, 47.2257080078125, 45.71388244628906]",0.3368234932422638,1
7345,230618_4-2-0.tif,"[4643.7679443359375, 3074.250394821167, 43.84217834472656, 20.069095611572266]",0.33678463101387024,1
7346,230618_4-2-0.tif,"[2238.26611328125, 5774.1697998046875, 16.11480712890625, 32.1607666015625]",0.33552026748657227,1
7347,230618_4-2-0.tif,"[6705.684326171875, 8770.36946105957, 45.36181640625, 26.64300537109375]",0.3283284604549408,1
7348,230618_4-2-0.tif,"[2809.513427734375, 7699.878608703613, 35.31170654296875, 24.02019500732422]",0.3242970407009125,1
7349,230618_4-2-0.tif,"[5301.565338134766, 1289.3328552246094, 43.52386474609375, 47.24163818359375]",0.3212769627571106,1
7350,230618_4-2-0.tif,"[9788.932220458984, 8267.060180664062, 25.23101806640625, 49.648468017578125]",0.3182995021343231,1
7351,230618_4-2-0.tif,"[2889.5491333007812, 8107.204772949219, 24.677978515625, 52.7613525390625]",0.3153059184551239,1
7352,230618_4-2-0.tif,"[7439.737731933594, 7068.67236328125, 33.685302734375, 18.68048095703125]",0.3148922324180603,1
7353,230618_4-2-0.tif,"[4267.689910888672, 7680.0, 18.59161376953125, 29.86539649963379]",0.3129688799381256,1
7354,230618_4-2-0.tif,"[4797.835418701172, 9008.603332519531, 14.048004150390625, 29.662353515625]",0.31248095631599426,1
7355,230618_4-2-0.tif,"[8861.821807861328, 6814.8717041015625, 32.82501220703125, 38.81341552734375]",0.3091620206832886,1
7356,230618_4-2-0.tif,"[7365.766357421875, 4956.273864746094, 46.95953369140625, 44.3544921875]",0.3089779019355774,1
7357,230618_4-2-0.tif,"[3584.0, 8040.777526855469, 16.0224609375, 26.227294921875]",0.30869513750076294,1
7358,230618_4-2-0.tif,"[6848.7757568359375, 5377.86279296875, 20.732757568359375, 43.0445556640625]",0.30670467019081116,1
7359,230618_4-2-0.tif,"[5884.6708984375, 793.59033203125, 40.43963623046875, 52.7230224609375]",0.3062094748020172,1
7360,230618_4-2-0.tif,"[3995.1151123046875, 8040.098693847656, 37.425537109375, 49.4652099609375]",0.3058707118034363,1
7361,230618_4-2-0.tif,"[4498.970153808594, 7119.0809326171875, 22.0330810546875, 25.7607421875]",0.305595725774765,1
7362,230618_4-2-0.tif,"[5270.990478515625, 7842.476959228516, 25.06103515625, 24.182647705078125]",0.3055586814880371,1
7363,230618_4-2-0.tif,"[4773.185333251953, 7516.0482177734375, 43.54559326171875, 19.220458984375]",0.3054790794849396,1
7364,230618_4-2-0.tif,"[6351.975891113281, 6710.9661865234375, 28.987884521484375, 28.64697265625]",0.30130380392074585,1
7365,230618_4-2-0.tif,"[8657.527893066406, 7296.897674560547, 39.9189453125, 34.7960205078125]",0.30086544156074524,1
7366,230618_4-2-0.tif,"[2489.48876953125, 9166.912536621094, 36.9576416015625, 30.3712158203125]",0.2994350790977478,1
7367,230618_4-2-0.tif,"[2163.553466796875, 8471.603332519531, 12.3609619140625, 29.2547607421875]",0.29576972126960754,1
7368,230618_4-2-0.tif,"[7303.9007568359375, 7799.708381652832, 23.920379638671875, 40.43254852294922]",0.2953263521194458,1
7369,230618_4-2-0.tif,"[8452.932373046875, 7568.439361572266, 37.239013671875, 28.89056396484375]",0.2929610013961792,1
7370,230618_4-2-0.tif,"[5566.968414306641, 9838.654418945312, 16.67803955078125, 16.0391845703125]",0.2899024486541748,1
7371,230618_4-2-0.tif,"[3536.5668334960938, 6236.181701660156, 38.7271728515625, 27.377197265625]",0.2866658866405487,1
7372,230618_4-2-0.tif,"[5632.228223800659, 6866.919281005859, 16.48656463623047, 20.6929931640625]",0.28311797976493835,1
7373,230618_4-2-0.tif,"[2656.0836181640625, 7857.45751953125, 31.9163818359375, 18.167755126953125]",0.279051274061203,1
7374,230618_4-2-0.tif,"[6367.880126953125, 105.47184753417969, 53.5712890625, 44.49403381347656]",0.27498719096183777,1
7375,230618_4-2-0.tif,"[7981.656311035156, 6579.370208740234, 18.3594970703125, 47.53436279296875]",0.2725852429866791,1
7376,230618_4-2-0.tif,"[512.2701053619385, 1989.6192626953125, 10.037710189819336, 36.675048828125]",0.2711646258831024,1
7377,230618_4-2-0.tif,"[8418.138092041016, 9965.333923339844, 21.6864013671875, 34.5294189453125]",0.270816445350647,1
7378,230618_4-2-0.tif,"[5927.521697998047, 7038.924560546875, 32.550537109375, 18.85565185546875]",0.2681698799133301,1
7379,230618_4-2-0.tif,"[3933.83935546875, 8309.231201171875, 23.6563720703125, 10.768798828125]",0.2550963759422302,1
7380,230618_4-1-3.tif,"[7838.778228759766, 1752.5599670410156, 70.45806884765625, 62.56866455078125]",0.7468470335006714,0
7381,230618_4-1-3.tif,"[4627.78515625, 67.31640625, 66.92724609375, 80.65180969238281]",0.7426586747169495,0
7382,230618_4-1-3.tif,"[3820.8587646484375, 926.2672119140625, 57.2371826171875, 78.8721923828125]",0.7397642135620117,0
7383,230618_4-1-3.tif,"[3964.1511840820312, 4106.0308837890625, 89.6898193359375, 50.686180114746094]",0.7298291921615601,0
7384,230618_4-1-3.tif,"[7930.31428527832, 968.9666748046875, 84.36119079589844, 67.4139404296875]",0.7167586088180542,0
7385,230618_4-1-3.tif,"[4348.384246826172, 5307.038970947266, 48.39105224609375, 79.92877197265625]",0.7161831259727478,0
7386,230618_4-1-3.tif,"[1205.4507446289062, 1395.6714477539062, 54.46588134765625, 65.556884765625]",0.7050076127052307,0
7387,230618_4-1-3.tif,"[1439.3081665039062, 141.00741577148438, 81.7894287109375, 57.1883544921875]",0.7020173668861389,0
7388,230618_4-1-3.tif,"[1625.6798782348633, 4541.2374267578125, 92.28874969482422, 58.503662109375]",0.6950308680534363,0
7389,230618_4-1-3.tif,"[5729.9217529296875, 1308.0359802246094, 65.40530395507812, 90.44244384765625]",0.6890351176261902,0
7390,230618_4-1-3.tif,"[9626.044128417969, 3941.0225219726562, 101.0709228515625, 47.8072509765625]",0.6827396154403687,0
7391,230618_4-1-3.tif,"[7585.359375, 307.0805969238281, 87.8157958984375, 91.52435302734375]",0.6672958135604858,0
7392,230618_4-1-3.tif,"[7975.507080078125, 9034.179748535156, 83.1934814453125, 74.72998046875]",0.6640067100524902,0
7393,230618_4-1-3.tif,"[7794.302093505859, 964.3668823242188, 56.696319580078125, 45.64453125]",0.6626045107841492,0
7394,230618_4-1-3.tif,"[6747.771484375, 750.8490600585938, 65.79412841796875, 56.57476806640625]",0.6525142192840576,0
7395,230618_4-1-3.tif,"[1380.8566589355469, 116.47073364257812, 69.119384765625, 45.885833740234375]",0.6424276232719421,0
7396,230618_4-1-3.tif,"[400.62274169921875, 1314.1508178710938, 52.1917724609375, 106.2652587890625]",0.6401373147964478,0
7397,230618_4-1-3.tif,"[1324.5968627929688, 84.28123474121094, 61.7362060546875, 53.46966552734375]",0.6368405818939209,0
7398,230618_4-1-3.tif,"[8864.411071777344, 4764.633392333984, 109.82244873046875, 58.85357666015625]",0.6355087757110596,0
7399,230618_4-1-3.tif,"[7311.956481933594, 516.3140869140625, 107.4180908203125, 56.83984375]",0.5863678455352783,0
7400,230618_4-1-3.tif,"[6261.800910949707, 3355.1754150390625, 115.29228973388672, 50.51580810546875]",0.579996645450592,0
7401,230618_4-1-3.tif,"[6577.548889160156, 791.563232421875, 52.6326904296875, 70.876220703125]",0.5527993440628052,0
7402,230618_4-1-3.tif,"[8070.606384277344, 2073.3204193115234, 74.4158935546875, 49.958656311035156]",0.5504667162895203,0
7403,230618_4-1-3.tif,"[5858.007278442383, 4890.3258056640625, 73.63597106933594, 59.7264404296875]",0.5124192833900452,0
7404,230618_4-1-3.tif,"[3818.5717163085938, 6725.9312744140625, 109.51971435546875, 58.0687255859375]",0.4572342038154602,0
7405,230618_4-1-3.tif,"[3930.239959716797, 6693.408092498779, 100.32199096679688, 122.83185195922852]",0.43164491653442383,0
7406,230618_4-1-3.tif,"[8095.279968261719, 2142.7615509033203, 48.15814208984375, 62.604827880859375]",0.4116511344909668,0
7407,230618_4-1-3.tif,"[9726.827331542969, 540.8583984375, 63.82965087890625, 50.573486328125]",0.3983246088027954,0
7408,230618_4-1-3.tif,"[4096.432754516602, 6868.808502197266, 63.605628967285156, 125.1873779296875]",0.36678430438041687,0
7409,230618_4-1-3.tif,"[1489.4786376953125, 5500.9219970703125, 40.4833984375, 52.987548828125]",0.27168455719947815,0
7410,230618_4-1-3.tif,"[5783.050872802734, 382.8529357910156, 55.75628662109375, 53.09722900390625]",0.26842084527015686,0
7411,230618_4-1-3.tif,"[8214.747924804688, 2282.507308959961, 45.271240234375, 75.94056701660156]",0.2669091820716858,0
7412,230618_4-1-3.tif,"[9115.904418945312, 1615.2726440429688, 31.783203125, 26.049346923828125]",0.85625159740448,1
7413,230618_4-1-3.tif,"[6172.659233093262, 2126.9561767578125, 35.06282043457031, 23.22265625]",0.8527725338935852,1
7414,230618_4-1-3.tif,"[6686.313255310059, 4782.275329589844, 32.144859313964844, 25.64825439453125]",0.8505121469497681,1
7415,230618_4-1-3.tif,"[5223.881591796875, 1434.3823852539062, 30.888076782226562, 27.6141357421875]",0.8443288207054138,1
7416,230618_4-1-3.tif,"[6388.533264160156, 5085.441955566406, 31.8880615234375, 26.8570556640625]",0.8425893187522888,1
7417,230618_4-1-3.tif,"[5477.569152832031, 343.8536376953125, 32.021728515625, 20.6082763671875]",0.8412641882896423,1
7418,230618_4-1-3.tif,"[4446.118469238281, 515.73828125, 28.5289306640625, 30.259868621826172]",0.8406214118003845,1
7419,230618_4-1-3.tif,"[5076.8499755859375, 1131.96630859375, 31.1929931640625, 20.810546875]",0.8404645919799805,1
7420,230618_4-1-3.tif,"[9715.068298339844, 487.11663818359375, 29.74896240234375, 31.11204719543457]",0.8381723165512085,1
7421,230618_4-1-3.tif,"[9777.13232421875, 1164.279800415039, 26.720947265625, 25.59027099609375]",0.8381666541099548,1
7422,230618_4-1-3.tif,"[8781.657104492188, 1195.143783569336, 25.9364013671875, 26.462417602539062]",0.8364653587341309,1
7423,230618_4-1-3.tif,"[6703.9865646362305, 4458.43310546875, 29.076522827148438, 30.5936279296875]",0.8352658152580261,1
7424,230618_4-1-3.tif,"[5494.235107421875, 1528.9681091308594, 32.896728515625, 26.855709075927734]",0.8346273899078369,1
7425,230618_4-1-3.tif,"[6656.546936035156, 989.8411254882812, 26.241666793823242, 29.33123779296875]",0.8344790935516357,1
7426,230618_4-1-3.tif,"[6251.993766784668, 2172.7857360839844, 19.959304809570312, 28.662445068359375]",0.833271861076355,1
7427,230618_4-1-3.tif,"[4294.276519775391, 866.7003784179688, 28.00872802734375, 30.4466552734375]",0.8326866030693054,1
7428,230618_4-1-3.tif,"[6893.539459228516, 676.6884155273438, 29.13897705078125, 25.417205810546875]",0.8324008584022522,1
7429,230618_4-1-3.tif,"[1125.5298309326172, 1645.3134765625, 21.6187744140625, 35.25471496582031]",0.8323811888694763,1
7430,230618_4-1-3.tif,"[4265.737213134766, 1569.9354248046875, 22.84161376953125, 33.5096435546875]",0.8314313888549805,1
7431,230618_4-1-3.tif,"[7160.996276855469, 2707.2179260253906, 31.9200439453125, 22.749176025390625]",0.8312212228775024,1
7432,230618_4-1-3.tif,"[4001.5995483398438, 863.64697265625, 32.0966796875, 27.20855712890625]",0.8308226466178894,1
7433,230618_4-1-3.tif,"[9626.916442871094, 1861.5614013671875, 24.4696044921875, 31.210113525390625]",0.8303073048591614,1
7434,230618_4-1-3.tif,"[6700.2117919921875, 4685.908172607422, 18.623870849609375, 44.275360107421875]",0.8290472030639648,1
7435,230618_4-1-3.tif,"[1850.7316284179688, 6713.659423828125, 33.4967041015625, 26.720458984375]",0.8287363052368164,1
7436,230618_4-1-3.tif,"[3841.1848754882812, 65.63128662109375, 24.2540283203125, 31.781570434570312]",0.8286153674125671,1
7437,230618_4-1-3.tif,"[5866.002258300781, 2046.7406921386719, 33.992950439453125, 24.315404891967773]",0.8272836208343506,1
7438,230618_4-1-3.tif,"[5210.6995849609375, 143.4423370361328, 42.4969482421875, 22.24664306640625]",0.827202320098877,1
7439,230618_4-1-3.tif,"[8684.963562011719, 2147.529541015625, 33.539955139160156, 28.904953002929688]",0.8269514441490173,1
7440,230618_4-1-3.tif,"[7117.685638427734, 1273.9125366210938, 24.18939208984375, 30.0711669921875]",0.8269460797309875,1
7441,230618_4-1-3.tif,"[4543.499084472656, 1208.935302734375, 36.4517822265625, 19.07861328125]",0.8266893029212952,1
7442,230618_4-1-3.tif,"[6689.809814453125, 3938.9574584960938, 35.640625, 28.97528076171875]",0.8264922499656677,1
7443,230618_4-1-3.tif,"[5283.18798828125, 1792.3594360351562, 16.78302001953125, 40.1116943359375]",0.8261643648147583,1
7444,230618_4-1-3.tif,"[6856.874816894531, 2535.5721435546875, 33.99224853515625, 20.4620361328125]",0.8261381983757019,1
7445,230618_4-1-3.tif,"[8811.682434082031, 2176.1539611816406, 38.383941650390625, 18.18695068359375]",0.8260648846626282,1
7446,230618_4-1-3.tif,"[9456.064361572266, 2527.2472229003906, 23.48907470703125, 29.5625]",0.8260424137115479,1
7447,230618_4-1-3.tif,"[7029.460998535156, 1193.40380859375, 33.621337890625, 21.906005859375]",0.8260248899459839,1
7448,230618_4-1-3.tif,"[5982.709686279297, 2048.2135009765625, 36.97991943359375, 19.175443649291992]",0.8254526257514954,1
7449,230618_4-1-3.tif,"[4790.288238525391, 923.6675415039062, 36.50958251953125, 16.4444580078125]",0.8252769708633423,1
7450,230618_4-1-3.tif,"[9313.711654663086, 309.20111083984375, 27.982559204101562, 31.3365478515625]",0.8250749707221985,1
7451,230618_4-1-3.tif,"[6607.257843017578, 66.35302734375, 23.56201171875, 35.14811706542969]",0.8248184323310852,1
7452,230618_4-1-3.tif,"[2841.0532836914062, 2646.070068359375, 32.63348388671875, 21.258331298828125]",0.8248163461685181,1
7453,230618_4-1-3.tif,"[9296.203147888184, 1866.7071228027344, 25.024879455566406, 34.66424560546875]",0.8247932195663452,1
7454,230618_4-1-3.tif,"[8819.471435546875, 2460.28857421875, 29.356063842773438, 31.10186767578125]",0.8244566917419434,1
7455,230618_4-1-3.tif,"[7793.993469238281, 532.3194046020508, 31.1595458984375, 24.69207000732422]",0.8241560459136963,1
7456,230618_4-1-3.tif,"[6181.550354003906, 1637.6099548339844, 22.31536865234375, 31.010910034179688]",0.8241341710090637,1
7457,230618_4-1-3.tif,"[4985.359954833984, 575.1318016052246, 22.0748291015625, 32.325748443603516]",0.824030876159668,1
7458,230618_4-1-3.tif,"[6899.100036621094, 3383.891143798828, 41.87969970703125, 19.171875]",0.8238047957420349,1
7459,230618_4-1-3.tif,"[4973.918762207031, 248.39730834960938, 36.85833740234375, 20.68414306640625]",0.8235619068145752,1
7460,230618_4-1-3.tif,"[2514.4922485351562, 382.4497985839844, 30.88287353515625, 33.6353759765625]",0.8233004808425903,1
7461,230618_4-1-3.tif,"[5061.109069824219, 149.1237030029297, 29.902099609375, 24.276824951171875]",0.8231526017189026,1
7462,230618_4-1-3.tif,"[5641.179931640625, 171.73297119140625, 33.305908203125, 21.69464111328125]",0.8230667114257812,1
7463,230618_4-1-3.tif,"[5399.917907714844, 970.8859252929688, 36.74072265625, 17.7147216796875]",0.8228389620780945,1
7464,230618_4-1-3.tif,"[5894.9849853515625, 1597.2962646484375, 29.54449462890625, 29.914794921875]",0.8225861191749573,1
7465,230618_4-1-3.tif,"[8664.225982666016, 2556.3350830078125, 33.460113525390625, 34.08819770812988]",0.8225442171096802,1
7466,230618_4-1-3.tif,"[5555.280914306641, 1688.8997192382812, 17.456298828125, 34.8482666015625]",0.8224215507507324,1
7467,230618_4-1-3.tif,"[7830.024444580078, 2225.941177368164, 28.42578125, 25.83160400390625]",0.8215829133987427,1
7468,230618_4-1-3.tif,"[4131.30908203125, 3905.2871704101562, 22.0831298828125, 36.45703125]",0.8209773898124695,1
7469,230618_4-1-3.tif,"[6239.493553161621, 1835.0728149414062, 31.371437072753906, 24.9544677734375]",0.8209748864173889,1
7470,230618_4-1-3.tif,"[2425.0578002929688, 2187.4993591308594, 19.1627197265625, 36.81640625]",0.8207612633705139,1
7471,230618_4-1-3.tif,"[7235.9515380859375, 1268.218994140625, 31.228759765625, 35.9833984375]",0.8207423090934753,1
7472,230618_4-1-3.tif,"[2858.739715576172, 80.94700622558594, 24.7572021484375, 35.17826843261719]",0.8205660581588745,1
7473,230618_4-1-3.tif,"[9053.608947753906, 2143.2738723754883, 33.19671630859375, 25.57628631591797]",0.8204435110092163,1
7474,230618_4-1-3.tif,"[8236.081771850586, 2039.841796875, 20.60772705078125, 33.97443199157715]",0.8200423121452332,1
7475,230618_4-1-3.tif,"[4241.129333496094, 227.146240234375, 23.82421875, 28.08978271484375]",0.8198682069778442,1
7476,230618_4-1-3.tif,"[7660.2666015625, 1556.6161499023438, 34.898277282714844, 22.96612548828125]",0.8196168541908264,1
7477,230618_4-1-3.tif,"[4850.411163330078, 215.24185180664062, 26.737091064453125, 33.7762451171875]",0.819176971912384,1
7478,230618_4-1-3.tif,"[987.5520629882812, 1443.6477661132812, 32.39361572265625, 16.07281494140625]",0.8189741373062134,1
7479,230618_4-1-3.tif,"[9667.513916015625, 121.20402526855469, 30.90838623046875, 24.105072021484375]",0.8185437917709351,1
7480,230618_4-1-3.tif,"[1729.5936889648438, 6321.230621337891, 24.57183837890625, 33.38214111328125]",0.8179835081100464,1
7481,230618_4-1-3.tif,"[1572.701416015625, 943.8768920898438, 36.628662109375, 17.8072509765625]",0.8179780840873718,1
7482,230618_4-1-3.tif,"[5164.197959899902, 303.7679443359375, 27.668685913085938, 29.45281982421875]",0.8178749680519104,1
7483,230618_4-1-3.tif,"[4780.4365234375, 85.05096435546875, 22.9150390625, 36.994476318359375]",0.8178001046180725,1
7484,230618_4-1-3.tif,"[2604.3134765625, 738.116455078125, 19.613525390625, 38.170196533203125]",0.8176515698432922,1
7485,230618_4-1-3.tif,"[316.29693603515625, 2257.7926177978516, 17.86627197265625, 34.759735107421875]",0.8175992369651794,1
7486,230618_4-1-3.tif,"[4870.567810058594, 309.0055236816406, 21.1875, 35.84344482421875]",0.8174667954444885,1
7487,230618_4-1-3.tif,"[4098.4365234375, 43.398216247558594, 37.638916015625, 17.426132202148438]",0.8173792362213135,1
7488,230618_4-1-3.tif,"[5082.001190185547, 274.1792297363281, 21.90771484375, 35.532958984375]",0.8171016573905945,1
7489,230618_4-1-3.tif,"[5822.110412597656, 326.95367431640625, 35.4461669921875, 20.2161865234375]",0.8170863389968872,1
7490,230618_4-1-3.tif,"[3826.9442138671875, 1510.297607421875, 17.96533203125, 36.273193359375]",0.8169934749603271,1
7491,230618_4-1-3.tif,"[4110.0438232421875, 2898.9898376464844, 19.750385284423828, 41.71258544921875]",0.8168519735336304,1
7492,230618_4-1-3.tif,"[5731.067321777344, 631.2633056640625, 41.584716796875, 20.107421875]",0.8166106939315796,1
7493,230618_4-1-3.tif,"[6454.199005126953, 499.35150146484375, 37.640228271484375, 18.14790153503418]",0.8164383769035339,1
7494,230618_4-1-3.tif,"[8810.434631347656, 3510.5431213378906, 33.49156188964844, 17.9898681640625]",0.8160332441329956,1
7495,230618_4-1-3.tif,"[7427.665069580078, 235.27801513671875, 18.467041015625, 38.69610595703125]",0.8156547546386719,1
7496,230618_4-1-3.tif,"[9381.162368774414, 915.7356567382812, 30.560409545898438, 22.116455078125]",0.8152672648429871,1
7497,230618_4-1-3.tif,"[2773.1714782714844, 137.44683837890625, 31.85760498046875, 28.723602294921875]",0.8151940107345581,1
7498,230618_4-1-3.tif,"[6403.642547607422, 2483.1341857910156, 17.8848876953125, 35.5556640625]",0.8151655793190002,1
7499,230618_4-1-3.tif,"[2016.7432861328125, 1528.9799194335938, 39.54730224609375, 18.8428955078125]",0.8149287700653076,1
7500,230618_4-1-3.tif,"[8410.771606445312, 2544.078826904297, 17.254730224609375, 31.936065673828125]",0.8148276209831238,1
7501,230618_4-1-3.tif,"[9574.995849609375, 1376.7130126953125, 22.287841796875, 29.421142578125]",0.8146162629127502,1
7502,230618_4-1-3.tif,"[7721.3392333984375, 1752.2742919921875, 27.3701171875, 33.0384521484375]",0.8140383362770081,1
7503,230618_4-1-3.tif,"[5905.050720214844, 1047.0296535491943, 31.3310546875, 27.510271072387695]",0.8140295743942261,1
7504,230618_4-1-3.tif,"[4273.273193359375, 568.0084838867188, 33.9453125, 24.032669067382812]",0.8138667941093445,1
7505,230618_4-1-3.tif,"[7482.933166503906, 2988.5078125, 36.83966064453125, 19.578125]",0.8138419389724731,1
7506,230618_4-1-3.tif,"[2768.1651000976562, 402.6824951171875, 34.85382080078125, 20.2393798828125]",0.8135875463485718,1
7507,230618_4-1-3.tif,"[6089.720703125, 45.1224365234375, 33.90362548828125, 16.753211975097656]",0.8134362101554871,1
7508,230618_4-1-3.tif,"[6459.021484375, 583.0499267578125, 34.07403564453125, 34.265869140625]",0.8132676482200623,1
7509,230618_4-1-3.tif,"[6895.308151245117, 590.7125244140625, 36.03330993652344, 18.616317749023438]",0.8132339119911194,1
7510,230618_4-1-3.tif,"[1639.4549560546875, 1486.2109985351562, 38.134124755859375, 22.443603515625]",0.8131998777389526,1
7511,230618_4-1-3.tif,"[5530.8514404296875, 10.657551765441895, 40.4642333984375, 20.751334190368652]",0.8131139278411865,1
7512,230618_4-1-3.tif,"[3204.148651123047, 1046.632080078125, 20.2593994140625, 34.8740234375]",0.8130771517753601,1
7513,230618_4-1-3.tif,"[6685.33740234375, 1334.7600708007812, 20.41650390625, 35.810546875]",0.8129492402076721,1
7514,230618_4-1-3.tif,"[7633.6800537109375, 2325.8216552734375, 28.951416015625, 24.557373046875]",0.8129406571388245,1
7515,230618_4-1-3.tif,"[9308.890502929688, 1489.329833984375, 27.772216796875, 23.30450439453125]",0.8129204511642456,1
7516,230618_4-1-3.tif,"[9753.141235351562, 108.22471618652344, 26.6651611328125, 29.845504760742188]",0.8127535581588745,1
7517,230618_4-1-3.tif,"[4869.566101074219, 117.13885498046875, 21.96044921875, 36.330352783203125]",0.8125917911529541,1
7518,230618_4-1-3.tif,"[6939.356750488281, 4103.431602478027, 17.3466796875, 39.50175476074219]",0.8124005198478699,1
7519,230618_4-1-3.tif,"[7649.098388671875, 1391.5194702148438, 27.8492431640625, 28.2467041015625]",0.8123865127563477,1
7520,230618_4-1-3.tif,"[7157.877685546875, 917.5769653320312, 27.6484375, 20.580322265625]",0.8123372793197632,1
7521,230618_4-1-3.tif,"[8433.578552246094, 1484.9109191894531, 27.374786376953125, 31.7349853515625]",0.8121750950813293,1
7522,230618_4-1-3.tif,"[7475.0682373046875, 2305.643585205078, 28.472412109375, 31.68780517578125]",0.8120447993278503,1
7523,230618_4-1-3.tif,"[8132.8192138671875, 1627.7164306640625, 28.0589599609375, 31.505287170410156]",0.8117611408233643,1
7524,230618_4-1-3.tif,"[8763.765502929688, 3115.5859985351562, 28.6171875, 32.384033203125]",0.8115729689598083,1
7525,230618_4-1-3.tif,"[6819.4964599609375, 300.67584228515625, 20.511138916015625, 34.6878662109375]",0.8115506768226624,1
7526,230618_4-1-3.tif,"[6746.8677978515625, 2544.0646362304688, 36.63128662109375, 28.587923049926758]",0.8114650249481201,1
7527,230618_4-1-3.tif,"[6259.5469970703125, 4033.276641845703, 42.486358642578125, 22.909912109375]",0.8114625215530396,1
7528,230618_4-1-3.tif,"[5060.9215087890625, 1369.4231262207031, 20.951171875, 34.764892578125]",0.8112460374832153,1
7529,230618_4-1-3.tif,"[7781.94921875, 1358.4877319335938, 37.20068359375, 30.348297119140625]",0.810916543006897,1
7530,230618_4-1-3.tif,"[6419.120788574219, 65.80169677734375, 30.665771484375, 25.0758056640625]",0.81056147813797,1
7531,230618_4-1-3.tif,"[6594.3546142578125, 276.4247741699219, 30.74072265625, 27.7939453125]",0.8104425668716431,1
7532,230618_4-1-3.tif,"[8605.104705810547, 3395.7203369140625, 35.67315673828125, 18.72607421875]",0.8103688955307007,1
7533,230618_4-1-3.tif,"[5653.38037109375, 4825.512939453125, 29.8681640625, 30.116455078125]",0.8103399872779846,1
7534,230618_4-1-3.tif,"[2986.9515991210938, 122.62956237792969, 34.45611572265625, 20.02691650390625]",0.8100848197937012,1
7535,230618_4-1-3.tif,"[7169.787693023682, 232.29185485839844, 39.00728988647461, 18.449981689453125]",0.8097054362297058,1
7536,230618_4-1-3.tif,"[9326.763977050781, 672.0356750488281, 25.619552612304688, 34.606170654296875]",0.8096715211868286,1
7537,230618_4-1-3.tif,"[9228.490161895752, 2907.5487060546875, 25.641918182373047, 32.70135498046875]",0.8095466494560242,1
7538,230618_4-1-3.tif,"[5677.583717346191, 392.2491455078125, 27.994911193847656, 28.954833984375]",0.809490442276001,1
7539,230618_4-1-3.tif,"[8888.426849365234, 8513.99951171875, 29.111328125, 23.372314453125]",0.8094717860221863,1
7540,230618_4-1-3.tif,"[7930.016815185547, 1283.5562133789062, 18.70220947265625, 37.38043212890625]",0.8093708753585815,1
7541,230618_4-1-3.tif,"[9142.846588134766, 2537.3551635742188, 30.389923095703125, 29.092111587524414]",0.8091926574707031,1
7542,230618_4-1-3.tif,"[2793.3236389160156, 1429.482666015625, 25.03790283203125, 36.6805419921875]",0.8089613318443298,1
7543,230618_4-1-3.tif,"[9894.069946289062, 665.8630065917969, 24.519287109375, 26.17962646484375]",0.8089087009429932,1
7544,230618_4-1-3.tif,"[4579.715423583984, 1801.039794921875, 18.84893798828125, 37.5528564453125]",0.8088438510894775,1
7545,230618_4-1-3.tif,"[6503.648742675781, 939.4901123046875, 38.20855712890625, 19.3453369140625]",0.8087587952613831,1
7546,230618_4-1-3.tif,"[5174.14045715332, 1210.0104370117188, 38.90516662597656, 19.2415771484375]",0.8087545037269592,1
7547,230618_4-1-3.tif,"[2138.7847290039062, 489.36553955078125, 20.315155029296875, 41.40301513671875]",0.8084062933921814,1
7548,230618_4-1-3.tif,"[7860.405914306641, 664.2457885742188, 18.87994384765625, 34.8975830078125]",0.8082573413848877,1
7549,230618_4-1-3.tif,"[7024.557922363281, 1018.4383239746094, 29.5052490234375, 30.856964111328125]",0.8081857562065125,1
7550,230618_4-1-3.tif,"[8463.955169677734, 2290.8219299316406, 36.509033203125, 19.76922607421875]",0.8079938292503357,1
7551,230618_4-1-3.tif,"[4398.320007324219, 6963.3388671875, 23.701416015625, 38.033203125]",0.807881772518158,1
7552,230618_4-1-3.tif,"[3007.1782836914062, 6367.149505615234, 34.7607421875, 19.514373779296875]",0.8078782558441162,1
7553,230618_4-1-3.tif,"[4604.60400390625, 143.9471435546875, 19.07810401916504, 37.50140380859375]",0.8077953457832336,1
7554,230618_4-1-3.tif,"[7220.133544921875, 1355.5701904296875, 31.148681640625, 29.15911865234375]",0.8076068758964539,1
7555,230618_4-1-3.tif,"[4496.182556152344, 1433.7705993652344, 35.38134765625, 23.95166015625]",0.8074836134910583,1
7556,230618_4-1-3.tif,"[3276.3525390625, 744.4098510742188, 34.519012451171875, 17.75030517578125]",0.8072776198387146,1
7557,230618_4-1-3.tif,"[6858.667098999023, 1405.35400390625, 31.37615966796875, 26.4542236328125]",0.8072360157966614,1
7558,230618_4-1-3.tif,"[3568.6432495117188, 158.6585693359375, 35.24093437194824, 27.609634399414062]",0.8068873882293701,1
7559,230618_4-1-3.tif,"[7169.4603843688965, 1942.04345703125, 35.01637649536133, 27.2747802734375]",0.8068814277648926,1
7560,230618_4-1-3.tif,"[3013.6255493164062, 1497.6785888671875, 35.5506591796875, 25.84832763671875]",0.8068053722381592,1
7561,230618_4-1-3.tif,"[9232.494035720825, 2778.485153198242, 31.699811935424805, 30.244949340820312]",0.8067674040794373,1
7562,230618_4-1-3.tif,"[8117.104736328125, 1727.1719055175781, 23.4541015625, 33.3502197265625]",0.8067341446876526,1
7563,230618_4-1-3.tif,"[7893.377685546875, 738.0157165527344, 18.71685791015625, 33.2059326171875]",0.8065721988677979,1
7564,230618_4-1-3.tif,"[5862.8013916015625, 2117.0045166015625, 38.097442626953125, 18.2119140625]",0.8065418004989624,1
7565,230618_4-1-3.tif,"[5704.105529785156, 1819.6118469238281, 24.18475341796875, 34.1441650390625]",0.8064879775047302,1
7566,230618_4-1-3.tif,"[6236.904235839844, 906.1096496582031, 36.87815856933594, 23.0523681640625]",0.8063498735427856,1
7567,230618_4-1-3.tif,"[6052.076019287109, 4073.7647705078125, 20.4969482421875, 44.116865158081055]",0.806216299533844,1
7568,230618_4-1-3.tif,"[3870.4436645507812, 801.2425231933594, 31.17230224609375, 25.45831298828125]",0.8060752749443054,1
7569,230618_4-1-3.tif,"[9293.776123046875, 1588.7657775878906, 35.83984375, 18.37457275390625]",0.8059238195419312,1
7570,230618_4-1-3.tif,"[8273.144660949707, 1180.2030029296875, 36.49485778808594, 20.95184326171875]",0.8058935403823853,1
7571,230618_4-1-3.tif,"[6700.4085693359375, 1459.8133544921875, 31.988525390625, 18.8179931640625]",0.8058704137802124,1
7572,230618_4-1-3.tif,"[6013.177307128906, 3935.4491577148438, 19.46044921875, 41.854736328125]",0.8058233857154846,1
7573,230618_4-1-3.tif,"[4321.123474121094, 1596.616455078125, 16.90521240234375, 33.33904266357422]",0.8057259917259216,1
7574,230618_4-1-3.tif,"[8280.497253417969, 3180.5228118896484, 23.57489013671875, 28.5877685546875]",0.8057200312614441,1
7575,230618_4-1-3.tif,"[8654.499389648438, 1344.048828125, 17.241455078125, 37.02880859375]",0.805689811706543,1
7576,230618_4-1-3.tif,"[9780.523315429688, 1364.6935119628906, 37.61962890625, 24.909912109375]",0.8056122064590454,1
7577,230618_4-1-3.tif,"[7053.944030761719, 1769.5696868896484, 37.5513916015625, 22.3656005859375]",0.8049983978271484,1
7578,230618_4-1-3.tif,"[6626.821960449219, 1840.5771789550781, 17.8465576171875, 38.87359619140625]",0.8047869205474854,1
7579,230618_4-1-3.tif,"[1026.1654891967773, 280.1109619140625, 18.81188201904297, 40.2161865234375]",0.8047688007354736,1
7580,230618_4-1-3.tif,"[6649.408935546875, 218.08853149414062, 23.56611442565918, 32.13177490234375]",0.8046330213546753,1
7581,230618_4-1-3.tif,"[6602.182678222656, 366.44146728515625, 18.9989013671875, 36.274169921875]",0.8044206500053406,1
7582,230618_4-1-3.tif,"[4642.8333740234375, 643.120849609375, 21.759033203125, 36.8448486328125]",0.8043639063835144,1
7583,230618_4-1-3.tif,"[4636.693603515625, 2504.4292602539062, 24.822509765625, 34.4749755859375]",0.8042519092559814,1
7584,230618_4-1-3.tif,"[7008.953186035156, 2962.6464233398438, 18.905029296875, 32.5540771484375]",0.804206907749176,1
7585,230618_4-1-3.tif,"[5533.023864746094, 853.1155395507812, 30.926025390625, 33.5086669921875]",0.8041654229164124,1
7586,230618_4-1-3.tif,"[9241.316911697388, 350.70501708984375, 25.949613571166992, 36.41473388671875]",0.8041595220565796,1
7587,230618_4-1-3.tif,"[6363.336120605469, 656.6795043945312, 37.70843505859375, 19.9910888671875]",0.8040813207626343,1
7588,230618_4-1-3.tif,"[9185.720947265625, 3316.5220947265625, 34.1424560546875, 25.017333984375]",0.8040786385536194,1
7589,230618_4-1-3.tif,"[5508.3768310546875, 1080.422950744629, 17.46392822265625, 33.259735107421875]",0.8039842247962952,1
7590,230618_4-1-3.tif,"[7346.919708251953, 2807.315704345703, 20.355072021484375, 41.0478515625]",0.80362868309021,1
7591,230618_4-1-3.tif,"[8979.959594726562, 2613.9515380859375, 22.0081787109375, 28.7767333984375]",0.8034810423851013,1
7592,230618_4-1-3.tif,"[6581.14990234375, 528.1408252716064, 25.7945556640625, 33.052412033081055]",0.8031806349754333,1
7593,230618_4-1-3.tif,"[6846.761169433594, 893.0240478515625, 34.03411865234375, 18.2198486328125]",0.8031541705131531,1
7594,230618_4-1-3.tif,"[9004.908569335938, 2196.910369873047, 34.1983642578125, 17.958251953125]",0.8031370043754578,1
7595,230618_4-1-3.tif,"[6895.711486816406, 2105.9083938598633, 27.435516357421875, 18.48882293701172]",0.8030599355697632,1
7596,230618_4-1-3.tif,"[8547.221435546875, 2909.2776489257812, 36.88970947265625, 16.5220947265625]",0.803001880645752,1
7597,230618_4-1-3.tif,"[9548.048034667969, 2068.090877532959, 20.7586669921875, 38.16904067993164]",0.8028874397277832,1
7598,230618_4-1-3.tif,"[6562.235198974609, 3180.8408203125, 34.68524169921875, 24.758316040039062]",0.8028293251991272,1
7599,230618_4-1-3.tif,"[8721.757080078125, 2905.7651977539062, 17.75439453125, 33.42041015625]",0.8027660846710205,1
7600,230618_4-1-3.tif,"[8536.239135742188, 1206.6349334716797, 23.321044921875, 30.020843505859375]",0.8026614785194397,1
7601,230618_4-1-3.tif,"[7125.751617431641, 2093.9296264648438, 23.42034912109375, 31.0943603515625]",0.8025239706039429,1
7602,230618_4-1-3.tif,"[6843.225830078125, 2244.7058868408203, 37.3768310546875, 18.721649169921875]",0.802442193031311,1
7603,230618_4-1-3.tif,"[2227.4508361816406, 537.603515625, 20.6666259765625, 39.73779296875]",0.8023781776428223,1
7604,230618_4-1-3.tif,"[5344.7667236328125, 882.5619506835938, 21.19061279296875, 26.962890625]",0.8023027777671814,1
7605,230618_4-1-3.tif,"[7999.7664794921875, 3015.256591796875, 27.5142822265625, 32.234619140625]",0.8022169470787048,1
7606,230618_4-1-3.tif,"[6767.864929199219, 2237.0550842285156, 19.484710693359375, 34.650482177734375]",0.8021547794342041,1
7607,230618_4-1-3.tif,"[3379.0560302734375, 3302.5049743652344, 20.25830078125, 35.166168212890625]",0.8021180033683777,1
7608,230618_4-1-3.tif,"[4777.218978881836, 203.421630859375, 18.68359375, 37.9534912109375]",0.8020086884498596,1
7609,230618_4-1-3.tif,"[2588.9326095581055, 222.68380737304688, 19.615577697753906, 35.93548583984375]",0.8019934296607971,1
7610,230618_4-1-3.tif,"[9752.57601928711, 1261.610122680664, 34.275665283203125, 16.28167724609375]",0.8019206523895264,1
7611,230618_4-1-3.tif,"[7175.3739013671875, 1473.0343322753906, 20.45474624633789, 36.666412353515625]",0.8019121289253235,1
7612,230618_4-1-3.tif,"[6881.120056152344, 2895.453125, 21.251251220703125, 35.2645263671875]",0.8016639351844788,1
7613,230618_4-1-3.tif,"[3408.2476196289062, 6202.489013671875, 22.5084228515625, 33.927734375]",0.8016470670700073,1
7614,230618_4-1-3.tif,"[6095.342620849609, 4693.692092895508, 37.88958740234375, 28.513595581054688]",0.8015055656433105,1
7615,230618_4-1-3.tif,"[6979.614013671875, 2606.2967529296875, 34.4346923828125, 17.5250244140625]",0.8012328147888184,1
7616,230618_4-1-3.tif,"[5214.203651428223, 4323.848724365234, 18.986175537109375, 40.119842529296875]",0.8011244535446167,1
7617,230618_4-1-3.tif,"[8525.340209960938, 1466.5650024414062, 23.2633056640625, 32.69500732421875]",0.8011149168014526,1
7618,230618_4-1-3.tif,"[1092.4415283203125, 358.9757080078125, 19.0751953125, 42.3289794921875]",0.8010332584381104,1
7619,230618_4-1-3.tif,"[1281.3176879882812, 641.97802734375, 35.4530029296875, 21.17010498046875]",0.8007831573486328,1
7620,230618_4-1-3.tif,"[1715.2821502685547, 2421.8766174316406, 17.497039794921875, 31.42413330078125]",0.8007420301437378,1
7621,230618_4-1-3.tif,"[4273.439987182617, 6605.09619140625, 19.1876220703125, 38.62298583984375]",0.8006801009178162,1
7622,230618_4-1-3.tif,"[8258.83341217041, 799.7484130859375, 19.088134765625, 38.85498046875]",0.8006114959716797,1
7623,230618_4-1-3.tif,"[7404.927642822266, 668.1958618164062, 35.56512451171875, 18.0877685546875]",0.800595223903656,1
7624,230618_4-1-3.tif,"[6164.265441894531, 3599.399761199951, 27.91162109375, 35.38612365722656]",0.8004280924797058,1
7625,230618_4-1-3.tif,"[6563.9434814453125, 643.2490539550781, 23.8231201171875, 37.776611328125]",0.8002353310585022,1
7626,230618_4-1-3.tif,"[1206.0597229003906, 3679.7238006591797, 23.518508911132812, 34.4427490234375]",0.800094485282898,1
7627,230618_4-1-3.tif,"[4091.8777770996094, 949.4584350585938, 21.565460205078125, 36.061553955078125]",0.7999345660209656,1
7628,230618_4-1-3.tif,"[3275.5385131835938, 691.2748413085938, 21.4906005859375, 40.62762451171875]",0.799858033657074,1
7629,230618_4-1-3.tif,"[9008.944702148438, 1328.5587158203125, 36.69482421875, 18.19512939453125]",0.7996722459793091,1
7630,230618_4-1-3.tif,"[8265.936706542969, 2144.7012329101562, 15.988510131835938, 32.5599365234375]",0.7996333241462708,1
7631,230618_4-1-3.tif,"[4379.911773681641, 1686.9632263183594, 18.64923095703125, 34.23248291015625]",0.7995094060897827,1
7632,230618_4-1-3.tif,"[7434.3214111328125, 2607.9158325195312, 19.4842529296875, 34.759033203125]",0.7994624972343445,1
7633,230618_4-1-3.tif,"[9332.435363769531, 2582.2987060546875, 18.608596801757812, 39.00325012207031]",0.7993331551551819,1
7634,230618_4-1-3.tif,"[7619.635986328125, 999.125244140625, 18.97723388671875, 36.230594635009766]",0.7993316054344177,1
7635,230618_4-1-3.tif,"[6364.647186279297, 404.26666259765625, 36.555755615234375, 20.49395751953125]",0.7992474436759949,1
7636,230618_4-1-3.tif,"[8123.356201171875, 1955.7850952148438, 23.3282470703125, 30.75274658203125]",0.7991746068000793,1
7637,230618_4-1-3.tif,"[6485.548583984375, 4101.856132507324, 33.974029541015625, 18.674415588378906]",0.7988579273223877,1
7638,230618_4-1-3.tif,"[7124.562805175781, 1735.2824401855469, 20.06134033203125, 30.39105224609375]",0.798798143863678,1
7639,230618_4-1-3.tif,"[7310.0015869140625, 1985.223388671875, 20.31475830078125, 42.20361328125]",0.7986288070678711,1
7640,230618_4-1-3.tif,"[6242.0291748046875, 1126.4815368652344, 28.2354736328125, 27.3355712890625]",0.7984517812728882,1
7641,230618_4-1-3.tif,"[6445.169189453125, 4392.331848144531, 37.3350830078125, 18.21636962890625]",0.7983655333518982,1
7642,230618_4-1-3.tif,"[1224.5695190429688, 1743.4894714355469, 36.51605224609375, 18.191650390625]",0.7981255054473877,1
7643,230618_4-1-3.tif,"[7449.9478759765625, 747.6542053222656, 14.5926513671875, 31.69012451171875]",0.7978922724723816,1
7644,230618_4-1-3.tif,"[5375.178741455078, 2582.184326171875, 39.15521240234375, 20.40234375]",0.7978624701499939,1
7645,230618_4-1-3.tif,"[6087.987487792969, 1305.5675659179688, 35.31341552734375, 23.89154052734375]",0.797843337059021,1
7646,230618_4-1-3.tif,"[8240.889038085938, 1898.0157470703125, 16.82763671875, 37.0577392578125]",0.7978010773658752,1
7647,230618_4-1-3.tif,"[5685.282287597656, 4941.656188964844, 30.194656372070312, 27.28125]",0.7976731657981873,1
7648,230618_4-1-3.tif,"[6485.772155761719, 311.74481201171875, 24.20062255859375, 32.07904052734375]",0.7975514531135559,1
7649,230618_4-1-3.tif,"[6517.265960693359, 1585.617332458496, 23.46441650390625, 34.731727600097656]",0.7975280284881592,1
7650,230618_4-1-3.tif,"[5738.810302734375, 4715.376220703125, 41.94184875488281, 21.016830444335938]",0.7971472144126892,1
7651,230618_4-1-3.tif,"[7343.956451416016, 4124.467956542969, 18.415435791015625, 42.2576904296875]",0.7971367239952087,1
7652,230618_4-1-3.tif,"[5701.536437988281, 2088.0257568359375, 22.20880126953125, 33.71728515625]",0.7970566749572754,1
7653,230618_4-1-3.tif,"[1897.3818969726562, 113.45548248291016, 19.596435546875, 36.12950897216797]",0.7969830632209778,1
7654,230618_4-1-3.tif,"[7730.371520996094, 1827.8172607421875, 18.3094482421875, 41.37884521484375]",0.796837329864502,1
7655,230618_4-1-3.tif,"[5954.326110839844, 166.18115234375, 38.20281982421875, 18.3983154296875]",0.7966715693473816,1
7656,230618_4-1-3.tif,"[3383.079345703125, 100.12066650390625, 33.8037109375, 18.255691528320312]",0.7966710329055786,1
7657,230618_4-1-3.tif,"[2718.4464416503906, 798.8930358886719, 23.99200439453125, 32.6114501953125]",0.7965992093086243,1
7658,230618_4-1-3.tif,"[8207.702297210693, 2913.823760986328, 41.13132095336914, 23.176177978515625]",0.7962937355041504,1
7659,230618_4-1-3.tif,"[7270.8822021484375, 1018.95947265625, 45.32267761230469, 21.364933013916016]",0.7957585453987122,1
7660,230618_4-1-3.tif,"[4614.27197265625, 207.11465454101562, 22.40771484375, 34.1976318359375]",0.7957296967506409,1
7661,230618_4-1-3.tif,"[8457.9970703125, 1692.819076538086, 15.36376953125, 34.098480224609375]",0.7955421209335327,1
7662,230618_4-1-3.tif,"[5547.9112548828125, 434.15802001953125, 27.99908447265625, 32.7135009765625]",0.7955208420753479,1
7663,230618_4-1-3.tif,"[9082.452941894531, 3481.7014770507812, 32.6690673828125, 18.5731201171875]",0.7952023148536682,1
7664,230618_4-1-3.tif,"[8954.8427734375, 3872.795928955078, 16.03778076171875, 38.338623046875]",0.7949910759925842,1
7665,230618_4-1-3.tif,"[9260.21174621582, 921.9766845703125, 35.13322448730469, 20.86029052734375]",0.7948086857795715,1
7666,230618_4-1-3.tif,"[5075.7816162109375, 5944.929931640625, 39.63262939453125, 17.3187255859375]",0.7946991324424744,1
7667,230618_4-1-3.tif,"[6959.274749755859, 4752.017166137695, 19.2586669921875, 44.0582275390625]",0.7946017384529114,1
7668,230618_4-1-3.tif,"[5753.16064453125, 5063.669677734375, 18.640426635742188, 48.6722412109375]",0.7944920659065247,1
7669,230618_4-1-3.tif,"[7233.736968994141, 2840.3436279296875, 16.700515747070312, 39.7457275390625]",0.7944851517677307,1
7670,230618_4-1-3.tif,"[9317.773071289062, 1357.7927856445312, 21.8514404296875, 35.0972900390625]",0.7943390607833862,1
7671,230618_4-1-3.tif,"[9861.460388183594, 1577.1184692382812, 32.1287841796875, 19.3634033203125]",0.7941758632659912,1
7672,230618_4-1-3.tif,"[8399.319427490234, 1997.6080322265625, 22.4332275390625, 36.50830078125]",0.7940384149551392,1
7673,230618_4-1-3.tif,"[7107.366638183594, 3011.9962158203125, 17.995849609375, 38.0078125]",0.7939280271530151,1
7674,230618_4-1-3.tif,"[7664.84765625, 2157.456787109375, 122.8115234375, 273.8939514160156]",0.7938860654830933,1
7675,230618_4-1-3.tif,"[6376.241394042969, 282.2518310546875, 21.011138916015625, 41.5203857421875]",0.7938370704650879,1
7676,230618_4-1-3.tif,"[5445.202301025391, 2175.76944732666, 19.1767578125, 39.54509735107422]",0.793816089630127,1
7677,230618_4-1-3.tif,"[6329.896270751953, 894.7325134277344, 17.09613037109375, 36.07537841796875]",0.7937836647033691,1
7678,230618_4-1-3.tif,"[4153.237953186035, 652.7304077148438, 18.806297302246094, 36.76751708984375]",0.793721079826355,1
7679,230618_4-1-3.tif,"[8567.765502929688, 1374.9325866699219, 33.021728515625, 17.30072021484375]",0.7936693429946899,1
7680,230618_4-1-3.tif,"[214.72039794921875, 83.38250732421875, 22.85174560546875, 32.66033935546875]",0.793623149394989,1
7681,230618_4-1-3.tif,"[7074.190734863281, 1860.0059204101562, 39.02880859375, 20.413330078125]",0.7935463190078735,1
7682,230618_4-1-3.tif,"[9396.94384765625, 2198.010452270508, 17.94646453857422, 39.59385681152344]",0.7934473752975464,1
7683,230618_4-1-3.tif,"[3864.7312927246094, 560.5310096740723, 21.4180908203125, 35.530757904052734]",0.7933899760246277,1
7684,230618_4-1-3.tif,"[1954.7760009765625, 398.1842956542969, 19.40130615234375, 38.3690185546875]",0.7933802604675293,1
7685,230618_4-1-3.tif,"[7866.465072631836, 3390.6516723632812, 19.35003662109375, 37.13323974609375]",0.7932742834091187,1
7686,230618_4-1-3.tif,"[5631.639190673828, 4468.083740234375, 19.731691360473633, 40.306396484375]",0.7932073473930359,1
7687,230618_4-1-3.tif,"[3304.8907928466797, 1098.4077758789062, 21.383514404296875, 34.780029296875]",0.7931619882583618,1
7688,230618_4-1-3.tif,"[6793.848556518555, 552.617919921875, 34.313812255859375, 23.1361083984375]",0.7931588292121887,1
7689,230618_4-1-3.tif,"[1493.2645874023438, 356.6473083496094, 22.426513671875, 28.291748046875]",0.7931337952613831,1
7690,230618_4-1-3.tif,"[6462.644989013672, 1093.2608642578125, 38.1607666015625, 19.6944580078125]",0.7930339574813843,1
7691,230618_4-1-3.tif,"[5855.629547119141, 913.3599243164062, 36.790802001953125, 20.956298828125]",0.7928360104560852,1
7692,230618_4-1-3.tif,"[5893.048278808594, 478.007080078125, 22.9072265625, 41.39413499832153]",0.792515218257904,1
7693,230618_4-1-3.tif,"[8018.040771484375, 1190.2455139160156, 37.1602783203125, 17.5296630859375]",0.7923252582550049,1
7694,230618_4-1-3.tif,"[6684.865547180176, 590.8656005859375, 39.37920379638672, 18.30029296875]",0.792194664478302,1
7695,230618_4-1-3.tif,"[6333.7928466796875, 4763.604568481445, 32.244873046875, 21.82354736328125]",0.7918383479118347,1
7696,230618_4-1-3.tif,"[5652.977783203125, 5048.1175537109375, 17.9266357421875, 39.60101318359375]",0.7918119430541992,1
7697,230618_4-1-3.tif,"[8689.592163085938, 1281.5294494628906, 20.4317626953125, 33.07611083984375]",0.7916756868362427,1
7698,230618_4-1-3.tif,"[8768.548553466797, 1583.4100875854492, 18.572052001953125, 36.1448974609375]",0.791557788848877,1
7699,230618_4-1-3.tif,"[9418.504898071289, 3430.56982421875, 15.845596313476562, 36.60260009765625]",0.7915282249450684,1
7700,230618_4-1-3.tif,"[4168.217742919922, 402.7003173828125, 38.276153564453125, 20.33013916015625]",0.7913900017738342,1
7701,230618_4-1-3.tif,"[8208.140869140625, 3553.7291870117188, 20.00244140625, 40.26776123046875]",0.7913340926170349,1
7702,230618_4-1-3.tif,"[6078.646820068359, 4887.066650390625, 35.28314208984375, 18.8624267578125]",0.7911156415939331,1
7703,230618_4-1-3.tif,"[5858.16423034668, 4229.852523803711, 19.014678955078125, 38.31207275390625]",0.7909374237060547,1
7704,230618_4-1-3.tif,"[5706.0068359375, 947.92578125, 18.601806640625, 37.869140625]",0.7908525466918945,1
7705,230618_4-1-3.tif,"[6432.772521972656, 3940.9760131835938, 37.9774169921875, 15.5863037109375]",0.7907721400260925,1
7706,230618_4-1-3.tif,"[1612.4315185546875, 3893.5866088867188, 32.04608154296875, 25.23663330078125]",0.7906287908554077,1
7707,230618_4-1-3.tif,"[6166.960330963135, 84.04891967773438, 18.527969360351562, 38.5714111328125]",0.7906097173690796,1
7708,230618_4-1-3.tif,"[6369.416885375977, 4184.379867553711, 20.065338134765625, 37.80543518066406]",0.7904860377311707,1
7709,230618_4-1-3.tif,"[6032.1490478515625, 3849.327911376953, 26.07232666015625, 30.95404052734375]",0.7901697754859924,1
7710,230618_4-1-3.tif,"[7248.934799194336, 1053.6883850097656, 24.184097290039062, 36.903839111328125]",0.7900469303131104,1
7711,230618_4-1-3.tif,"[7381.847686767578, 1313.6016845703125, 18.550048828125, 37.31829833984375]",0.7900406122207642,1
7712,230618_4-1-3.tif,"[3369.71435546875, 1128.5408935546875, 15.7091064453125, 37.86170959472656]",0.789903998374939,1
7713,230618_4-1-3.tif,"[9822.837768554688, 6.6862030029296875, 38.19671630859375, 17.359996795654297]",0.7898070812225342,1
7714,230618_4-1-3.tif,"[9382.553527832031, 555.364501953125, 24.074127197265625, 33.75453186035156]",0.7897361516952515,1
7715,230618_4-1-3.tif,"[9979.617919921875, 1513.01708984375, 17.206787109375, 30.9466552734375]",0.7897236347198486,1
7716,230618_4-1-3.tif,"[416.63836669921875, 3193.822250366211, 19.204833984375, 34.116058349609375]",0.7896337509155273,1
7717,230618_4-1-3.tif,"[8814.389038085938, 403.97125244140625, 44.41120910644531, 19.960205078125]",0.7895428538322449,1
7718,230618_4-1-3.tif,"[7475.653564453125, 3205.363510131836, 17.77587890625, 38.378692626953125]",0.7893896102905273,1
7719,230618_4-1-3.tif,"[4328.1373291015625, 112.61839294433594, 41.4932861328125, 19.472015380859375]",0.7891680002212524,1
7720,230618_4-1-3.tif,"[5428.565979003906, 1129.9134521484375, 32.3101806640625, 27.776611328125]",0.7891108393669128,1
7721,230618_4-1-3.tif,"[7562.617492675781, 2570.6621017456055, 25.124114990234375, 24.26270294189453]",0.7887896299362183,1
7722,230618_4-1-3.tif,"[7722.417915344238, 2300.7083129882812, 38.15833282470703, 17.7459716796875]",0.7887158989906311,1
7723,230618_4-1-3.tif,"[5144.899053573608, 1337.093017578125, 23.307817459106445, 35.412353515625]",0.7882301807403564,1
7724,230618_4-1-3.tif,"[2453.728302001953, 970.9467163085938, 39.3583984375, 19.590087890625]",0.787511944770813,1
7725,230618_4-1-3.tif,"[5293.721282958984, 2232.191192626953, 16.56414794921875, 32.709259033203125]",0.7873525023460388,1
7726,230618_4-1-3.tif,"[6446.043762207031, 1217.3267822265625, 20.0894775390625, 30.59771728515625]",0.7872694730758667,1
7727,230618_4-1-3.tif,"[7382.098297119141, 3155.993896484375, 18.681304931640625, 38.69987487792969]",0.7871285080909729,1
7728,230618_4-1-3.tif,"[2508.3502807617188, 666.6729125976562, 20.9873046875, 36.25323486328125]",0.7870882749557495,1
7729,230618_4-1-3.tif,"[6990.995819091797, 834.206787109375, 21.9195556640625, 32.6759033203125]",0.7870067358016968,1
7730,230618_4-1-3.tif,"[6122.528076171875, 3937.5161743164062, 19.8892822265625, 37.1468505859375]",0.7869426608085632,1
7731,230618_4-1-3.tif,"[4947.0242919921875, 2236.8544311523438, 39.6204833984375, 19.03662109375]",0.7863849997520447,1
7732,230618_4-1-3.tif,"[3067.597198486328, 973.7977600097656, 17.71062469482422, 41.012176513671875]",0.7862653136253357,1
7733,230618_4-1-3.tif,"[7814.375442504883, 2798.01513671875, 24.38958740234375, 33.867279052734375]",0.7860975861549377,1
7734,230618_4-1-3.tif,"[3494.537322998047, 57.891300201416016, 18.2593994140625, 39.95425033569336]",0.7860389947891235,1
7735,230618_4-1-3.tif,"[2198.558349609375, 661.5055847167969, 19.108734130859375, 33.837646484375]",0.785901665687561,1
7736,230618_4-1-3.tif,"[7593.698669433594, 735.2686462402344, 17.9495849609375, 39.03253173828125]",0.7858653664588928,1
7737,230618_4-1-3.tif,"[7214.5595779418945, 3067.3405151367188, 19.64922332763672, 39.33489990234375]",0.7858287692070007,1
7738,230618_4-1-3.tif,"[7630.8743896484375, 525.956298828125, 18.72015380859375, 40.437255859375]",0.785704493522644,1
7739,230618_4-1-3.tif,"[5685.842041015625, 2896.3358154296875, 20.8408203125, 34.9305419921875]",0.7855489253997803,1
7740,230618_4-1-3.tif,"[7908.84977722168, 3011.8029174804688, 18.081298828125, 36.66949462890625]",0.7854883074760437,1
7741,230618_4-1-3.tif,"[8609.244995117188, 3574.5233154296875, 42.73785400390625, 18.23193359375]",0.7854642868041992,1
7742,230618_4-1-3.tif,"[6541.216003417969, 4636.6810302734375, 17.156005859375, 41.84686279296875]",0.7854195237159729,1
7743,230618_4-1-3.tif,"[3927.791473388672, 1882.3726196289062, 18.80615234375, 39.324462890625]",0.7854167819023132,1
7744,230618_4-1-3.tif,"[5002.669769287109, 766.2976989746094, 20.80596923828125, 40.88983154296875]",0.7852349281311035,1
7745,230618_4-1-3.tif,"[5871.646224975586, 4611.442356109619, 38.03797912597656, 22.078195571899414]",0.784899890422821,1
7746,230618_4-1-3.tif,"[7123.883056640625, 780.941650390625, 32.5760498046875, 18.4061279296875]",0.7847868800163269,1
7747,230618_4-1-3.tif,"[6390.51383972168, 1166.6768035888672, 36.76564025878906, 18.669647216796875]",0.784591555595398,1
7748,230618_4-1-3.tif,"[1716.2185974121094, 358.8988037109375, 35.30755615234375, 15.95166015625]",0.7842683792114258,1
7749,230618_4-1-3.tif,"[7787.254104614258, 453.022216796875, 31.589324951171875, 16.42352294921875]",0.7840908169746399,1
7750,230618_4-1-3.tif,"[7170.735635757446, 510.6496887207031, 18.185258865356445, 39.564918518066406]",0.7840656638145447,1
7751,230618_4-1-3.tif,"[3481.9803466796875, 355.0531005859375, 28.68182373046875, 38.76171875]",0.7838243246078491,1
7752,230618_4-1-3.tif,"[7453.655334472656, 1513.2095947265625, 30.947265625, 23.862548828125]",0.7838102579116821,1
7753,230618_4-1-3.tif,"[8128.230651855469, 1211.3529968261719, 31.216796875, 30.3782958984375]",0.7835702300071716,1
7754,230618_4-1-3.tif,"[3227.1461791992188, 1228.6114196777344, 37.95208740234375, 17.90277099609375]",0.7833760976791382,1
7755,230618_4-1-3.tif,"[6221.0518798828125, 1183.139404296875, 18.57373046875, 38.55290222167969]",0.7833452820777893,1
7756,230618_4-1-3.tif,"[6303.520156860352, 2353.3905029296875, 19.81878662109375, 39.9351806640625]",0.7832609415054321,1
7757,230618_4-1-3.tif,"[473.41412353515625, 2119.9434814453125, 37.88873291015625, 19.5301513671875]",0.7831525206565857,1
7758,230618_4-1-3.tif,"[5820.644622802734, 4665.118812561035, 39.569732666015625, 18.213096618652344]",0.7827169895172119,1
7759,230618_4-1-3.tif,"[6117.67333984375, 3713.474853515625, 39.86338138580322, 20.671279907226562]",0.7826200127601624,1
7760,230618_4-1-3.tif,"[2343.853546142578, 1257.5373229980469, 32.382080078125, 24.1064453125]",0.7825645208358765,1
7761,230618_4-1-3.tif,"[5217.313507080078, 5186.138488769531, 32.06884765625, 32.4271240234375]",0.7825118899345398,1
7762,230618_4-1-3.tif,"[8121.2132568359375, 2250.464080810547, 22.8841552734375, 27.149261474609375]",0.7823033928871155,1
7763,230618_4-1-3.tif,"[2572.8579139709473, 30.671812057495117, 25.903099060058594, 26.730287551879883]",0.7822403907775879,1
7764,230618_4-1-3.tif,"[7813.6851806640625, 1667.0167694091797, 23.8865966796875, 31.279327392578125]",0.7821885943412781,1
7765,230618_4-1-3.tif,"[8145.310363769531, 71.1890869140625, 34.0604248046875, 21.178497314453125]",0.7821110486984253,1
7766,230618_4-1-3.tif,"[6659.9407958984375, 4622.619140625, 21.24560546875, 39.9617919921875]",0.7819953560829163,1
7767,230618_4-1-3.tif,"[9411.261779785156, 1247.8127136230469, 32.50469970703125, 30.45904541015625]",0.7819395661354065,1
7768,230618_4-1-3.tif,"[6179.453674316406, 3309.255615234375, 20.492919921875, 45.20611572265625]",0.7816256880760193,1
7769,230618_4-1-3.tif,"[7278.49658203125, 3678.9354248046875, 39.62763977050781, 18.624267578125]",0.7814398407936096,1
7770,230618_4-1-3.tif,"[1673.6599731445312, 259.09234619140625, 23.86474609375, 34.56024169921875]",0.781423032283783,1
7771,230618_4-1-3.tif,"[6571.878662109375, 2752.6124572753906, 20.10009765625, 30.6534423828125]",0.7813959717750549,1
7772,230618_4-1-3.tif,"[7480.824523925781, 1326.4778442382812, 18.04449462890625, 36.4085693359375]",0.7811938524246216,1
7773,230618_4-1-3.tif,"[8852.13932800293, 2337.675537109375, 35.15057373046875, 16.58056640625]",0.7811840772628784,1
7774,230618_4-1-3.tif,"[5191.446502685547, 2314.9149169921875, 43.170166015625, 21.46142578125]",0.7811771035194397,1
7775,230618_4-1-3.tif,"[2550.5568237304688, 350.12933349609375, 17.372343063354492, 38.1092529296875]",0.7805803418159485,1
7776,230618_4-1-3.tif,"[4897.775390625, 1324.1220703125, 22.442138671875, 44.4970703125]",0.7801849842071533,1
7777,230618_4-1-3.tif,"[6698.422256469727, 3570.0140380859375, 20.821151733398438, 36.17047119140625]",0.7799515128135681,1
7778,230618_4-1-3.tif,"[1267.1554260253906, 47.07307434082031, 21.08514404296875, 31.137351989746094]",0.7799243330955505,1
7779,230618_4-1-3.tif,"[9543.580322265625, 658.3321838378906, 17.0233154296875, 31.317962646484375]",0.779883086681366,1
7780,230618_4-1-3.tif,"[5505.782653808594, 2208.676300048828, 16.698486328125, 34.100677490234375]",0.7798259258270264,1
7781,230618_4-1-3.tif,"[9671.631469726562, 326.9198913574219, 21.8187255859375, 35.1214599609375]",0.7797778248786926,1
7782,230618_4-1-3.tif,"[8665.139404296875, 2080.50048828125, 38.77716064453125, 16.627197265625]",0.779471755027771,1
7783,230618_4-1-3.tif,"[8149.705810546875, 3525.7422485351562, 18.2406005859375, 41.9609375]",0.7793740034103394,1
7784,230618_4-1-3.tif,"[2960.023681640625, 919.1922607421875, 19.019775390625, 35.6634521484375]",0.779353141784668,1
7785,230618_4-1-3.tif,"[6957.5574951171875, 926.6373291015625, 16.9564208984375, 34.3817138671875]",0.7788693308830261,1
7786,230618_4-1-3.tif,"[4741.74284362793, 1806.9617919921875, 23.05072021484375, 38.6319580078125]",0.7787579894065857,1
7787,230618_4-1-3.tif,"[7416.443176269531, 549.2034683227539, 18.1304931640625, 31.829002380371094]",0.7786833643913269,1
7788,230618_4-1-3.tif,"[3968.6554565429688, 1690.7992553710938, 37.4755859375, 17.63555908203125]",0.7780359983444214,1
7789,230618_4-1-3.tif,"[6214.2457275390625, 2759.184051513672, 17.756591796875, 36.455780029296875]",0.7779881954193115,1
7790,230618_4-1-3.tif,"[4716.361175537109, 2376.5202026367188, 18.802200317382812, 41.47821044921875]",0.7779150605201721,1
7791,230618_4-1-3.tif,"[5721.513000488281, 5450.965850830078, 21.246337890625, 36.78607177734375]",0.7776841521263123,1
7792,230618_4-1-3.tif,"[6637.235290527344, 793.5511474609375, 19.84991455078125, 32.6778564453125]",0.7776542901992798,1
7793,230618_4-1-3.tif,"[3257.478302001953, 1073.0790405273438, 22.06097412109375, 32.919189453125]",0.7776313424110413,1
7794,230618_4-1-3.tif,"[6570.451141357422, 4816.211807250977, 17.03070068359375, 37.602752685546875]",0.7774589657783508,1
7795,230618_4-1-3.tif,"[6233.498840332031, 4560.232757568359, 20.542877197265625, 38.58001708984375]",0.7772876620292664,1
7796,230618_4-1-3.tif,"[5931.751647949219, 4512.505126953125, 41.9552001953125, 17.1544189453125]",0.7772384881973267,1
7797,230618_4-1-3.tif,"[3526.522186279297, 1276.2086486816406, 40.1343994140625, 19.3092041015625]",0.7770798206329346,1
7798,230618_4-1-3.tif,"[5809.0037841796875, 1276.5384368896484, 37.18109130859375, 30.735733032226562]",0.7768908739089966,1
7799,230618_4-1-3.tif,"[7746.6920166015625, 740.2873840332031, 24.447998046875, 28.503173828125]",0.7767199873924255,1
7800,230618_4-1-3.tif,"[9944.175354003906, 3531.9335327148438, 19.09912109375, 37.4417724609375]",0.776658833026886,1
7801,230618_4-1-3.tif,"[6487.926208496094, 3975.4705810546875, 40.0623779296875, 17.6348876953125]",0.7766363024711609,1
7802,230618_4-1-3.tif,"[8003.243957519531, 2823.222442626953, 35.23175048828125, 22.36676025390625]",0.7765527963638306,1
7803,230618_4-1-3.tif,"[6824.5147705078125, 3597.6429777145386, 32.31929016113281, 29.231534004211426]",0.7763574719429016,1
7804,230618_4-1-3.tif,"[381.89447021484375, 1407.43505859375, 35.3978271484375, 18.825439453125]",0.776178777217865,1
7805,230618_4-1-3.tif,"[7878.323913574219, 16.10126495361328, 24.920501708984375, 36.05664825439453]",0.7760412096977234,1
7806,230618_4-1-3.tif,"[6054.0286865234375, 594.18701171875, 33.7691650390625, 23.78173828125]",0.7760218381881714,1
7807,230618_4-1-3.tif,"[6852.011016845703, 4239.387802124023, 18.4351806640625, 41.6478271484375]",0.7759591341018677,1
7808,230618_4-1-3.tif,"[6672.6661376953125, 1191.979721069336, 37.658447265625, 17.514404296875]",0.7758840322494507,1
7809,230618_4-1-3.tif,"[6069.823822021484, 3960.6873779296875, 35.1080322265625, 23.5682373046875]",0.7758225202560425,1
7810,230618_4-1-3.tif,"[1516.9716186523438, 138.90939331054688, 25.88368511199951, 38.07196044921875]",0.7757986187934875,1
7811,230618_4-1-3.tif,"[1811.7434692382812, 331.009765625, 29.000244140625, 35.5672607421875]",0.7755837440490723,1
7812,230618_4-1-3.tif,"[6241.633377075195, 4772.211517333984, 17.886627197265625, 41.43975830078125]",0.7754935622215271,1
7813,230618_4-1-3.tif,"[7719.301452636719, 931.0754699707031, 33.76094055175781, 17.844482421875]",0.7752367854118347,1
7814,230618_4-1-3.tif,"[7115.044769287109, 3414.03173828125, 20.3463134765625, 35.08447265625]",0.7752257585525513,1
7815,230618_4-1-3.tif,"[5435.93408203125, 4434.533264160156, 42.197509765625, 20.0714111328125]",0.7750591039657593,1
7816,230618_4-1-3.tif,"[6327.964019775391, 3707.337600708008, 41.60797119140625, 20.491485595703125]",0.7749636769294739,1
7817,230618_4-1-3.tif,"[5480.157379150391, 3037.4638671875, 30.14111328125, 32.769287109375]",0.7747941613197327,1
7818,230618_4-1-3.tif,"[4537.0411376953125, 1702.2194213867188, 19.907470703125, 41.80755615234375]",0.7747464776039124,1
7819,230618_4-1-3.tif,"[7782.120086669922, 718.8955383300781, 33.091796875, 16.3671875]",0.7746691107749939,1
7820,230618_4-1-3.tif,"[9232.070190429688, 3847.4124145507812, 21.384765625, 37.8189697265625]",0.7739902138710022,1
7821,230618_4-1-3.tif,"[6760.1541748046875, 2055.7366943359375, 16.858535766601562, 32.67724609375]",0.7733664512634277,1
7822,230618_4-1-3.tif,"[6864.655380249023, 3232.5438842773438, 36.43084716796875, 21.452972412109375]",0.7733309268951416,1
7823,230618_4-1-3.tif,"[6761.758758544922, 1116.5618896484375, 22.587249755859375, 49.93980407714844]",0.7732313871383667,1
7824,230618_4-1-3.tif,"[7066.35546875, 3534.9180297851562, 38.60162353515625, 17.9718017578125]",0.7730116248130798,1
7825,230618_4-1-3.tif,"[5935.065246582031, 5185.938919067383, 40.88970947265625, 26.206344604492188]",0.7727143168449402,1
7826,230618_4-1-3.tif,"[6040.1495361328125, 4505.9970703125, 23.0653076171875, 35.1551513671875]",0.7725812792778015,1
7827,230618_4-1-3.tif,"[6651.3682861328125, 2790.114715576172, 19.35541534423828, 29.898956298828125]",0.7724341154098511,1
7828,230618_4-1-3.tif,"[1710.0409545898438, 276.7702941894531, 24.148834228515625, 36.01904296875]",0.7718439698219299,1
7829,230618_4-1-3.tif,"[5965.3765869140625, 4323.386688232422, 39.9998779296875, 19.739288330078125]",0.7717402577400208,1
7830,230618_4-1-3.tif,"[8034.815246582031, 1481.042724609375, 29.6090087890625, 27.4739990234375]",0.7709599137306213,1
7831,230618_4-1-3.tif,"[2659.9152221679688, 767.1209716796875, 18.68170166015625, 36.1048583984375]",0.7708427309989929,1
7832,230618_4-1-3.tif,"[9075.458923339844, 2367.7407836914062, 43.024658203125, 21.9259033203125]",0.7704303860664368,1
7833,230618_4-1-3.tif,"[6537.324401855469, 4577.650848388672, 43.6842041015625, 20.96490478515625]",0.7702277302742004,1
7834,230618_4-1-3.tif,"[6785.535583496094, 4033.6844482421875, 26.621337890625, 32.087158203125]",0.7700082659721375,1
7835,230618_4-1-3.tif,"[6742.077178955078, 4757.382049560547, 32.412017822265625, 19.303009033203125]",0.7696129679679871,1
7836,230618_4-1-3.tif,"[9226.197521209717, 2497.7341918945312, 43.0093879699707, 19.2978515625]",0.7692644596099854,1
7837,230618_4-1-3.tif,"[1645.1409912109375, 400.79840087890625, 19.337814331054688, 44.109375]",0.7688691020011902,1
7838,230618_4-1-3.tif,"[7021.681884765625, 51.5622673034668, 26.739990234375, 31.974002838134766]",0.7687772512435913,1
7839,230618_4-1-3.tif,"[2059.244873046875, 1180.0198974609375, 18.134531021118164, 34.989288330078125]",0.7685717344284058,1
7840,230618_4-1-3.tif,"[6291.4713134765625, 4833.713073730469, 28.9521484375, 32.13153076171875]",0.7685081362724304,1
7841,230618_4-1-3.tif,"[1818.1874084472656, 601.2372055053711, 23.37982177734375, 31.505714416503906]",0.7679360508918762,1
7842,230618_4-1-3.tif,"[8090.010681152344, 2354.4527587890625, 30.36474609375, 22.17242431640625]",0.7670783996582031,1
7843,230618_4-1-3.tif,"[9660.716918945312, 2365.3269653320312, 24.13470458984375, 16.146240234375]",0.766506016254425,1
7844,230618_4-1-3.tif,"[9866.991241455078, 2.2069835662841797, 23.205780029296875, 28.250362396240234]",0.7661368250846863,1
7845,230618_4-1-3.tif,"[6583.634521484375, 2134.5555419921875, 37.73388671875, 19.57769775390625]",0.7660129070281982,1
7846,230618_4-1-3.tif,"[8103.854309082031, 1136.4039306640625, 36.54510498046875, 16.376434326171875]",0.7659238576889038,1
7847,230618_4-1-3.tif,"[9513.73876953125, 153.03631591796875, 35.47552490234375, 19.159759521484375]",0.7658777236938477,1
7848,230618_4-1-3.tif,"[6731.063903808594, 4286.904632568359, 21.610748291015625, 45.9791259765625]",0.7656234502792358,1
7849,230618_4-1-3.tif,"[7222.2752685546875, 4493.217224121094, 18.52880859375, 40.29364013671875]",0.7652039527893066,1
7850,230618_4-1-3.tif,"[3990.421875, 1609.4566650390625, 32.316162109375, 20.42578125]",0.7651037573814392,1
7851,230618_4-1-3.tif,"[5158.436767578125, 2015.1309814453125, 19.8018798828125, 40.188720703125]",0.7649104595184326,1
7852,230618_4-1-3.tif,"[1086.7983093261719, 3304.4429931640625, 26.650970458984375, 25.147705078125]",0.7647802829742432,1
7853,230618_4-1-3.tif,"[6993.981719970703, 244.84356689453125, 15.944580078125, 41.3148193359375]",0.764525830745697,1
7854,230618_4-1-3.tif,"[6584.784149169922, 8930.818740844727, 32.822265625, 26.441253662109375]",0.7640427947044373,1
7855,230618_4-1-3.tif,"[6973.3017578125, 1819.2693176269531, 35.333984375, 18.30133056640625]",0.7637441754341125,1
7856,230618_4-1-3.tif,"[7352.190689086914, 400.4955749511719, 34.299346923828125, 19.9149169921875]",0.7637232542037964,1
7857,230618_4-1-3.tif,"[7096.471130371094, 2523.4925537109375, 28.5411376953125, 24.0767822265625]",0.7632313370704651,1
7858,230618_4-1-3.tif,"[9557.18212890625, 250.62474060058594, 21.065185546875, 37.13185119628906]",0.7629846930503845,1
7859,230618_4-1-3.tif,"[6224.950958251953, 3937.0184936523438, 41.552825927734375, 21.54608154296875]",0.7617394924163818,1
7860,230618_4-1-3.tif,"[5921.744415283203, 1861.5834350585938, 22.03643798828125, 30.3109130859375]",0.761665940284729,1
7861,230618_4-1-3.tif,"[1545.6986083984375, 188.56875610351562, 23.1339111328125, 43.02960205078125]",0.7608553171157837,1
7862,230618_4-1-3.tif,"[8345.307159423828, 1294.9300537109375, 34.31927490234375, 18.8663330078125]",0.7604340314865112,1
7863,230618_4-1-3.tif,"[2785.9256286621094, 784.8233337402344, 33.72900390625, 23.81439208984375]",0.7598310708999634,1
7864,230618_4-1-3.tif,"[9376.739654541016, 2811.0731811523438, 34.78399658203125, 22.1546630859375]",0.758855402469635,1
7865,230618_4-1-3.tif,"[5777.708831787109, 4202.641311645508, 23.80712890625, 34.61479187011719]",0.7579865455627441,1
7866,230618_4-1-3.tif,"[9371.353576660156, 3231.9014282226562, 43.31494140625, 18.8377685546875]",0.7569168210029602,1
7867,230618_4-1-3.tif,"[3786.800247192383, 1747.7174072265625, 40.0130615234375, 19.026336669921875]",0.7567896246910095,1
7868,230618_4-1-3.tif,"[6900.919097900391, 3983.3953857421875, 33.73828125, 23.5140380859375]",0.7564622163772583,1
7869,230618_4-1-3.tif,"[4421.156219482422, 1619.336669921875, 39.832489013671875, 18.7242431640625]",0.7562540173530579,1
7870,230618_4-1-3.tif,"[4475.6912841796875, 1674.4525756835938, 21.58392333984375, 34.248077392578125]",0.756177544593811,1
7871,230618_4-1-3.tif,"[7142.8590087890625, 399.9134216308594, 26.5216064453125, 31.60211181640625]",0.7560421228408813,1
7872,230618_4-1-3.tif,"[6508.732177734375, 4386.246368408203, 20.83209228515625, 38.07550048828125]",0.7553749084472656,1
7873,230618_4-1-3.tif,"[8655.04281616211, 1636.3223876953125, 28.99847412109375, 17.082275390625]",0.7552631497383118,1
7874,230618_4-1-3.tif,"[5984.445739746094, 4628.970642089844, 19.924591064453125, 39.0633544921875]",0.7545400261878967,1
7875,230618_4-1-3.tif,"[5980.816619873047, 1630.8941650390625, 16.102294921875, 28.9794921875]",0.7544052004814148,1
7876,230618_4-1-3.tif,"[5735.120910644531, 4319.322021484375, 31.930938720703125, 31.9339599609375]",0.753994882106781,1
7877,230618_4-1-3.tif,"[7463.86328125, 1082.6598510742188, 18.085113525390625, 37.1685791015625]",0.7538303136825562,1
7878,230618_4-1-3.tif,"[7074.546325683594, 4468.52099609375, 45.8936767578125, 20.875244140625]",0.7537912130355835,1
7879,230618_4-1-3.tif,"[6458.8175048828125, 2758.5067749023438, 20.82958984375, 26.890899658203125]",0.7534303665161133,1
7880,230618_4-1-3.tif,"[6138.3695068359375, 2852.6301879882812, 17.74489116668701, 36.9224853515625]",0.7533462047576904,1
7881,230618_4-1-3.tif,"[6388.143096923828, 4882.483703613281, 22.184326171875, 38.8077392578125]",0.7530416250228882,1
7882,230618_4-1-3.tif,"[1260.8565368652344, 5743.960311889648, 26.65740966796875, 40.479705810546875]",0.7527788877487183,1
7883,230618_4-1-3.tif,"[5864.975067138672, 4558.080902099609, 17.01458740234375, 36.13409423828125]",0.7516032457351685,1
7884,230618_4-1-3.tif,"[7364.454040527344, 2126.45556640625, 38.66607666015625, 35.74462890625]",0.7512555122375488,1
7885,230618_4-1-3.tif,"[7005.893737792969, 4448.3787841796875, 20.2916259765625, 43.8587646484375]",0.7509778141975403,1
7886,230618_4-1-3.tif,"[7959.839813232422, 1636.44091796875, 16.3975830078125, 30.207366943359375]",0.750844419002533,1
7887,230618_4-1-3.tif,"[8473.786987304688, 3207.7683715820312, 22.88519287109375, 33.13861083984375]",0.7508381605148315,1
7888,230618_4-1-3.tif,"[5747.072509765625, 3273.4324340820312, 30.487762451171875, 27.38372802734375]",0.7501320242881775,1
7889,230618_4-1-3.tif,"[6390.684677124023, 2867.2006225585938, 20.475601196289062, 30.5418701171875]",0.7498223185539246,1
7890,230618_4-1-3.tif,"[6394.536407470703, 1437.3495178222656, 34.3531494140625, 17.14288330078125]",0.7494773864746094,1
7891,230618_4-1-3.tif,"[5495.8623046875, 2306.6282958984375, 21.36083984375, 22.030517578125]",0.7489075660705566,1
7892,230618_4-1-3.tif,"[8143.903411865234, 886.532958984375, 24.26019287109375, 51.488525390625]",0.7488666772842407,1
7893,230618_4-1-3.tif,"[6258.8343505859375, 2747.150848388672, 33.04478454589844, 21.54351806640625]",0.7488049268722534,1
7894,230618_4-1-3.tif,"[7981.216156005859, 3449.5868225097656, 22.6173095703125, 31.603759765625]",0.7485060095787048,1
7895,230618_4-1-3.tif,"[8732.426086425781, 2443.601318359375, 33.07684326171875, 29.38031005859375]",0.7484930753707886,1
7896,230618_4-1-3.tif,"[6572.622100830078, 4763.964294433594, 40.67181396484375, 18.246734619140625]",0.7478346824645996,1
7897,230618_4-1-3.tif,"[5090.4464111328125, 2152.0895080566406, 18.83489990234375, 33.407470703125]",0.7473034262657166,1
7898,230618_4-1-3.tif,"[6620.200622558594, 2956.9747924804688, 24.606689453125, 34.907958984375]",0.7459908127784729,1
7899,230618_4-1-3.tif,"[8890.691009521484, 1551.4614524841309, 20.701934814453125, 32.71635055541992]",0.7457048296928406,1
7900,230618_4-1-3.tif,"[7293.950668334961, 719.0633850097656, 18.97454833984375, 33.61676025390625]",0.7454943060874939,1
7901,230618_4-1-3.tif,"[6320.895812988281, 4202.231292724609, 25.0931396484375, 33.800048828125]",0.7450436353683472,1
7902,230618_4-1-3.tif,"[1943.6625366210938, 1140.76953125, 45.8037109375, 31.949630737304688]",0.745038628578186,1
7903,230618_4-1-3.tif,"[3294.9794311523438, 7218.678634643555, 22.612930297851562, 37.76655578613281]",0.7449895143508911,1
7904,230618_4-1-3.tif,"[5237.467910766602, 3346.493896484375, 21.33087158203125, 34.87579345703125]",0.744311511516571,1
7905,230618_4-1-3.tif,"[8164.814453125, 2114.0651245117188, 47.851070404052734, 22.31982421875]",0.7439146637916565,1
7906,230618_4-1-3.tif,"[3516.232147216797, 1199.5496368408203, 18.4183349609375, 47.346710205078125]",0.7437106370925903,1
7907,230618_4-1-3.tif,"[4178.979461669922, 1650.257553100586, 35.824981689453125, 16.362564086914062]",0.7436824440956116,1
7908,230618_4-1-3.tif,"[6439.742462158203, 5062.338226318359, 36.794921875, 23.45611572265625]",0.7433637976646423,1
7909,230618_4-1-3.tif,"[8112.911376953125, 3473.5838928222656, 27.9078369140625, 20.96160888671875]",0.7433152198791504,1
7910,230618_4-1-3.tif,"[8121.345703125, 3738.8914794921875, 17.6981201171875, 31.43267822265625]",0.7427348494529724,1
7911,230618_4-1-3.tif,"[5749.7491455078125, 4879.47607421875, 25.159088134765625, 50.03948974609375]",0.7411514520645142,1
7912,230618_4-1-3.tif,"[7041.395568847656, 479.43231201171875, 20.147216796875, 26.189208984375]",0.7407978177070618,1
7913,230618_4-1-3.tif,"[7903.389465332031, 3384.7102966308594, 39.1729736328125, 20.77557373046875]",0.7397163510322571,1
7914,230618_4-1-3.tif,"[8028.3021240234375, 641.12158203125, 16.0157470703125, 37.407470703125]",0.739573061466217,1
7915,230618_4-1-3.tif,"[1557.6704711914062, 907.6729125976562, 30.34302520751953, 33.7213134765625]",0.7376837134361267,1
7916,230618_4-1-3.tif,"[6080.936737060547, 4766.975921630859, 30.80487060546875, 25.83544921875]",0.7369604110717773,1
7917,230618_4-1-3.tif,"[5318.402267456055, 3615.218994140625, 36.00469970703125, 25.280517578125]",0.7368116974830627,1
7918,230618_4-1-3.tif,"[7780.95263671875, 2140.4541778564453, 35.27947998046875, 19.60137939453125]",0.736611008644104,1
7919,230618_4-1-3.tif,"[6032.2388916015625, 3145.1521759033203, 35.4788818359375, 24.514724731445312]",0.7358596920967102,1
7920,230618_4-1-3.tif,"[4897.238708496094, 1919.2245483398438, 24.0015869140625, 39.1695556640625]",0.7355172038078308,1
7921,230618_4-1-3.tif,"[9736.731323242188, 2012.5857543945312, 45.30322265625, 19.85162353515625]",0.7352858185768127,1
7922,230618_4-1-3.tif,"[8280.252410888672, 849.3844604492188, 17.491928100585938, 32.9583740234375]",0.7352083325386047,1
7923,230618_4-1-3.tif,"[5264.338790893555, 2515.8135986328125, 41.1575927734375, 17.5950927734375]",0.7346253991127014,1
7924,230618_4-1-3.tif,"[7271.01237487793, 1828.4651184082031, 43.254119873046875, 20.7039794921875]",0.7343689203262329,1
7925,230618_4-1-3.tif,"[1532.6737670898438, 344.5462646484375, 38.4268798828125, 17.14910888671875]",0.7342982292175293,1
7926,230618_4-1-3.tif,"[5995.515045166016, 4033.4537963867188, 39.00311279296875, 20.749755859375]",0.7338376045227051,1
7927,230618_4-1-3.tif,"[7815.720550537109, 883.447509765625, 22.454620361328125, 27.5318603515625]",0.7338296175003052,1
7928,230618_4-1-3.tif,"[6102.625183105469, 404.63861083984375, 38.46728515625, 20.1544189453125]",0.7330970168113708,1
7929,230618_4-1-3.tif,"[6793.1522216796875, 4792.636810302734, 27.068572998046875, 30.061126708984375]",0.7329264879226685,1
7930,230618_4-1-3.tif,"[3834.320770263672, 4658.262390136719, 34.71142578125, 17.749755859375]",0.7325425148010254,1
7931,230618_4-1-3.tif,"[6344.227783203125, 4991.6297607421875, 34.443603515625, 18.2412109375]",0.7311729192733765,1
7932,230618_4-1-3.tif,"[5893.807830810547, 4671.008392333984, 27.747283935546875, 34.838775634765625]",0.7301979660987854,1
7933,230618_4-1-3.tif,"[5979.948181152344, 3447.6839904785156, 30.1671142578125, 34.94482421875]",0.729898989200592,1
7934,230618_4-1-3.tif,"[5601.584899902344, 4357.318176269531, 37.594482421875, 23.75244140625]",0.7296366095542908,1
7935,230618_4-1-3.tif,"[6258.033142089844, 4103.549987792969, 25.470123291015625, 35.177799224853516]",0.7288631200790405,1
7936,230618_4-1-3.tif,"[5816.067352294922, 2360.1011657714844, 17.266937255859375, 41.78369140625]",0.7284335494041443,1
7937,230618_4-1-3.tif,"[6253.622619628906, 3484.716552734375, 22.686782836914062, 37.45904541015625]",0.7279597520828247,1
7938,230618_4-1-3.tif,"[9506.039794921875, 1303.8326721191406, 19.2353515625, 37.84637451171875]",0.7271813154220581,1
7939,230618_4-1-3.tif,"[6484.712646484375, 5003.466125488281, 24.58917236328125, 30.8536376953125]",0.7269220948219299,1
7940,230618_4-1-3.tif,"[6788.718841552734, 184.52896118164062, 27.32257080078125, 32.57171630859375]",0.726683497428894,1
7941,230618_4-1-3.tif,"[5950.746307373047, 4115.383544921875, 35.0172119140625, 22.3897705078125]",0.7256145477294922,1
7942,230618_4-1-3.tif,"[6933.994964599609, 3481.6107788085938, 18.07977294921875, 37.5648193359375]",0.7252305150032043,1
7943,230618_4-1-3.tif,"[6366.198913574219, 4613.157409667969, 21.946640014648438, 37.762855529785156]",0.7250492572784424,1
7944,230618_4-1-3.tif,"[9721.6201171875, 2086.080047607422, 37.75970458984375, 17.690948486328125]",0.7239102721214294,1
7945,230618_4-1-3.tif,"[3814.313232421875, 5556.4599609375, 143.559326171875, 226.75146484375]",0.723732590675354,1
7946,230618_4-1-3.tif,"[6019.102966308594, 4681.9754638671875, 48.2032470703125, 24.30859375]",0.7226206660270691,1
7947,230618_4-1-3.tif,"[4269.088150024414, 2379.2904052734375, 23.54339599609375, 36.75537109375]",0.7225973010063171,1
7948,230618_4-1-3.tif,"[6479.884460449219, 4857.4591064453125, 27.818603515625, 32.13897705078125]",0.7215774059295654,1
7949,230618_4-1-3.tif,"[6854.001968383789, 3691.1876831054688, 19.126235961914062, 42.12811279296875]",0.721540093421936,1
7950,230618_4-1-3.tif,"[6532.583435058594, 5137.2572021484375, 17.20880126953125, 40.00048828125]",0.7213084697723389,1
7951,230618_4-1-3.tif,"[8885.595275878906, 3852.2609252929688, 29.65777587890625, 24.85467529296875]",0.7209368944168091,1
7952,230618_4-1-3.tif,"[6286.236343383789, 1058.5091552734375, 21.438079833984375, 31.584716796875]",0.7202851176261902,1
7953,230618_4-1-3.tif,"[5838.472122192383, 5016.0172119140625, 26.94818115234375, 32.553466796875]",0.7189455628395081,1
7954,230618_4-1-3.tif,"[7443.477478027344, 844.6480712890625, 35.09930419921875, 18.75048828125]",0.7188540697097778,1
7955,230618_4-1-3.tif,"[2538.1276245117188, 661.8091125488281, 27.79521894454956, 35.25492858886719]",0.7185981869697571,1
7956,230618_4-1-3.tif,"[9484.903686523438, 3441.52880859375, 16.6842041015625, 42.9259033203125]",0.7182172536849976,1
7957,230618_4-1-3.tif,"[6789.826721191406, 3028.723876953125, 14.8616943359375, 27.8680419921875]",0.7176053524017334,1
7958,230618_4-1-3.tif,"[5976.3338623046875, 4255.100387573242, 24.54888916015625, 32.135986328125]",0.7171800136566162,1
7959,230618_4-1-3.tif,"[5880.798767089844, 3513.797607421875, 33.51654052734375, 30.580078125]",0.7170026302337646,1
7960,230618_4-1-3.tif,"[7924.786468505859, 2205.4927368164062, 26.81304931640625, 21.261749267578125]",0.7169134020805359,1
7961,230618_4-1-3.tif,"[797.9796752929688, 161.56509399414062, 21.73590087890625, 34.791015625]",0.716127336025238,1
7962,230618_4-1-3.tif,"[8280.848876953125, 3640.7386474609375, 46.41844177246094, 22.56103515625]",0.7152494192123413,1
7963,230618_4-1-3.tif,"[6106.2838134765625, 1561.9603271484375, 35.86773681640625, 23.098373413085938]",0.7144474983215332,1
7964,230618_4-1-3.tif,"[3516.9114990234375, 7470.032897949219, 26.93017578125, 40.6070556640625]",0.7140027284622192,1
7965,230618_4-1-3.tif,"[5016.621063232422, 1941.4093017578125, 23.313232421875, 46.94732666015625]",0.7135988473892212,1
7966,230618_4-1-3.tif,"[7279.058349609375, 628.2493896484375, 34.033721923828125, 27.41265869140625]",0.7125459909439087,1
7967,230618_4-1-3.tif,"[6077.216735839844, 3167.6578216552734, 28.94769287109375, 32.525665283203125]",0.7112714052200317,1
7968,230618_4-1-3.tif,"[7149.646728515625, 4227.611145019531, 22.502685546875, 38.20831298828125]",0.7094148397445679,1
7969,230618_4-1-3.tif,"[4935.652069091797, 1150.073585510254, 31.892578125, 22.04875946044922]",0.7090976238250732,1
7970,230618_4-1-3.tif,"[5433.842132568359, 2848.6455993652344, 29.62646484375, 31.288818359375]",0.7083379626274109,1
7971,230618_4-1-3.tif,"[6457.261901855469, 5120.1485595703125, 17.995361328125, 41.656005859375]",0.7074223160743713,1
7972,230618_4-1-3.tif,"[2032.568115234375, 436.7244873046875, 17.4901123046875, 30.35546875]",0.7058022618293762,1
7973,230618_4-1-3.tif,"[8721.862243652344, 823.6639709472656, 17.7791748046875, 23.54925537109375]",0.7046349048614502,1
7974,230618_4-1-3.tif,"[6656.298034667969, 3179.5028686523438, 27.9068603515625, 40.318328857421875]",0.703277051448822,1
7975,230618_4-1-3.tif,"[5714.67578125, 4602.408142089844, 26.358642578125, 51.5565185546875]",0.7018318772315979,1
7976,230618_4-1-3.tif,"[6037.675720214844, 4606.9920654296875, 23.190673828125, 36.86748504638672]",0.7000234723091125,1
7977,230618_4-1-3.tif,"[6844.658111572266, 1986.0452880859375, 26.1685791015625, 21.6435546875]",0.6998918056488037,1
7978,230618_4-1-3.tif,"[8780.427001953125, 2624.449981689453, 39.2791748046875, 19.328216552734375]",0.6994737982749939,1
7979,230618_4-1-3.tif,"[7225.111083984375, 1998.8408813476562, 16.219619750976562, 36.573974609375]",0.6957508325576782,1
7980,230618_4-1-3.tif,"[8290.989486694336, 1394.5650634765625, 19.06219482421875, 38.4581298828125]",0.6954556703567505,1
7981,230618_4-1-3.tif,"[1816.0186157226562, 1028.3738975524902, 29.04156494140625, 26.943218231201172]",0.6947077512741089,1
7982,230618_4-1-3.tif,"[7767.683609008789, 3640.0885009765625, 34.75187683105469, 28.7706298828125]",0.6928604245185852,1
7983,230618_4-1-3.tif,"[1766.0947723388672, 5812.710662841797, 17.69305419921875, 39.5521240234375]",0.6924088597297668,1
7984,230618_4-1-3.tif,"[7695.3150634765625, 1669.526351928711, 16.872314453125, 31.982559204101562]",0.6902391314506531,1
7985,230618_4-1-3.tif,"[6852.929748535156, 1273.1295318603516, 30.3553466796875, 39.71226501464844]",0.6897033452987671,1
7986,230618_4-1-3.tif,"[8443.70669555664, 3717.0491943359375, 43.00567626953125, 22.10540771484375]",0.6892855167388916,1
7987,230618_4-1-3.tif,"[4980.233551025391, 436.0842590332031, 38.83746337890625, 16.3983154296875]",0.6866212487220764,1
7988,230618_4-1-3.tif,"[7608.367950439453, 4536.306915283203, 26.8076171875, 33.23419189453125]",0.6863843202590942,1
7989,230618_4-1-3.tif,"[9648.848510742188, 3474.037139892578, 17.66632080078125, 32.133056640625]",0.6863415241241455,1
7990,230618_4-1-3.tif,"[1537.0038356781006, 573.3494873046875, 21.909616470336914, 47.276123046875]",0.6856136918067932,1
7991,230618_4-1-3.tif,"[1763.4049987792969, 531.4660034179688, 38.31671142578125, 34.6318359375]",0.68543541431427,1
7992,230618_4-1-3.tif,"[6652.742218017578, 4501.238098144531, 18.774995803833008, 42.04156494140625]",0.6851989030838013,1
7993,230618_4-1-3.tif,"[8206.400825500488, 985.4190063476562, 16.267425537109375, 29.10955810546875]",0.6851019859313965,1
7994,230618_4-1-3.tif,"[5912.789611816406, 4172.1141357421875, 31.43939208984375, 27.67529296875]",0.6832440495491028,1
7995,230618_4-1-3.tif,"[6313.0255126953125, 1660.9780654907227, 19.1895751953125, 32.21654510498047]",0.6830572485923767,1
7996,230618_4-1-3.tif,"[6016.63330078125, 0.052032470703125, 16.8765869140625, 19.098281860351562]",0.6815986633300781,1
7997,230618_4-1-3.tif,"[9116.767028808594, 1234.4969482421875, 33.16241455078125, 20.477783203125]",0.680903434753418,1
7998,230618_4-1-3.tif,"[7144.1031494140625, 3823.5593872070312, 20.2039794921875, 40.3941650390625]",0.6805750131607056,1
7999,230618_4-1-3.tif,"[6239.9276123046875, 4942.194641113281, 35.61822509765625, 39.43743896484375]",0.6804409027099609,1
8000,230618_4-1-3.tif,"[8054.204833984375, 0.0, 29.7113037109375, 20.020122528076172]",0.6799711585044861,1
8001,230618_4-1-3.tif,"[6652.373382568359, 3774.202865600586, 28.174102783203125, 31.116500854492188]",0.6790735125541687,1
8002,230618_4-1-3.tif,"[2122.584228515625, 670.3746643066406, 20.9454345703125, 34.9840087890625]",0.6790463924407959,1
8003,230618_4-1-3.tif,"[7130.967834472656, 2222.362991333008, 33.572509765625, 24.821044921875]",0.6777255535125732,1
8004,230618_4-1-3.tif,"[5977.2105712890625, 4553.520202636719, 44.3018798828125, 21.5501708984375]",0.6773074269294739,1
8005,230618_4-1-3.tif,"[6088.603759765625, 1190.001708984375, 21.92962646484375, 49.4879150390625]",0.6771557331085205,1
8006,230618_4-1-3.tif,"[8760.236766815186, 3791.2992248535156, 19.447574615478516, 45.438323974609375]",0.6770604252815247,1
8007,230618_4-1-3.tif,"[9955.911987304688, 899.0640258789062, 18.142578125, 29.8594970703125]",0.6765842437744141,1
8008,230618_4-1-3.tif,"[6645.109924316406, 3848.9540405273438, 34.7462158203125, 31.4603271484375]",0.6759960055351257,1
8009,230618_4-1-3.tif,"[7367.105133056641, 4291.625274658203, 21.90863037109375, 40.28076171875]",0.675658643245697,1
8010,230618_4-1-3.tif,"[8768.027709960938, 1922.8831176757812, 34.132080078125, 23.6063232421875]",0.6727569699287415,1
8011,230618_4-1-3.tif,"[7352.472259521484, 1930.1676025390625, 30.8917236328125, 17.166259765625]",0.6711495518684387,1
8012,230618_4-1-3.tif,"[8609.60107421875, 2938.7100830078125, 26.6658935546875, 27.0284423828125]",0.6710323691368103,1
8013,230618_4-1-3.tif,"[1272.2503356933594, 6448.335723876953, 34.9764404296875, 19.55377197265625]",0.6706507205963135,1
8014,230618_4-1-3.tif,"[5787.109802246094, 4506.588531494141, 24.141357421875, 39.49853515625]",0.6703750491142273,1
8015,230618_4-1-3.tif,"[9088.651794433594, 3939.6685791015625, 37.3017578125, 33.03515625]",0.6698985695838928,1
8016,230618_4-1-3.tif,"[7565.903015136719, 2695.3673400878906, 39.02032470703125, 20.7291259765625]",0.6693724393844604,1
8017,230618_4-1-3.tif,"[8381.69760131836, 2154.0609130859375, 20.0521240234375, 28.158554077148438]",0.6679199934005737,1
8018,230618_4-1-3.tif,"[4977.206298828125, 1652.698341369629, 22.12591552734375, 59.02855682373047]",0.6637594699859619,1
8019,230618_4-1-3.tif,"[8568.881713867188, 3795.005584716797, 20.05322265625, 28.90093994140625]",0.662251889705658,1
8020,230618_4-1-3.tif,"[6335.976867675781, 3324.1477661132812, 51.77880859375, 26.987548828125]",0.6622388362884521,1
8021,230618_4-1-3.tif,"[9147.294128417969, 1228.2256164550781, 41.2529296875, 19.20526123046875]",0.660539448261261,1
8022,230618_4-1-3.tif,"[5773.454162597656, 4451.992248535156, 36.99267578125, 18.87799072265625]",0.6600417494773865,1
8023,230618_4-1-3.tif,"[6522.7542724609375, 3898.5570068359375, 31.859619140625, 29.0208740234375]",0.6598194241523743,1
8024,230618_4-1-3.tif,"[2152.3169860839844, 987.9809875488281, 24.52337646484375, 35.5750732421875]",0.6598111391067505,1
8025,230618_4-1-3.tif,"[2443.9891967773438, 627.468505859375, 21.4556884765625, 45.401580810546875]",0.6594019532203674,1
8026,230618_4-1-3.tif,"[7964.864196777344, 3395.1524658203125, 23.3544921875, 30.8885498046875]",0.6589639186859131,1
8027,230618_4-1-3.tif,"[7638.996307373047, 3286.9822387695312, 25.830078125, 33.198974609375]",0.657697319984436,1
8028,230618_4-1-3.tif,"[6164.6740798950195, 4747.0172119140625, 46.918006896972656, 36.74017333984375]",0.6573727130889893,1
8029,230618_4-1-3.tif,"[7713.75016784668, 2206.7225646972656, 48.66808319091797, 23.192352294921875]",0.6560841798782349,1
8030,230618_4-1-3.tif,"[9972.682250976562, 3535.160125732422, 25.6845703125, 28.9278564453125]",0.65276038646698,1
8031,230618_4-1-3.tif,"[6147.670244216919, 171.35858154296875, 19.750410079956055, 15.8760986328125]",0.6524242162704468,1
8032,230618_4-1-3.tif,"[6075.917419433594, 2888.5264282226562, 34.3004150390625, 23.7991943359375]",0.6521512866020203,1
8033,230618_4-1-3.tif,"[5876.46044921875, 2612.04296875, 27.527587890625, 32.277099609375]",0.6520224809646606,1
8034,230618_4-1-3.tif,"[4895.53564453125, 2096.097412109375, 36.574737548828125, 20.778846740722656]",0.649703860282898,1
8035,230618_4-1-3.tif,"[6250.052917480469, 3284.346221923828, 24.768341064453125, 35.947906494140625]",0.6484746336936951,1
8036,230618_4-1-3.tif,"[2793.3387145996094, 843.3485717773438, 14.617034912109375, 33.129150390625]",0.6472398638725281,1
8037,230618_4-1-3.tif,"[4914.512145996094, 1047.9970703125, 24.556640625, 51.0958251953125]",0.6463904976844788,1
8038,230618_4-1-3.tif,"[1860.4368591308594, 345.11041259765625, 25.324462890625, 48.787841796875]",0.6450559496879578,1
8039,230618_4-1-3.tif,"[7754.242454528809, 256.056396484375, 17.289825439453125, 32.6566162109375]",0.6404617428779602,1
8040,230618_4-1-3.tif,"[7962.085388183594, 3612.6077880859375, 16.7996826171875, 32.3111572265625]",0.6399669051170349,1
8041,230618_4-1-3.tif,"[5543.994567871094, 2648.1458740234375, 35.85400390625, 35.35595703125]",0.6389012932777405,1
8042,230618_4-1-3.tif,"[7253.416328430176, 282.20635986328125, 18.78215789794922, 31.09234619140625]",0.6371825933456421,1
8043,230618_4-1-3.tif,"[9766.791625976562, 1899.9411010742188, 28.4683837890625, 23.88140869140625]",0.6365258693695068,1
8044,230618_4-1-3.tif,"[7180.380859375, 603.80078125, 14.9432373046875, 36.189178466796875]",0.635591447353363,1
8045,230618_4-1-3.tif,"[7415.660675048828, 877.300537109375, 30.78900146484375, 19.01763916015625]",0.6335271596908569,1
8046,230618_4-1-3.tif,"[6620.55419921875, 1760.5166931152344, 24.3121337890625, 37.537200927734375]",0.6320213079452515,1
8047,230618_4-1-3.tif,"[5964.7147216796875, 4910.175750732422, 42.46514892578125, 21.36529541015625]",0.6295766830444336,1
8048,230618_4-1-3.tif,"[7613.904541015625, 2513.7069396972656, 29.50079345703125, 23.68017578125]",0.6261726021766663,1
8049,230618_4-1-3.tif,"[6606.65869140625, 4648.1728515625, 45.7216796875, 29.846923828125]",0.6253427863121033,1
8050,230618_4-1-3.tif,"[4791.572937011719, 571.8858032226562, 23.297210693359375, 26.3206787109375]",0.6250618100166321,1
8051,230618_4-1-3.tif,"[8041.432678222656, 1298.447998046875, 27.9393310546875, 27.47320556640625]",0.6250240802764893,1
8052,230618_4-1-3.tif,"[6512.395263671875, 207.777099609375, 36.9500732421875, 18.25323486328125]",0.6237437725067139,1
8053,230618_4-1-3.tif,"[6970.053802490234, 4515.109466552734, 31.327392578125, 26.95953369140625]",0.6234173774719238,1
8054,230618_4-1-3.tif,"[3632.5771484375, 1250.824951171875, 22.8876953125, 57.846923828125]",0.6230541467666626,1
8055,230618_4-1-3.tif,"[514.4969177246094, 2437.6170043945312, 33.312042236328125, 17.9046630859375]",0.6227310299873352,1
8056,230618_4-1-3.tif,"[7037.003631591797, 3451.683349609375, 20.536376953125, 41.1727294921875]",0.6214870810508728,1
8057,230618_4-1-3.tif,"[6129.326446533203, 3464.10498046875, 38.44468688964844, 30.3114013671875]",0.6208903789520264,1
8058,230618_4-1-3.tif,"[9464.813446044922, 3802.0416259765625, 32.61146545410156, 41.4864501953125]",0.6180437803268433,1
8059,230618_4-1-3.tif,"[7592.623229980469, 834.6303100585938, 39.9576416015625, 18.9842529296875]",0.6162607073783875,1
8060,230618_4-1-3.tif,"[2279.410614013672, 557.3019523620605, 17.83673095703125, 48.19243240356445]",0.6132963299751282,1
8061,230618_4-1-3.tif,"[8696.099853515625, 3732.2588500976562, 15.175537109375, 24.41864013671875]",0.6132917404174805,1
8062,230618_4-1-3.tif,"[4041.169921875, 6084.860534667969, 22.4107666015625, 34.4639892578125]",0.6131544709205627,1
8063,230618_4-1-3.tif,"[6892.396209716797, 4706.014465332031, 21.43853759765625, 40.78639221191406]",0.6124588251113892,1
8064,230618_4-1-3.tif,"[6548.611419677734, 479.49298095703125, 28.01458740234375, 23.3526611328125]",0.6118319034576416,1
8065,230618_4-1-3.tif,"[3801.0484924316406, 0.12534809112548828, 14.969970703125, 8.677508354187012]",0.610305905342102,1
8066,230618_4-1-3.tif,"[2658.501953125, 917.1944885253906, 31.86859130859375, 30.146331787109375]",0.6101271510124207,1
8067,230618_4-1-3.tif,"[8164.318420410156, 1042.0302734375, 36.7667236328125, 20.61865234375]",0.6086949110031128,1
8068,230618_4-1-3.tif,"[6315.662170410156, 3203.3356018066406, 28.575531005859375, 47.541748046875]",0.6075103282928467,1
8069,230618_4-1-3.tif,"[9797.114013671875, 2505.733917236328, 17.411376953125, 41.89599609375]",0.6052778363227844,1
8070,230618_4-1-3.tif,"[6381.895202636719, 716.023193359375, 24.167266845703125, 44.69012451171875]",0.6015205979347229,1
8071,230618_4-1-3.tif,"[6834.1844482421875, 4006.5332641601562, 49.3466796875, 41.405517578125]",0.6006143689155579,1
8072,230618_4-1-3.tif,"[4449.095397949219, 6512.061676025391, 23.5146484375, 29.18804931640625]",0.5986868739128113,1
8073,230618_4-1-3.tif,"[7999.872375488281, 3712.105972290039, 18.1602783203125, 36.793060302734375]",0.5977436304092407,1
8074,230618_4-1-3.tif,"[3278.359085083008, 1197.9943542480469, 22.632415771484375, 30.753173828125]",0.5937114953994751,1
8075,230618_4-1-3.tif,"[5966.882263183594, 819.28271484375, 14.103515625, 19.14544677734375]",0.5916891694068909,1
8076,230618_4-1-3.tif,"[4323.984222412109, 464.2255859375, 38.62408447265625, 23.0728759765625]",0.5913702845573425,1
8077,230618_4-1-3.tif,"[6818.076416015625, 3936.083251953125, 34.370361328125, 39.2479248046875]",0.5910203456878662,1
8078,230618_4-1-3.tif,"[7104.327423095703, 80.85836791992188, 18.4031982421875, 25.5516357421875]",0.5908082723617554,1
8079,230618_4-1-3.tif,"[3579.9680786132812, 684.8198547363281, 16.909912109375, 33.66046142578125]",0.5906117558479309,1
8080,230618_4-1-3.tif,"[7005.2637939453125, 1533.3582763671875, 17.15643310546875, 55.85595703125]",0.5899134278297424,1
8081,230618_4-1-3.tif,"[7584.6029052734375, 472.45050048828125, 19.9241943359375, 28.9864501953125]",0.5888875126838684,1
8082,230618_4-1-3.tif,"[8736.717239379883, 3838.198944091797, 34.58323669433594, 31.288818359375]",0.5879702568054199,1
8083,230618_4-1-3.tif,"[6330.653625488281, 4702.386444091797, 27.5845947265625, 38.202728271484375]",0.5877392888069153,1
8084,230618_4-1-3.tif,"[9518.06787109375, 1566.55029296875, 29.9830322265625, 19.567893981933594]",0.5855717658996582,1
8085,230618_4-1-3.tif,"[9029.036437988281, 2049.85426902771, 17.3564453125, 29.76175308227539]",0.5853245258331299,1
8086,230618_4-1-3.tif,"[7764.870742797852, 1116.694351196289, 17.276336669921875, 33.14671325683594]",0.5842137336730957,1
8087,230618_4-1-3.tif,"[7429.346618652344, 930.187744140625, 37.9473876953125, 17.07421875]",0.5810943841934204,1
8088,230618_4-1-3.tif,"[7940.347106933594, 1070.949577331543, 30.1395263671875, 29.77088165283203]",0.5781139731407166,1
8089,230618_4-1-3.tif,"[5772.035751342773, 1467.1162719726562, 21.282745361328125, 42.6317138671875]",0.5762455463409424,1
8090,230618_4-1-3.tif,"[9447.496643066406, 1636.156494140625, 15.6019287109375, 29.4625244140625]",0.5748136639595032,1
8091,230618_4-1-3.tif,"[1214.3747253417969, 759.2326049804688, 13.06085205078125, 21.99542236328125]",0.5701921582221985,1
8092,230618_4-1-3.tif,"[1688.6376647949219, 1100.2737884521484, 22.45928955078125, 26.771820068359375]",0.5688179135322571,1
8093,230618_4-1-3.tif,"[9328.598754882812, 3411.1661376953125, 21.0244140625, 47.5706787109375]",0.5669726729393005,1
8094,230618_4-1-3.tif,"[8096.177154541016, 2147.9927978515625, 48.611297607421875, 24.811279296875]",0.5664581060409546,1
8095,230618_4-1-3.tif,"[8367.44857788086, 1791.038314819336, 20.55908203125, 44.23939514160156]",0.5645896792411804,1
8096,230618_4-1-3.tif,"[9384.529815673828, 226.40647888183594, 20.33843994140625, 25.450103759765625]",0.5631589293479919,1
8097,230618_4-1-3.tif,"[9546.212646484375, 3449.9820556640625, 42.11541748046875, 43.6849365234375]",0.5624459385871887,1
8098,230618_4-1-3.tif,"[7087.114471435547, 1983.3230590820312, 16.40875244140625, 26.53253173828125]",0.5615363717079163,1
8099,230618_4-1-3.tif,"[8087.172668457031, 927.1792602539062, 40.9720458984375, 22.958984375]",0.5598313212394714,1
8100,230618_4-1-3.tif,"[6368.843078613281, 3966.6031188964844, 43.6107177734375, 33.352325439453125]",0.5597644448280334,1
8101,230618_4-1-3.tif,"[6530.271484375, 3595.93603515625, 38.94189453125, 36.5836181640625]",0.5590474605560303,1
8102,230618_4-1-3.tif,"[7874.004165649414, 2841.9021606445312, 15.577911376953125, 34.5550537109375]",0.558483362197876,1
8103,230618_4-1-3.tif,"[7123.614288330078, 604.6117553710938, 27.5462646484375, 31.8209228515625]",0.5584769248962402,1
8104,230618_4-1-3.tif,"[8180.438049316406, 1107.5968856811523, 19.5335693359375, 41.504920959472656]",0.5549488663673401,1
8105,230618_4-1-3.tif,"[5093.823669433594, 569.6028633117676, 30.82940673828125, 23.953060150146484]",0.5536914467811584,1
8106,230618_4-1-3.tif,"[7589.80224609375, 399.28887939453125, 33.268310546875, 17.69287109375]",0.5534048676490784,1
8107,230618_4-1-3.tif,"[2491.5390014648438, 622.9630889892578, 16.82666015625, 30.963897705078125]",0.5523700714111328,1
8108,230618_4-1-3.tif,"[7333.219573974609, 3101.712158203125, 22.478759765625, 32.72900390625]",0.544497013092041,1
8109,230618_4-1-3.tif,"[9904.312377929688, 977.2023315429688, 20.7467041015625, 29.5328369140625]",0.5419709086418152,1
8110,230618_4-1-3.tif,"[8863.408996582031, 1401.7047119140625, 18.47998046875, 36.9940185546875]",0.5369377732276917,1
8111,230618_4-1-3.tif,"[8012.947448730469, 858.153564453125, 29.6773681640625, 28.6722412109375]",0.5337291359901428,1
8112,230618_4-1-3.tif,"[2519.0069580078125, 1352.9026184082031, 20.6409912109375, 38.93194580078125]",0.5336986184120178,1
8113,230618_4-1-3.tif,"[8747.482421875, 2577.2644653320312, 32.427978515625, 44.48613739013672]",0.5329147577285767,1
8114,230618_4-1-3.tif,"[2725.427230834961, 961.6126708984375, 12.74200439453125, 21.5198974609375]",0.5320027470588684,1
8115,230618_4-1-3.tif,"[9806.010070800781, 2040.48779296875, 27.3924560546875, 40.605712890625]",0.5318954586982727,1
8116,230618_4-1-3.tif,"[9937.451538085938, 1670.3297119140625, 26.812255859375, 39.32110595703125]",0.531847357749939,1
8117,230618_4-1-3.tif,"[7396.235748291016, 894.5731201171875, 21.89971923828125, 42.6727294921875]",0.5317165851593018,1
8118,230618_4-1-3.tif,"[8810.95539855957, 3876.0985717773438, 29.283279418945312, 45.962432861328125]",0.5286501049995422,1
8119,230618_4-1-3.tif,"[6769.375427246094, 190.2403564453125, 14.6025390625, 27.96002197265625]",0.5281389355659485,1
8120,230618_4-1-3.tif,"[7589.064514160156, 2112.4083251953125, 20.97412109375, 21.82080078125]",0.5246131420135498,1
8121,230618_4-1-3.tif,"[81.09841918945312, 8499.694946289062, 27.7791748046875, 40.5447998046875]",0.5217341184616089,1
8122,230618_4-1-3.tif,"[8524.760192871094, 2042.4945678710938, 19.5390625, 47.87921905517578]",0.5194919109344482,1
8123,230618_4-1-3.tif,"[58.42653274536133, 9043.759826660156, 22.71072006225586, 25.6290283203125]",0.5187631845474243,1
8124,230618_4-1-3.tif,"[3921.8514709472656, 1417.9744262695312, 30.052490234375, 14.9921875]",0.5164309144020081,1
8125,230618_4-1-3.tif,"[6559.677215576172, 4690.86962890625, 45.72991943359375, 32.8084716796875]",0.5157168507575989,1
8126,230618_4-1-3.tif,"[6549.163146972656, 4889.318817138672, 49.4913330078125, 34.8238525390625]",0.5128589868545532,1
8127,230618_4-1-3.tif,"[6290.936981201172, 1273.6659851074219, 24.18939208984375, 56.42193603515625]",0.5121182203292847,1
8128,230618_4-1-3.tif,"[9787.097045898438, 1821.87109375, 23.0809326171875, 13.979095458984375]",0.5106768012046814,1
8129,230618_4-1-3.tif,"[6100.4600830078125, 3999.6284790039062, 48.05645751953125, 25.5400390625]",0.5088893175125122,1
8130,230618_4-1-3.tif,"[7576.158264160156, 2235.2347717285156, 17.90838623046875, 36.06396484375]",0.5053033232688904,1
8131,230618_4-1-3.tif,"[5823.92041015625, 4808.7100830078125, 41.45703125, 33.59759521484375]",0.5027029514312744,1
8132,230618_4-1-3.tif,"[6504.107482910156, 1414.6876220703125, 19.882080078125, 38.772705078125]",0.4991016387939453,1
8133,230618_4-1-3.tif,"[9827.107055664062, 2439.7115173339844, 26.21728515625, 56.0118408203125]",0.4984741508960724,1
8134,230618_4-1-3.tif,"[2916.8224487304688, 1110.9871826171875, 24.608306884765625, 48.80047607421875]",0.49697795510292053,1
8135,230618_4-1-3.tif,"[6584.9925537109375, 4948.181427001953, 22.437744140625, 36.58880615234375]",0.4950370192527771,1
8136,230618_4-1-3.tif,"[8540.182067871094, 755.5300903320312, 16.628173828125, 28.90032958984375]",0.4903152287006378,1
8137,230618_4-1-3.tif,"[1710.7623901367188, 211.49057006835938, 27.2059326171875, 26.365264892578125]",0.4894639253616333,1
8138,230618_4-1-3.tif,"[5454.061828613281, 234.006591796875, 30.65087890625, 47.26300048828125]",0.48917844891548157,1
8139,230618_4-1-3.tif,"[9357.992218017578, 4031.3936157226562, 40.04901123046875, 30.92431640625]",0.4885574281215668,1
8140,230618_4-1-3.tif,"[9246.911071777344, 3361.2697143554688, 23.183422088623047, 48.11053466796875]",0.4840371012687683,1
8141,230618_4-1-3.tif,"[6183.009033203125, 3786.9955139160156, 59.358917236328125, 44.425140380859375]",0.4831378161907196,1
8142,230618_4-1-3.tif,"[8179.034912109375, 3588.055824279785, 25.6973876953125, 39.160484313964844]",0.47477447986602783,1
8143,230618_4-1-3.tif,"[6259.579177856445, 710.7435913085938, 17.976119995117188, 43.20001220703125]",0.47199657559394836,1
8144,230618_4-1-3.tif,"[1143.759651184082, 0.0, 19.95549774169922, 18.434978485107422]",0.47145020961761475,1
8145,230618_4-1-3.tif,"[5879.2891845703125, 4790.9244384765625, 32.97314453125, 37.7423095703125]",0.47140952944755554,1
8146,230618_4-1-3.tif,"[4762.903747558594, 687.9476318359375, 33.362091064453125, 15.53668212890625]",0.4699936807155609,1
8147,230618_4-1-3.tif,"[7041.147705078125, 274.560791015625, 27.3721923828125, 41.54937744140625]",0.46592774987220764,1
8148,230618_4-1-3.tif,"[9229.665638923645, 3373.2514038085938, 24.09620189666748, 36.45330810546875]",0.45973077416419983,1
8149,230618_4-1-3.tif,"[8078.558898925781, 2078.359214782715, 21.58795166015625, 45.33135986328125]",0.45863106846809387,1
8150,230618_4-1-3.tif,"[9744.850219726562, 3490.8252563476562, 22.38720703125, 43.866455078125]",0.45743921399116516,1
8151,230618_4-1-3.tif,"[7580.679901123047, 2809.5589599609375, 23.3671875, 25.69390869140625]",0.4567074179649353,1
8152,230618_4-1-3.tif,"[3433.9957885742188, 1128.7418823242188, 22.57708740234375, 29.574447631835938]",0.4545525312423706,1
8153,230618_4-1-3.tif,"[6977.571960449219, 1283.2462768554688, 34.5311279296875, 18.351806640625]",0.4544428586959839,1
8154,230618_4-1-3.tif,"[7624.696472167969, 3251.3336486816406, 18.873291015625, 24.128173828125]",0.4535881280899048,1
8155,230618_4-1-3.tif,"[809.1043395996094, 376.751708984375, 48.46466064453125, 19.8399658203125]",0.45162832736968994,1
8156,230618_4-1-3.tif,"[4492.338592529297, 1650.4898071289062, 17.9063720703125, 13.51019287109375]",0.4506109058856964,1
8157,230618_4-1-3.tif,"[9305.928985595703, 1163.0695495605469, 18.602264404296875, 28.43792724609375]",0.44958260655403137,1
8158,230618_4-1-3.tif,"[6944.380798339844, 3844.7952880859375, 38.9339599609375, 42.46636962890625]",0.445147305727005,1
8159,230618_4-1-3.tif,"[5886.199035644531, 1776.3035583496094, 24.536865234375, 34.53912353515625]",0.43875348567962646,1
8160,230618_4-1-3.tif,"[7356.900787353516, 1213.0877685546875, 33.0882568359375, 28.75006103515625]",0.4285739064216614,1
8161,230618_4-1-3.tif,"[7315.367279052734, 57.888370513916016, 19.3336181640625, 35.251461029052734]",0.4278257489204407,1
8162,230618_4-1-3.tif,"[7745.816818237305, 1324.8091125488281, 27.240432739257812, 22.980316162109375]",0.42423364520072937,1
8163,230618_4-1-3.tif,"[9426.595275878906, 3992.2764282226562, 45.87359619140625, 24.2305908203125]",0.4201987385749817,1
8164,230618_4-1-3.tif,"[6909.611572265625, 205.07720947265625, 26.620361328125, 18.3511962890625]",0.4184096157550812,1
8165,230618_4-1-3.tif,"[2949.8903198242188, 1071.3463134765625, 24.4869384765625, 46.92529296875]",0.4155212640762329,1
8166,230618_4-1-3.tif,"[3963.2784423828125, 1391.947509765625, 17.201416015625, 21.417236328125]",0.41070860624313354,1
8167,230618_4-1-3.tif,"[1631.4600830078125, 237.25576782226562, 22.747573852539062, 30.25054931640625]",0.4103776216506958,1
8168,230618_4-1-3.tif,"[2550.9102783203125, 2323.0352172851562, 26.3887939453125, 25.28948974609375]",0.4014110565185547,1
8169,230618_4-1-3.tif,"[9934.372314453125, 1310.9674072265625, 32.4512939453125, 22.225341796875]",0.40135622024536133,1
8170,230618_4-1-3.tif,"[8889.909484863281, 1084.2047119140625, 34.73480224609375, 30.071533203125]",0.4006297290325165,1
8171,230618_4-1-3.tif,"[2853.863525390625, 862.7606201171875, 19.8145751953125, 40.565185546875]",0.3968769311904907,1
8172,230618_4-1-3.tif,"[8462.495544433594, 1229.6051330566406, 23.09423828125, 52.30908203125]",0.39587414264678955,1
8173,230618_4-1-3.tif,"[5308.653533935547, 6746.1739501953125, 38.1070556640625, 20.103912353515625]",0.395101934671402,1
8174,230618_4-1-3.tif,"[3906.150177001953, 7168.012712955475, 32.151123046875, 7.591312885284424]",0.3943691551685333,1
8175,230618_4-1-3.tif,"[9188.747863769531, 1986.9320983886719, 14.81396484375, 34.39990234375]",0.3888922333717346,1
8176,230618_4-1-3.tif,"[7008.566589355469, 4141.7208251953125, 24.064208984375, 38.0078125]",0.3866036534309387,1
8177,230618_4-1-3.tif,"[7538.7694091796875, 1752.3343200683594, 22.8023681640625, 15.5020751953125]",0.3865777552127838,1
8178,230618_4-1-3.tif,"[8614.430541992188, 1445.4132690429688, 31.4544677734375, 19.427978515625]",0.3853875398635864,1
8179,230618_4-1-3.tif,"[6914.252777099609, 301.3068542480469, 15.801513671875, 13.1954345703125]",0.38534530997276306,1
8180,230618_4-1-3.tif,"[6683.8541259765625, 323.32049560546875, 30.223472595214844, 36.30999755859375]",0.3844355046749115,1
8181,230618_4-1-3.tif,"[8834.016571044922, 3874.794677734375, 33.124725341796875, 21.725341796875]",0.3838088810443878,1
8182,230618_4-1-3.tif,"[5010.510467529297, 851.8336791992188, 18.56671142578125, 17.079833984375]",0.3833822011947632,1
8183,230618_4-1-3.tif,"[7976.2491455078125, 1889.8663330078125, 18.215576171875, 35.82666015625]",0.3808131217956543,1
8184,230618_4-1-3.tif,"[8940.786407470703, 1440.4652099609375, 30.77728271484375, 31.76361083984375]",0.37791240215301514,1
8185,230618_4-1-3.tif,"[8439.28890991211, 3239.2334594726562, 19.74896240234375, 33.582855224609375]",0.37712299823760986,1
8186,230618_4-1-3.tif,"[5783.9964599609375, 390.30999755859375, 51.93511962890625, 36.1295166015625]",0.37106427550315857,1
8187,230618_4-1-3.tif,"[7619.577911376953, 1214.6917114257812, 41.55438232421875, 17.69610595703125]",0.36683180928230286,1
8188,230618_4-1-3.tif,"[1987.5805053710938, 3722.575149536133, 27.44677734375, 27.471893310546875]",0.362419992685318,1
8189,230618_4-1-3.tif,"[6766.214294433594, 768.1485290527344, 17.6220703125, 28.0966796875]",0.3606245219707489,1
8190,230618_4-1-3.tif,"[7862.204437255859, 155.28964233398438, 24.677001953125, 13.568359375]",0.3597014546394348,1
8191,230618_4-1-3.tif,"[6659.239159584045, 484.452880859375, 31.270316123962402, 40.7449951171875]",0.35861533880233765,1
8192,230618_4-1-3.tif,"[6552.441711425781, 2904.8580932617188, 29.07171630859375, 24.33392333984375]",0.35819387435913086,1
8193,230618_4-1-3.tif,"[8123.261535644531, 1824.2118225097656, 28.5340576171875, 21.70697021484375]",0.35635456442832947,1
8194,230618_4-1-3.tif,"[9521.752624511719, 2725.162078857422, 20.0443115234375, 45.4007568359375]",0.3540133237838745,1
8195,230618_4-1-3.tif,"[9509.164672851562, 3171.3864135742188, 16.6768798828125, 17.419044494628906]",0.3536417782306671,1
8196,230618_4-1-3.tif,"[7234.7220458984375, 1146.1156692504883, 22.8211669921875, 28.56963348388672]",0.34322744607925415,1
8197,230618_4-1-3.tif,"[7375.4703369140625, 875.1221923828125, 18.1505126953125, 33.600830078125]",0.33856794238090515,1
8198,230618_4-1-3.tif,"[6101.721405029297, 262.732177734375, 32.79534912109375, 41.286865234375]",0.337974488735199,1
8199,230618_4-1-3.tif,"[8444.007919311523, 2781.8489990234375, 14.714859008789062, 42.70233154296875]",0.3370499908924103,1
8200,230618_4-1-3.tif,"[4133.8717041015625, 1076.2717895507812, 19.6478271484375, 25.7664794921875]",0.33134618401527405,1
8201,230618_4-1-3.tif,"[9149.085998535156, 1080.7756881713867, 13.96002197265625, 32.30377960205078]",0.3247218430042267,1
8202,230618_4-1-3.tif,"[9025.02734375, 2469.787353515625, 39.3251953125, 24.7779541015625]",0.32301315665245056,1
8203,230618_4-1-3.tif,"[3791.2264099121094, 114.45285034179688, 25.651092529296875, 19.102569580078125]",0.3171981871128082,1
8204,230618_4-1-3.tif,"[7284.902282714844, 776.0770874023438, 18.905410766601562, 47.7984619140625]",0.31233230233192444,1
8205,230618_4-1-3.tif,"[8044.510345458984, 914.3898315429688, 25.99176025390625, 12.63714599609375]",0.30525392293930054,1
8206,230618_4-1-3.tif,"[9573.26089477539, 3136.6524353027344, 19.949676513671875, 23.353240966796875]",0.30524471402168274,1
8207,230618_4-1-3.tif,"[2876.3040161132812, 503.107177734375, 19.81512451171875, 41.6201171875]",0.30511993169784546,1
8208,230618_4-1-3.tif,"[5473.929718017578, 664.1477661132812, 22.35980224609375, 17.81585693359375]",0.3041130006313324,1
8209,230618_4-1-3.tif,"[8373.558776855469, 3697.08642578125, 30.04840087890625, 14.91357421875]",0.2943296432495117,1
8210,230618_4-1-3.tif,"[5957.7044677734375, 2501.4684448242188, 16.9925537109375, 17.3883056640625]",0.291899174451828,1
8211,230618_4-1-3.tif,"[6861.939407348633, 1848.7515563964844, 13.91668701171875, 35.67803955078125]",0.287733793258667,1
8212,230618_4-1-3.tif,"[2704.2041625976562, 713.1763305664062, 32.88604736328125, 28.686767578125]",0.2794208228588104,1
8213,230618_4-1-3.tif,"[2253.217529296875, 4443.841796875, 129.9697265625, 279.6611328125]",0.2774198353290558,1
8214,230618_4-1-3.tif,"[8315.13200378418, 801.8756713867188, 35.907928466796875, 33.4107666015625]",0.2755610942840576,1
8215,230618_4-1-3.tif,"[8243.41275024414, 2479.5601196289062, 22.200088500976562, 15.7589111328125]",0.27360615134239197,1
8216,230618_4-1-3.tif,"[9360.238697052002, 3884.7537841796875, 33.741390228271484, 25.7574462890625]",0.2727666199207306,1
8217,230618_4-1-3.tif,"[9984.195068359375, 1077.417236328125, 15.476318359375, 17.23883056640625]",0.27219530940055847,1
8218,230618_4-1-3.tif,"[7363.709716796875, 2145.675750732422, 28.2564697265625, 20.889678955078125]",0.2657232880592346,1
8219,230618_4-1-3.tif,"[9393.297637939453, 3874.9605102539062, 25.1844482421875, 49.16766357421875]",0.2615240812301636,1
8220,230618_4-1-3.tif,"[7624.8409423828125, 1138.1297149658203, 26.5771484375, 17.48626708984375]",0.26089000701904297,1
8221,230618_4-1-3.tif,"[6873.100524902344, 1148.8223571777344, 27.78594970703125, 17.69451904296875]",0.25819161534309387,1
8222,230618_4-1-3.tif,"[1822.8856811523438, 1133.5015258789062, 29.9580078125, 18.34033203125]",0.25001421570777893,1
8223,230618_4-0-4.tif,"[7296.621490478516, 2685.1293411254883, 109.94552612304688, 50.18688201904297]",0.662390947341919,0
8224,230618_4-0-4.tif,"[8447.570877075195, 2401.1666259765625, 57.64915466308594, 103.5986328125]",0.5930641889572144,0
8225,230618_4-0-4.tif,"[4191.248260498047, 6144.0, 93.35739135742188, 36.259830474853516]",0.525212824344635,0
8226,230618_4-0-4.tif,"[3119.1853103637695, 4597.955413818359, 77.01683044433594, 46.166046142578125]",0.38756781816482544,0
8227,230618_4-0-4.tif,"[4972.025085449219, 779.9201354980469, 25.919921875, 87.964599609375]",0.27518829703330994,0
8228,230618_4-0-4.tif,"[8455.792510986328, 4625.108726501465, 101.98590087890625, 80.06848907470703]",0.2513915002346039,0
8229,230618_4-0-4.tif,"[5281.240524291992, 2248.693588256836, 36.002593994140625, 29.243438720703125]",0.8163226246833801,1
8230,230618_4-0-4.tif,"[9465.21614074707, 4252.599151611328, 34.01594543457031, 25.944869995117188]",0.8121978640556335,1
8231,230618_4-0-4.tif,"[5213.487579345703, 2462.5242614746094, 22.908416748046875, 41.9722900390625]",0.8051691651344299,1
8232,230618_4-0-4.tif,"[5138.8621826171875, 1081.192138671875, 35.80101013183594, 23.4755859375]",0.7942796349525452,1
8233,230618_4-0-4.tif,"[6125.8262939453125, 2319.9896850585938, 38.188175201416016, 19.22796630859375]",0.7940354943275452,1
8234,230618_4-0-4.tif,"[9423.908214569092, 4122.5506591796875, 35.225948333740234, 30.490966796875]",0.7891088128089905,1
8235,230618_4-0-4.tif,"[7307.112060546875, 942.2645874023438, 17.91632080078125, 40.472412109375]",0.776618242263794,1
8236,230618_4-0-4.tif,"[5377.276123046875, 1051.4082641601562, 37.297698974609375, 15.4351806640625]",0.748661458492279,1
8237,230618_4-0-4.tif,"[5952.684997558594, 1022.5607299804688, 32.947296142578125, 25.620988845825195]",0.7476931810379028,1
8238,230618_4-0-4.tif,"[7832.08659362793, 2853.5428466796875, 26.379913330078125, 33.7203369140625]",0.7439382672309875,1
8239,230618_4-0-4.tif,"[9771.181030273438, 76.15511322021484, 42.656982421875, 48.789886474609375]",0.6232126355171204,1
8240,230618_4-0-4.tif,"[5018.849914550781, 5834.174835205078, 23.60711669921875, 36.0718994140625]",0.6088771820068359,1
8241,230618_4-0-4.tif,"[2350.9395446777344, 2487.610107421875, 30.92169189453125, 16.6798095703125]",0.4371100068092346,1
8242,230618_4-0-4.tif,"[4494.555419921875, 6092.462219238281, 62.0496826171875, 21.5269775390625]",0.43224382400512695,1
8243,230618_4-0-4.tif,"[4168.8033447265625, 1766.5433502197266, 17.57275390625, 21.6114501953125]",0.3715599477291107,1
8244,230618_4-0-4.tif,"[9773.935577392578, 620.0169372558594, 39.184478759765625, 29.229171752929688]",0.30492669343948364,1
8245,230618_4-0-4.tif,"[9976.949462890625, 590.3326416015625, 22.949951171875, 19.40673828125]",0.2990102469921112,1
8246,230618_4-0-4.tif,"[4642.596206665039, 6144.0, 45.5113525390625, 8.84787368774414]",0.268206387758255,1
8247,230618_4-0-0.tif,"[9874.26025390625, 5576.778381347656, 106.377197265625, 45.85748291015625]",0.6485766768455505,0
8248,230618_4-0-0.tif,"[9634.266723632812, 5167.312549591064, 104.5758056640625, 46.05329513549805]",0.6234809756278992,0
8249,230618_4-0-0.tif,"[9575.617660522461, 4707.883895874023, 19.052017211914062, 40.19056701660156]",0.802358090877533,1
8250,230618_4-0-0.tif,"[9215.08676147461, 4356.0721435546875, 21.220901489257812, 43.4327392578125]",0.7682257890701294,1
8251,230618_4-0-0.tif,"[9162.991149902344, 4737.926071166992, 15.7579345703125, 35.405487060546875]",0.7569735050201416,1
8252,230618_4-0-0.tif,"[9118.426971435547, 4638.308860778809, 37.797698974609375, 40.505836486816406]",0.6727505922317505,1
8253,230618_4-0-0.tif,"[9169.076599121094, 4566.864013671875, 25.5986328125, 40.327880859375]",0.5093950629234314,1
8254,230618_4-0-0.tif,"[9908.718872070312, 4240.1202392578125, 19.994384765625, 32.40252685546875]",0.28925836086273193,1
8255,230618_4-0-1.tif,"[9784.459716796875, 8899.991516113281, 108.506103515625, 54.207916259765625]",0.7897655963897705,0
8256,230618_4-0-1.tif,"[8898.204528808594, 8679.476104736328, 88.19717407226562, 95.3586654663086]",0.7538611888885498,0
8257,230618_4-0-1.tif,"[9083.758087158203, 8570.243469238281, 75.16436767578125, 58.82012939453125]",0.7365695834159851,0
8258,230618_4-0-1.tif,"[9914.258117675781, 6210.665420532227, 84.1337890625, 78.59454345703125]",0.7352423071861267,0
8259,230618_4-0-1.tif,"[9432.045394897461, 8315.203102111816, 123.00468444824219, 91.56090545654297]",0.725280225276947,0
8260,230618_4-0-1.tif,"[9294.313659667969, 9355.838653564453, 60.98420715332031, 101.71676635742188]",0.7233359813690186,0
8261,230618_4-0-1.tif,"[9441.149719238281, 9944.656494140625, 72.34033203125, 55.343505859375]",0.7191762328147888,0
8262,230618_4-0-1.tif,"[9668.701049804688, 7997.070953369141, 68.943115234375, 49.112060546875]",0.7191158533096313,0
8263,230618_4-0-1.tif,"[8582.59423828125, 6882.384719848633, 59.1602783203125, 105.82493591308594]",0.7178409695625305,0
8264,230618_4-0-1.tif,"[9229.430419921875, 9453.162002563477, 126.669921875, 55.795196533203125]",0.7147225737571716,0
8265,230618_4-0-1.tif,"[9302.869384765625, 9660.716125488281, 61.65150451660156, 102.5543212890625]",0.710963785648346,0
8266,230618_4-0-1.tif,"[5326.7232666015625, 8894.684692382812, 96.45376586914062, 54.55316162109375]",0.7069522738456726,0
8267,230618_4-0-1.tif,"[9325.010414123535, 8498.174072265625, 108.94811248779297, 53.648193359375]",0.7060083746910095,0
8268,230618_4-0-1.tif,"[9480.856750488281, 9776.108276367188, 58.29908752441406, 102.81402587890625]",0.7041237354278564,0
8269,230618_4-0-1.tif,"[9179.980102539062, 9148.362182617188, 92.95454406738281, 62.54931640625]",0.7005600333213806,0
8270,230618_4-0-1.tif,"[8904.63525390625, 9212.857727050781, 64.0355224609375, 80.3189697265625]",0.6966953873634338,0
8271,230618_4-0-1.tif,"[8471.252990722656, 9135.910949707031, 55.7208251953125, 94.573486328125]",0.6962494254112244,0
8272,230618_4-0-1.tif,"[8774.315734863281, 6504.299530029297, 89.38996887207031, 55.954345703125]",0.6820095777511597,0
8273,230618_4-0-1.tif,"[9120.843688964844, 7358.1871337890625, 51.4542236328125, 91.6829833984375]",0.6766582727432251,0
8274,230618_4-0-1.tif,"[8217.700630187988, 9695.27310180664, 83.96208953857422, 103.1041259765625]",0.675574004650116,0
8275,230618_4-0-1.tif,"[9626.069854736328, 8603.70263671875, 97.2747802734375, 60.70037841796875]",0.6728067994117737,0
8276,230618_4-0-1.tif,"[9949.597351074219, 9063.001953125, 50.40264892578125, 85.2060546875]",0.6725136041641235,0
8277,230618_4-0-1.tif,"[8491.973510742188, 9538.59587097168, 58.6773681640625, 64.1376953125]",0.672224760055542,0
8278,230618_4-0-1.tif,"[9742.35726928711, 7755.37614440918, 97.47988891601562, 60.03144836425781]",0.6699234843254089,0
8279,230618_4-0-1.tif,"[9644.900573730469, 8073.207183837891, 93.965087890625, 49.177978515625]",0.6685341000556946,0
8280,230618_4-0-1.tif,"[5709.5927734375, 8854.24008178711, 108.39381408691406, 51.984039306640625]",0.666466236114502,0
8281,230618_4-0-1.tif,"[9814.003601074219, 5964.537292480469, 99.8765869140625, 95.7142333984375]",0.6648187041282654,0
8282,230618_4-0-1.tif,"[9807.450744628906, 6672.677097320557, 71.84893798828125, 102.32348251342773]",0.6645196676254272,0
8283,230618_4-0-1.tif,"[7345.954071044922, 5368.716735839844, 61.60321044921875, 57.80517578125]",0.6639760136604309,0
8284,230618_4-0-1.tif,"[9028.710632324219, 9833.079406738281, 51.57720947265625, 97.742431640625]",0.6630421876907349,0
8285,230618_4-0-1.tif,"[9519.750061035156, 7172.132957458496, 52.8607177734375, 102.89749908447266]",0.6577669382095337,0
8286,230618_4-0-1.tif,"[9559.862670898438, 7452.658935546875, 53.850921630859375, 118.25994873046875]",0.6450214982032776,0
8287,230618_4-0-1.tif,"[9887.694213867188, 7903.24169921875, 76.041015625, 72.35113525390625]",0.6308230757713318,0
8288,230618_4-0-1.tif,"[9418.711776733398, 7456.367614746094, 109.22712707519531, 81.6690673828125]",0.62798672914505,0
8289,230618_4-0-1.tif,"[9788.511108398438, 9773.539154052734, 71.4407958984375, 87.557373046875]",0.6226285099983215,0
8290,230618_4-0-1.tif,"[7986.9117431640625, 9623.280517578125, 48.195068359375, 113.0816650390625]",0.6219804883003235,0
8291,230618_4-0-1.tif,"[9948.774169921875, 8189.2386474609375, 51.225830078125, 43.1602783203125]",0.5916212797164917,0
8292,230618_4-0-1.tif,"[9841.680358886719, 9731.544494628906, 53.8719482421875, 124.266845703125]",0.579245388507843,0
8293,230618_4-0-1.tif,"[8042.155609130859, 9904.57958984375, 60.4586181640625, 95.42041015625]",0.5722337961196899,0
8294,230618_4-0-1.tif,"[9957.063720703125, 9670.139953613281, 42.26171875, 72.8868408203125]",0.4458511471748352,0
8295,230618_4-0-1.tif,"[9330.200424194336, 7147.079528808594, 45.44219970703125, 106.51971435546875]",0.4396688938140869,0
8296,230618_4-0-1.tif,"[9061.489440917969, 9651.222442626953, 55.122314453125, 75.71484375]",0.43457165360450745,0
8297,230618_4-0-1.tif,"[5727.9825439453125, 8605.399719238281, 31.8037109375, 77.11907958984375]",0.3360714018344879,0
8298,230618_4-0-1.tif,"[8116.024017333984, 9443.559814453125, 29.4727783203125, 78.94757080078125]",0.32444554567337036,0
8299,230618_4-0-1.tif,"[9779.651245117188, 9005.665100097656, 56.61083984375, 64.37445068359375]",0.2804785370826721,0
8300,230618_4-0-1.tif,"[4658.30167388916, 9541.168029785156, 40.045738220214844, 30.850494384765625]",0.8001275658607483,1
8301,230618_4-0-1.tif,"[5596.930999755859, 8858.09829711914, 35.0162353515625, 39.8443603515625]",0.7978999614715576,1
8302,230618_4-0-1.tif,"[5565.416076660156, 9324.193908691406, 34.2938232421875, 17.777099609375]",0.7959900498390198,1
8303,230618_4-0-1.tif,"[5719.5947265625, 9906.390502929688, 36.05609130859375, 19.2802734375]",0.7891930937767029,1
8304,230618_4-0-1.tif,"[7498.704559326172, 5956.695220947266, 22.68914794921875, 30.68157958984375]",0.7889975905418396,1
8305,230618_4-0-1.tif,"[5592.9627685546875, 9664.630432128906, 29.4227294921875, 46.355712890625]",0.7870751619338989,1
8306,230618_4-0-1.tif,"[4972.283660888672, 9471.526992797852, 19.47576904296875, 34.69830322265625]",0.7857060432434082,1
8307,230618_4-0-1.tif,"[4423.676086425781, 9535.46743774414, 36.3692626953125, 32.735626220703125]",0.7847639322280884,1
8308,230618_4-0-1.tif,"[9865.198150634766, 1479.6986694335938, 24.511932373046875, 38.0113525390625]",0.7823385000228882,1
8309,230618_4-0-1.tif,"[3996.2971801757812, 9363.258758544922, 36.7210693359375, 18.149169921875]",0.7817888259887695,1
8310,230618_4-0-1.tif,"[7248.892578125, 5131.973052978516, 19.6802978515625, 33.115966796875]",0.7795019149780273,1
8311,230618_4-0-1.tif,"[4898.586486816406, 9884.501159667969, 30.1656494140625, 28.2818603515625]",0.7778000235557556,1
8312,230618_4-0-1.tif,"[9732.511779785156, 1440.7423706054688, 19.07354736328125, 43.03955078125]",0.7767181992530823,1
8313,230618_4-0-1.tif,"[4338.554641723633, 7741.96919631958, 30.452255249023438, 39.890254974365234]",0.7736789584159851,1
8314,230618_4-0-1.tif,"[4345.180114746094, 9363.145385742188, 27.192138671875, 44.11640930175781]",0.7734718322753906,1
8315,230618_4-0-1.tif,"[7465.597869873047, 5408.412170410156, 19.04400634765625, 35.81756591796875]",0.7730771899223328,1
8316,230618_4-0-1.tif,"[9897.374694824219, 1298.7116088867188, 25.1190185546875, 46.911865234375]",0.7721300721168518,1
8317,230618_4-0-1.tif,"[7360.389495849609, 5010.7802734375, 18.02581787109375, 36.496826171875]",0.7701786756515503,1
8318,230618_4-0-1.tif,"[4347.463623046875, 9422.344009399414, 33.04010009765625, 41.28617858886719]",0.7674950361251831,1
8319,230618_4-0-1.tif,"[7650.2021484375, 6466.943786621094, 30.6268310546875, 46.4644775390625]",0.7620623111724854,1
8320,230618_4-0-1.tif,"[7460.685607910156, 5572.855895996094, 18.178955078125, 34.9591064453125]",0.7572550177574158,1
8321,230618_4-0-1.tif,"[7784.7708740234375, 5205.274230957031, 18.3194580078125, 41.51322937011719]",0.7568163275718689,1
8322,230618_4-0-1.tif,"[4642.243003845215, 9373.464248657227, 29.078041076660156, 38.59914779663086]",0.7565017938613892,1
8323,230618_4-0-1.tif,"[5317.873260498047, 9483.484420776367, 17.4268798828125, 35.14726257324219]",0.7551795840263367,1
8324,230618_4-0-1.tif,"[7833.247894287109, 5831.689956665039, 34.24371337890625, 30.404541015625]",0.754945695400238,1
8325,230618_4-0-1.tif,"[4463.279815673828, 7751.2576904296875, 38.997314453125, 24.069427490234375]",0.7545427083969116,1
8326,230618_4-0-1.tif,"[4384.9085693359375, 9175.679626464844, 16.3394775390625, 31.4886474609375]",0.7528237104415894,1
8327,230618_4-0-1.tif,"[7435.760925292969, 5291.636535644531, 21.40625, 40.74163818359375]",0.7517554759979248,1
8328,230618_4-0-1.tif,"[7536.231872558594, 5078.975494384766, 17.181396484375, 33.9716796875]",0.750870943069458,1
8329,230618_4-0-1.tif,"[7419.037216186523, 5044.297607421875, 15.673721313476562, 33.8031005859375]",0.7503939867019653,1
8330,230618_4-0-1.tif,"[7751.9505615234375, 5759.350700378418, 34.163818359375, 43.05854034423828]",0.7498461008071899,1
8331,230618_4-0-1.tif,"[7334.1695556640625, 6205.151290893555, 40.9283447265625, 33.0499267578125]",0.7491845488548279,1
8332,230618_4-0-1.tif,"[5744.183654785156, 9164.931854248047, 18.598709106445312, 32.6654052734375]",0.7486180663108826,1
8333,230618_4-0-1.tif,"[4694.2806396484375, 9042.815856933594, 36.6160888671875, 29.4227294921875]",0.7440211772918701,1
8334,230618_4-0-1.tif,"[5534.943359375, 9878.435791015625, 34.07470703125, 20.42041015625]",0.7434402704238892,1
8335,230618_4-0-1.tif,"[3986.1717529296875, 9187.738647460938, 17.618408203125, 35.37890625]",0.7426568865776062,1
8336,230618_4-0-1.tif,"[7651.0430908203125, 6124.25927734375, 19.2135009765625, 37.5980224609375]",0.7416985034942627,1
8337,230618_4-0-1.tif,"[9971.12744140625, 1614.0272216796875, 21.451171875, 37.532958984375]",0.741420328617096,1
8338,230618_4-0-1.tif,"[7490.88720703125, 6327.486541748047, 35.115966796875, 17.56414794921875]",0.7370062470436096,1
8339,230618_4-0-1.tif,"[5652.2987632751465, 9515.15805053711, 17.68852996826172, 33.527069091796875]",0.733302116394043,1
8340,230618_4-0-1.tif,"[7703.0899658203125, 5522.16064453125, 24.12939453125, 32.3038330078125]",0.7313354015350342,1
8341,230618_4-0-1.tif,"[7572.798248291016, 6359.185760498047, 19.5225830078125, 43.314300537109375]",0.7300925850868225,1
8342,230618_4-0-1.tif,"[4501.1646728515625, 8511.690063476562, 40.273193359375, 20.957763671875]",0.7295457124710083,1
8343,230618_4-0-1.tif,"[4582.356750488281, 9757.878479003906, 46.84282684326172, 33.14990234375]",0.729412853717804,1
8344,230618_4-0-1.tif,"[4645.968353271484, 9307.938446044922, 31.236099243164062, 47.238433837890625]",0.7287114262580872,1
8345,230618_4-0-1.tif,"[4461.1058349609375, 9457.68344116211, 29.39581298828125, 44.58033752441406]",0.7284480333328247,1
8346,230618_4-0-1.tif,"[4963.698547363281, 9841.449523925781, 38.21337890625, 21.917449951171875]",0.7256935834884644,1
8347,230618_4-0-1.tif,"[5704.3426513671875, 8849.094970703125, 38.9638671875, 23.5789794921875]",0.725551187992096,1
8348,230618_4-0-1.tif,"[5697.3126220703125, 8961.680358886719, 42.7147216796875, 27.36083984375]",0.7242090106010437,1
8349,230618_4-0-1.tif,"[4438.356384277344, 9664.680847167969, 30.787322998046875, 38.73492431640625]",0.722835123538971,1
8350,230618_4-0-1.tif,"[7599.64208984375, 5066.754150390625, 17.5732421875, 35.24407958984375]",0.7224577069282532,1
8351,230618_4-0-1.tif,"[5698.57487487793, 9551.645599365234, 32.39848327636719, 40.82464599609375]",0.7210301756858826,1
8352,230618_4-0-1.tif,"[4757.738006591797, 9384.125207901001, 30.91949462890625, 21.565420150756836]",0.7172403335571289,1
8353,230618_4-0-1.tif,"[4903.3135986328125, 9443.522491455078, 26.217529296875, 44.285400390625]",0.712167501449585,1
8354,230618_4-0-1.tif,"[5561.462646484375, 8976.401000976562, 24.06304931640625, 42.0946044921875]",0.7114332914352417,1
8355,230618_4-0-1.tif,"[7565.261291503906, 6591.603179931641, 33.01806640625, 24.9296875]",0.7107422351837158,1
8356,230618_4-0-1.tif,"[4367.540344238281, 9495.424835205078, 17.7938232421875, 40.88848876953125]",0.7083824276924133,1
8357,230618_4-0-1.tif,"[7631.309753417969, 6543.710510253906, 21.78656005859375, 38.521728515625]",0.7078574299812317,1
8358,230618_4-0-1.tif,"[7320.457183837891, 6656.6983642578125, 33.42242431640625, 31.1251220703125]",0.7054573893547058,1
8359,230618_4-0-1.tif,"[7800.493934631348, 6268.739852905273, 18.51128387451172, 48.972808837890625]",0.703308641910553,1
8360,230618_4-0-1.tif,"[4749.325866699219, 9571.603576660156, 19.237335205078125, 45.3232421875]",0.7014882564544678,1
8361,230618_4-0-1.tif,"[9842.685791015625, 6988.0057373046875, 35.6849365234375, 35.96728515625]",0.6986956000328064,1
8362,230618_4-0-1.tif,"[5498.705017089844, 9194.431823730469, 16.4549560546875, 35.487548828125]",0.6966911554336548,1
8363,230618_4-0-1.tif,"[9610.880950927734, 6643.342803955078, 42.704925537109375, 27.789886474609375]",0.6952033638954163,1
8364,230618_4-0-1.tif,"[4070.4828491210938, 9172.131652832031, 18.234130859375, 35.08636474609375]",0.689008355140686,1
8365,230618_4-0-1.tif,"[5163.036888122559, 9517.936401367188, 33.00531768798828, 35.1593017578125]",0.6838744878768921,1
8366,230618_4-0-1.tif,"[7245.118560791016, 5989.778503417969, 38.55833435058594, 21.055419921875]",0.6836500763893127,1
8367,230618_4-0-1.tif,"[5460.692077636719, 9019.36361694336, 22.8641357421875, 55.01312255859375]",0.6830689907073975,1
8368,230618_4-0-1.tif,"[5542.052917480469, 9256.914001464844, 18.3839111328125, 44.9935302734375]",0.6828319430351257,1
8369,230618_4-0-1.tif,"[7505.878814697266, 4941.1915283203125, 38.775146484375, 39.1929931640625]",0.6823379397392273,1
8370,230618_4-0-1.tif,"[4464.1610107421875, 9723.030578613281, 30.02606201171875, 18.41046142578125]",0.6823095679283142,1
8371,230618_4-0-1.tif,"[5585.547302246094, 9471.75749206543, 33.443359375, 37.89894104003906]",0.6811413168907166,1
8372,230618_4-0-1.tif,"[5898.210906982422, 9446.253723144531, 31.59698486328125, 35.173492431640625]",0.6811102032661438,1
8373,230618_4-0-1.tif,"[5111.838317871094, 9695.025024414062, 20.857327461242676, 52.95477294921875]",0.6772334575653076,1
8374,230618_4-0-1.tif,"[5681.762550354004, 8741.331001281738, 18.6873779296875, 36.125816345214844]",0.6741659045219421,1
8375,230618_4-0-1.tif,"[5671.962966918945, 9228.925842285156, 25.50433349609375, 39.75665283203125]",0.6714982986450195,1
8376,230618_4-0-1.tif,"[4761.638031005859, 9778.560119628906, 37.39410400390625, 20.01165771484375]",0.6707553863525391,1
8377,230618_4-0-1.tif,"[4548.430969238281, 9448.275863647461, 17.76190185546875, 33.24934387207031]",0.6651512384414673,1
8378,230618_4-0-1.tif,"[4469.584869384766, 9518.710266113281, 37.41497802734375, 35.82275390625]",0.6647747755050659,1
8379,230618_4-0-1.tif,"[7669.890350341797, 5413.2255859375, 36.012237548828125, 49.46826171875]",0.662298321723938,1
8380,230618_4-0-1.tif,"[9552.985961914062, 6738.597579956055, 37.4232177734375, 34.7120361328125]",0.6579038500785828,1
8381,230618_4-0-1.tif,"[4616.869140625, 9456.084274291992, 42.9779052734375, 28.1103515625]",0.6577762961387634,1
8382,230618_4-0-1.tif,"[7548.9061279296875, 5490.8968505859375, 36.4337158203125, 36.0584716796875]",0.6560959815979004,1
8383,230618_4-0-1.tif,"[5104.481201171875, 9555.37435913086, 44.994873046875, 38.660614013671875]",0.6544972062110901,1
8384,230618_4-0-1.tif,"[5151.044858932495, 9810.828857421875, 41.65039253234863, 40.066650390625]",0.6544936299324036,1
8385,230618_4-0-1.tif,"[5490.1148681640625, 8818.257522583008, 38.443359375, 25.552520751953125]",0.6523134708404541,1
8386,230618_4-0-1.tif,"[4701.186935424805, 9364.854888916016, 37.84870910644531, 18.1241455078125]",0.6521172523498535,1
8387,230618_4-0-1.tif,"[7365.248992919922, 6440.559020996094, 31.30035400390625, 20.4903564453125]",0.6516304612159729,1
8388,230618_4-0-1.tif,"[4490.30859375, 9802.713500976562, 25.28546142578125, 28.316162109375]",0.6510526537895203,1
8389,230618_4-0-1.tif,"[4353.415222167969, 9660.431365966797, 32.5699462890625, 38.97100830078125]",0.6497161388397217,1
8390,230618_4-0-1.tif,"[7618.766296386719, 5092.8665771484375, 37.08447265625, 36.24169921875]",0.6488273739814758,1
8391,230618_4-0-1.tif,"[4591.619598388672, 9422.34213256836, 37.92465400695801, 30.45257568359375]",0.6452356576919556,1
8392,230618_4-0-1.tif,"[4404.961120605469, 8423.306610107422, 16.63409423828125, 36.850189208984375]",0.6421445608139038,1
8393,230618_4-0-1.tif,"[7482.975158691406, 5197.240051269531, 16.5421142578125, 33.614227294921875]",0.6417903304100037,1
8394,230618_4-0-1.tif,"[7443.194030761719, 5468.990447998047, 24.502197265625, 29.2027587890625]",0.6417830586433411,1
8395,230618_4-0-1.tif,"[4379.735504150391, 9632.877075195312, 45.48980712890625, 25.9691162109375]",0.641186535358429,1
8396,230618_4-0-1.tif,"[9672.14761352539, 6839.849060058594, 47.93896484375, 27.65350341796875]",0.6388179063796997,1
8397,230618_4-0-1.tif,"[5110.282257080078, 9441.801795959473, 50.606170654296875, 38.305877685546875]",0.6372312307357788,1
8398,230618_4-0-1.tif,"[5646.186218261719, 9749.010009765625, 26.374755859375, 46.845703125]",0.6360482573509216,1
8399,230618_4-0-1.tif,"[4158.590103149414, 9210.410217285156, 24.381820678710938, 60.4429931640625]",0.6341679692268372,1
8400,230618_4-0-1.tif,"[4287.1202392578125, 9542.959564208984, 19.59808349609375, 51.6014404296875]",0.6336846351623535,1
8401,230618_4-0-1.tif,"[8445.966796875, 4260.025329589844, 39.1444091796875, 41.67437744140625]",0.6331223845481873,1
8402,230618_4-0-1.tif,"[4351.688812255859, 9721.313415527344, 24.01995849609375, 24.97918701171875]",0.6330491900444031,1
8403,230618_4-0-1.tif,"[5770.807373046875, 9613.381408691406, 24.816253662109375, 59.2987060546875]",0.6326559782028198,1
8404,230618_4-0-1.tif,"[5632.898986816406, 8897.005432128906, 39.05859375, 25.52166748046875]",0.6320837140083313,1
8405,230618_4-0-1.tif,"[5012.275329589844, 9681.072692871094, 28.367919921875, 42.90283203125]",0.6319503784179688,1
8406,230618_4-0-1.tif,"[7465.5162353515625, 5023.5589599609375, 29.7349853515625, 26.86285400390625]",0.6276702284812927,1
8407,230618_4-0-1.tif,"[7374.045989990234, 5479.691711425781, 27.526611328125, 42.899169921875]",0.6211186051368713,1
8408,230618_4-0-1.tif,"[7506.101043701172, 5572.502990722656, 25.36920166015625, 45.7381591796875]",0.6207956075668335,1
8409,230618_4-0-1.tif,"[9407.659698486328, 8145.923767089844, 30.72430419921875, 45.64276123046875]",0.6166766285896301,1
8410,230618_4-0-1.tif,"[4558.6348876953125, 7847.306411743164, 45.0731201171875, 19.4736328125]",0.6135933995246887,1
8411,230618_4-0-1.tif,"[7719.994201660156, 6259.272926330566, 38.208534240722656, 37.34313201904297]",0.6083005666732788,1
8412,230618_4-0-1.tif,"[4165.0301513671875, 9320.234985351562, 50.31341552734375, 33.31414794921875]",0.6078311800956726,1
8413,230618_4-0-1.tif,"[7664.269958496094, 5121.596923828125, 37.95416259765625, 36.171142578125]",0.6035163402557373,1
8414,230618_4-0-1.tif,"[3385.487091064453, 8382.933502197266, 19.412109375, 42.7271728515625]",0.6033445000648499,1
8415,230618_4-0-1.tif,"[8488.645690917969, 2201.242935180664, 21.695556640625, 39.798736572265625]",0.6027361154556274,1
8416,230618_4-0-1.tif,"[4413.2142333984375, 7906.3275146484375, 18.7060546875, 49.481658935546875]",0.602143406867981,1
8417,230618_4-0-1.tif,"[8859.004180908203, 9220.755544662476, 50.8382568359375, 19.568552017211914]",0.6002424359321594,1
8418,230618_4-0-1.tif,"[4927.373046875, 9626.666748046875, 28.014404296875, 39.929534912109375]",0.5997581481933594,1
8419,230618_4-0-1.tif,"[7629.7896728515625, 6362.653213500977, 36.2855224609375, 20.663421630859375]",0.5993161797523499,1
8420,230618_4-0-1.tif,"[5757.627502441406, 9464.881927490234, 17.5374755859375, 43.63734436035156]",0.5971621870994568,1
8421,230618_4-0-1.tif,"[4158.41748046875, 9090.271789550781, 26.556137084960938, 38.18170166015625]",0.5935065150260925,1
8422,230618_4-0-1.tif,"[5278.737991333008, 9798.034423828125, 39.48089599609375, 23.035400390625]",0.5934128165245056,1
8423,230618_4-0-1.tif,"[4488.441711425781, 9267.212036132812, 32.410400390625, 30.26220703125]",0.5895513892173767,1
8424,230618_4-0-1.tif,"[4094.8099365234375, 9095.581268310547, 20.123985290527344, 45.05487060546875]",0.5874285101890564,1
8425,230618_4-0-1.tif,"[5520.2060546875, 9155.084411621094, 34.73388671875, 19.72412109375]",0.5799981355667114,1
8426,230618_4-0-1.tif,"[4117.347593307495, 9446.449279785156, 27.255128860473633, 41.14459228515625]",0.5762165784835815,1
8427,230618_4-0-1.tif,"[5470.172546386719, 9937.325988769531, 37.763671875, 39.96484375]",0.5732328295707703,1
8428,230618_4-0-1.tif,"[7469.8707275390625, 6597.028137207031, 35.63055419921875, 43.640869140625]",0.5686342716217041,1
8429,230618_4-0-1.tif,"[5703.9500732421875, 9066.72314453125, 46.51708984375, 27.41156005859375]",0.5684112310409546,1
8430,230618_4-0-1.tif,"[5460.879089355469, 9806.249633789062, 42.0120849609375, 28.2288818359375]",0.5641515851020813,1
8431,230618_4-0-1.tif,"[7402.031402587891, 6355.738571166992, 31.562469482421875, 31.76220703125]",0.5555344223976135,1
8432,230618_4-0-1.tif,"[7572.544494628906, 6034.466583251953, 36.453369140625, 27.47265625]",0.554947018623352,1
8433,230618_4-0-1.tif,"[4175.125335693359, 8048.2103271484375, 48.205474853515625, 32.7261962890625]",0.5504891276359558,1
8434,230618_4-0-1.tif,"[4740.086776733398, 9461.0810546875, 26.833145141601562, 41.57537841796875]",0.5487620234489441,1
8435,230618_4-0-1.tif,"[7572.5250244140625, 5227.3133544921875, 22.4559326171875, 36.457275390625]",0.5468087792396545,1
8436,230618_4-0-1.tif,"[4561.7652587890625, 9347.286499023438, 31.2774658203125, 38.02070426940918]",0.5387649536132812,1
8437,230618_4-0-1.tif,"[7351.470703125, 5141.610023498535, 40.4129638671875, 31.89997100830078]",0.5354917645454407,1
8438,230618_4-0-1.tif,"[4151.4749755859375, 9599.968780517578, 42.17274475097656, 38.173492431640625]",0.5352286696434021,1
8439,230618_4-0-1.tif,"[4589.548400878906, 9270.620803833008, 37.40667533874512, 47.82438659667969]",0.5326420664787292,1
8440,230618_4-0-1.tif,"[9928.996704101562, 1915.9085693359375, 28.576416015625, 44.931396484375]",0.5279751420021057,1
8441,230618_4-0-1.tif,"[4808.264785766602, 9431.938873291016, 31.86724853515625, 41.40924072265625]",0.5207664966583252,1
8442,230618_4-0-1.tif,"[4509.859375, 9472.470268249512, 36.250732421875, 35.945716857910156]",0.5199702978134155,1
8443,230618_4-0-1.tif,"[4065.1032104492188, 9364.84460067749, 35.6068115234375, 36.106624603271484]",0.5146733522415161,1
8444,230618_4-0-1.tif,"[5806.122406005859, 9507.3134765625, 34.8009033203125, 42.95857238769531]",0.5142630934715271,1
8445,230618_4-0-1.tif,"[4231.017761230469, 9614.546875, 32.99835205078125, 45.7940673828125]",0.5025713443756104,1
8446,230618_4-0-1.tif,"[5286.3197021484375, 9572.985168457031, 36.7342529296875, 32.07598876953125]",0.49846887588500977,1
8447,230618_4-0-1.tif,"[5017.102600097656, 9866.351684570312, 34.80572509765625, 34.9007568359375]",0.49678903818130493,1
8448,230618_4-0-1.tif,"[9737.283782958984, 7827.320373535156, 33.0693359375, 31.00433349609375]",0.47055840492248535,1
8449,230618_4-0-1.tif,"[4239.92268371582, 9458.04263305664, 25.99481201171875, 41.797210693359375]",0.4537721574306488,1
8450,230618_4-0-1.tif,"[7546.135894775391, 6255.2198486328125, 23.62591552734375, 36.5623779296875]",0.4502282738685608,1
8451,230618_4-0-1.tif,"[4294.546478271484, 9446.093048095703, 27.11309814453125, 48.358306884765625]",0.4481661021709442,1
8452,230618_4-0-1.tif,"[4695.755325317383, 9232.845153808594, 23.552230834960938, 45.685791015625]",0.4438377022743225,1
8453,230618_4-0-1.tif,"[4656.8030433654785, 9970.066528320312, 42.782772064208984, 29.8314208984375]",0.44246262311935425,1
8454,230618_4-0-1.tif,"[7598.0985107421875, 5360.453674316406, 29.75927734375, 40.88055419921875]",0.43749627470970154,1
8455,230618_4-0-1.tif,"[5784.388275146484, 9186.717468261719, 37.440673828125, 43.6612548828125]",0.43439698219299316,1
8456,230618_4-0-1.tif,"[7395.846435546875, 5113.535705566406, 44.3170166015625, 25.97357749938965]",0.42094215750694275,1
8457,230618_4-0-1.tif,"[7631.190185546875, 9833.6064453125, 44.824127197265625, 50.31561279296875]",0.42085060477256775,1
8458,230618_4-0-1.tif,"[8302.962036132812, 9216.288331985474, 16.821533203125, 14.814529418945312]",0.39655643701553345,1
8459,230618_4-0-1.tif,"[5875.3135986328125, 9851.220184326172, 28.44024658203125, 52.416290283203125]",0.384552538394928,1
8460,230618_4-0-1.tif,"[9797.747863769531, 9025.916290283203, 35.810791015625, 44.148834228515625]",0.3834417462348938,1
8461,230618_4-0-1.tif,"[4395.897521972656, 9783.470458984375, 37.57421875, 48.54132080078125]",0.36994558572769165,1
8462,230618_4-0-1.tif,"[4561.946472167969, 9935.380615234375, 45.2901611328125, 35.681884765625]",0.35083675384521484,1
8463,230618_4-0-1.tif,"[5195.072845458984, 6576.867523193359, 30.24969482421875, 49.89556884765625]",0.27291685342788696,1
8464,230618_4-0-1.tif,"[9845.022827148438, 9792.07958984375, 10.926025390625, 28.150390625]",0.27087387442588806,1
8465,230618_4-2-2.tif,"[5148.2506103515625, 7199.9049072265625, 59.43536376953125, 76.881591796875]",0.75138258934021,0
8466,230618_4-2-2.tif,"[2807.5707397460938, 8484.923736572266, 105.83587646484375, 51.56817626953125]",0.7511579990386963,0
8467,230618_4-2-2.tif,"[6017.721374511719, 3322.1685791015625, 72.5247802734375, 58.10528564453125]",0.7460302710533142,0
8468,230618_4-2-2.tif,"[3832.496551513672, 3652.8711853027344, 100.832275390625, 69.55917358398438]",0.7448686361312866,0
8469,230618_4-2-2.tif,"[7158.0040283203125, 3362.0961303710938, 64.59484100341797, 93.59027099609375]",0.7355223298072815,0
8470,230618_4-2-2.tif,"[6131.763244628906, 831.4276123046875, 108.6646728515625, 55.39306640625]",0.7342466711997986,0
8471,230618_4-2-2.tif,"[3654.958251953125, 2799.8214416503906, 57.37190246582031, 96.607666015625]",0.7315486669540405,0
8472,230618_4-2-2.tif,"[2392.26513671875, 2778.110870361328, 61.97247314453125, 86.1368408203125]",0.7136879563331604,0
8473,230618_4-2-2.tif,"[5727.3140869140625, 3255.342010498047, 102.5435791015625, 65.27255249023438]",0.7128952145576477,0
8474,230618_4-2-2.tif,"[9336.659408569336, 2559.7508544921875, 79.74535369873047, 54.248779296875]",0.7069650888442993,0
8475,230618_4-2-2.tif,"[1111.6697998046875, 2768.5006713867188, 65.73007202148438, 83.36016845703125]",0.705851674079895,0
8476,230618_4-2-2.tif,"[71.8399658203125, 827.9871215820312, 52.45062255859375, 107.1905517578125]",0.6994856595993042,0
8477,230618_4-2-2.tif,"[8391.46011352539, 7974.0157470703125, 56.90594482421875, 126.3507080078125]",0.6749190092086792,0
8478,230618_4-2-2.tif,"[7365.743408203125, 2064.1702880859375, 63.36871337890625, 97.7069091796875]",0.6722012162208557,0
8479,230618_4-2-2.tif,"[4860.321228027344, 5493.182373046875, 97.4090576171875, 48.096435546875]",0.6613134145736694,0
8480,230618_4-2-2.tif,"[317.02532958984375, 2221.9176025390625, 41.76409912109375, 89.9417724609375]",0.6566284894943237,0
8481,230618_4-2-2.tif,"[3499.7257690429688, 7835.659759521484, 61.7523193359375, 115.99496459960938]",0.6518990993499756,0
8482,230618_4-2-2.tif,"[1815.2427368164062, 2896.6353759765625, 60.332763671875, 127.5557861328125]",0.6510850787162781,0
8483,230618_4-2-2.tif,"[5215.272102355957, 2461.2693481445312, 95.57427215576172, 62.3948974609375]",0.6500765681266785,0
8484,230618_4-2-2.tif,"[3079.5936279296875, 7200.088439941406, 57.831626892089844, 85.415771484375]",0.6386414170265198,0
8485,230618_4-2-2.tif,"[7368.999328613281, 626.9856491088867, 88.311279296875, 47.75720977783203]",0.6266054511070251,0
8486,230618_4-2-2.tif,"[359.76934814453125, 9942.986938476562, 100.717529296875, 55.986328125]",0.6188842058181763,0
8487,230618_4-2-2.tif,"[2608.059326171875, 8759.864868164062, 51.005126953125, 63.784912109375]",0.611363410949707,0
8488,230618_4-2-2.tif,"[3087.3500061035156, 6515.456298828125, 57.34662628173828, 92.5677490234375]",0.6109849214553833,0
8489,230618_4-2-2.tif,"[2514.111572265625, 5653.975616455078, 94.65730285644531, 113.52055358886719]",0.6101042032241821,0
8490,230618_4-2-2.tif,"[5432.687438964844, 1153.1439819335938, 104.3787841796875, 73.46298217773438]",0.5406391024589539,0
8491,230618_4-2-2.tif,"[5169.5120849609375, 4098.212890625, 77.503662109375, 84.45834350585938]",0.49148067831993103,0
8492,230618_4-2-2.tif,"[1025.68115234375, 6720.086486816406, 54.52151870727539, 63.91351318359375]",0.39198175072669983,0
8493,230618_4-2-2.tif,"[6740.7720947265625, 2595.0892333984375, 43.2279052734375, 69.32568359375]",0.3824803829193115,0
8494,230618_4-2-2.tif,"[6236.617919921875, 449.87274169921875, 35.3228759765625, 51.72528076171875]",0.2700675427913666,0
8495,230618_4-2-2.tif,"[190.01004028320312, 2658.296127319336, 42.63177490234375, 46.14678955078125]",0.2600367069244385,0
8496,230618_4-2-2.tif,"[8392.788589477539, 4365.974792480469, 28.009735107421875, 29.29522705078125]",0.84562748670578,1
8497,230618_4-2-2.tif,"[4030.8195190429688, 4976.255310058594, 29.72509765625, 24.44989013671875]",0.8416973352432251,1
8498,230618_4-2-2.tif,"[81.18133544921875, 579.5913696289062, 33.47898864746094, 32.74488830566406]",0.8390722274780273,1
8499,230618_4-2-2.tif,"[1787.6388549804688, 1257.5322265625, 24.02227783203125, 35.02880859375]",0.8388528227806091,1
8500,230618_4-2-2.tif,"[2441.3329467773438, 2194.2162170410156, 29.47650146484375, 29.01715087890625]",0.8371149897575378,1
8501,230618_4-2-2.tif,"[393.8091125488281, 8409.066650390625, 23.29510498046875, 32.6510009765625]",0.8365358114242554,1
8502,230618_4-2-2.tif,"[1566.6960754394531, 4795.505676269531, 27.990737915039062, 29.94781494140625]",0.8360536098480225,1
8503,230618_4-2-2.tif,"[1774.539810180664, 4334.973541259766, 35.64842224121094, 21.21942138671875]",0.8359755873680115,1
8504,230618_4-2-2.tif,"[2754.3521423339844, 3302.601348876953, 33.44122314453125, 26.31390380859375]",0.8351374268531799,1
8505,230618_4-2-2.tif,"[5237.7303466796875, 864.0001831054688, 27.638442993164062, 25.774017333984375]",0.8347865343093872,1
8506,230618_4-2-2.tif,"[2176.7901611328125, 318.1422119140625, 29.717315673828125, 27.3004150390625]",0.8334744572639465,1
8507,230618_4-2-2.tif,"[2156.8162841796875, 5413.8975830078125, 31.644271850585938, 28.462646484375]",0.833163857460022,1
8508,230618_4-2-2.tif,"[1052.3305053710938, 2884.224609375, 22.074142456054688, 29.941619873046875]",0.8329721689224243,1
8509,230618_4-2-2.tif,"[6412.397308349609, 2630.750518798828, 30.85211181640625, 20.513153076171875]",0.8326038122177124,1
8510,230618_4-2-2.tif,"[3048.9597778320312, 2598.914093017578, 31.623046875, 30.581024169921875]",0.8320282697677612,1
8511,230618_4-2-2.tif,"[2092.8060302734375, 4493.872955322266, 23.8291015625, 36.43157958984375]",0.8313829302787781,1
8512,230618_4-2-2.tif,"[2303.557403564453, 4536.516540527344, 29.06011962890625, 24.46807861328125]",0.8312632441520691,1
8513,230618_4-2-2.tif,"[3290.64453125, 3873.8294067382812, 22.20843505859375, 35.356201171875]",0.8310751914978027,1
8514,230618_4-2-2.tif,"[1641.5533447265625, 9947.060424804688, 24.071136474609375, 31.6875]",0.8307434320449829,1
8515,230618_4-2-2.tif,"[2208.853485107422, 3850.8670043945312, 23.972412109375, 28.3648681640625]",0.8300671577453613,1
8516,230618_4-2-2.tif,"[1668.7404479980469, 4085.6763916015625, 16.48223876953125, 35.5927734375]",0.829863429069519,1
8517,230618_4-2-2.tif,"[1532.576904296875, 6687.823461532593, 33.9556884765625, 22.695772171020508]",0.8298220634460449,1
8518,230618_4-2-2.tif,"[6344.780960083008, 2194.6134490966797, 28.36004638671875, 23.273284912109375]",0.8292563557624817,1
8519,230618_4-2-2.tif,"[2872.1385803222656, 818.6424255371094, 31.4521484375, 25.97320556640625]",0.8283822536468506,1
8520,230618_4-2-2.tif,"[5377.217529296875, 28.636728286743164, 39.5650634765625, 23.98097038269043]",0.8272648453712463,1
8521,230618_4-2-2.tif,"[2332.0952758789062, 4499.834747314453, 28.8289794921875, 16.55841064453125]",0.8264176249504089,1
8522,230618_4-2-2.tif,"[1429.4839172363281, 2962.184600830078, 29.69793701171875, 27.74591064453125]",0.8263475298881531,1
8523,230618_4-2-2.tif,"[8171.216247558594, 6154.7916259765625, 26.10257387161255, 33.0614013671875]",0.8260985612869263,1
8524,230618_4-2-2.tif,"[690.18212890625, 8098.58837890625, 34.97357177734375, 18.0220947265625]",0.825900673866272,1
8525,230618_4-2-2.tif,"[5044.7274169921875, 565.4520111083984, 22.29547119140625, 36.38111877441406]",0.8255861401557922,1
8526,230618_4-2-2.tif,"[1602.0718536376953, 6939.852294921875, 33.564117431640625, 15.60791015625]",0.8247174024581909,1
8527,230618_4-2-2.tif,"[3491.49755859375, 6916.117248535156, 20.6055908203125, 35.1424560546875]",0.8245132565498352,1
8528,230618_4-2-2.tif,"[194.92758178710938, 33.764442443847656, 25.1865234375, 33.66401672363281]",0.8243980407714844,1
8529,230618_4-2-2.tif,"[4774.2435302734375, 9094.775177001953, 25.270477294921875, 31.51690673828125]",0.8240590691566467,1
8530,230618_4-2-2.tif,"[2042.4231872558594, 6956.09228515625, 24.13953399658203, 32.3626708984375]",0.8240134716033936,1
8531,230618_4-2-2.tif,"[2529.7345581054688, 647.7545623779297, 25.86041259765625, 31.863433837890625]",0.8238824605941772,1
8532,230618_4-2-2.tif,"[1462.7427062988281, 3227.6414184570312, 32.8780517578125, 17.2132568359375]",0.823771059513092,1
8533,230618_4-2-2.tif,"[1146.5533447265625, 1323.068115234375, 26.854156494140625, 31.29541015625]",0.8230032324790955,1
8534,230618_4-2-2.tif,"[2034.757568359375, 6049.338134765625, 23.08222198486328, 42.35369873046875]",0.8229949474334717,1
8535,230618_4-2-2.tif,"[1987.099365234375, 5674.750915527344, 15.74981689453125, 33.6446533203125]",0.8228147029876709,1
8536,230618_4-2-2.tif,"[8537.645294189453, 5352.163970947266, 32.54754638671875, 30.619232177734375]",0.8222044110298157,1
8537,230618_4-2-2.tif,"[1194.8131256103516, 8720.591541290283, 33.143890380859375, 19.322948455810547]",0.8221904039382935,1
8538,230618_4-2-2.tif,"[1919.7203979492188, 363.61309814453125, 25.0103759765625, 33.05364990234375]",0.8220828175544739,1
8539,230618_4-2-2.tif,"[3363.6281127929688, 7150.737121582031, 38.0750732421875, 18.6513671875]",0.821988046169281,1
8540,230618_4-2-2.tif,"[844.65966796875, 855.2865600585938, 24.7052001953125, 28.1866455078125]",0.821815013885498,1
8541,230618_4-2-2.tif,"[579.2621917724609, 400.57745361328125, 28.236801147460938, 28.67486572265625]",0.8217588663101196,1
8542,230618_4-2-2.tif,"[5279.801940917969, 4179.466796875, 174.59503173828125, 221.83447265625]",0.8213290572166443,1
8543,230618_4-2-2.tif,"[1240.9310913085938, 2836.4784545898438, 18.95361328125, 31.704345703125]",0.8212396502494812,1
8544,230618_4-2-2.tif,"[2805.3302612304688, 5718.49267578125, 32.56732177734375, 20.749496459960938]",0.8211376667022705,1
8545,230618_4-2-2.tif,"[2402.2713317871094, 4005.6118774414062, 22.48492431640625, 35.45416259765625]",0.8197552561759949,1
8546,230618_4-2-2.tif,"[1699.7916259765625, 4896.8153076171875, 22.151611328125, 34.3292236328125]",0.819477915763855,1
8547,230618_4-2-2.tif,"[1679.2310485839844, 3695.905029296875, 37.15863037109375, 19.157546997070312]",0.8192265629768372,1
8548,230618_4-2-2.tif,"[6247.7535400390625, 304.26556396484375, 33.00099182128906, 30.470123291015625]",0.8192262649536133,1
8549,230618_4-2-2.tif,"[1891.6975708007812, 4215.806213378906, 35.8876953125, 31.349273681640625]",0.8189345598220825,1
8550,230618_4-2-2.tif,"[2578.3529052734375, 766.6626586914062, 38.08631896972656, 20.95599365234375]",0.8182397484779358,1
8551,230618_4-2-2.tif,"[8280.309204101562, 5816.763885498047, 23.947265625, 29.056396484375]",0.8180609345436096,1
8552,230618_4-2-2.tif,"[1435.7420959472656, 648.6558227539062, 35.3106689453125, 22.90069580078125]",0.8177669644355774,1
8553,230618_4-2-2.tif,"[267.42059326171875, 9550.760070800781, 35.86248779296875, 18.242111206054688]",0.8173722624778748,1
8554,230618_4-2-2.tif,"[582.9706878662109, 8801.886840820312, 24.756134033203125, 27.331138610839844]",0.8170758485794067,1
8555,230618_4-2-2.tif,"[5912.439453125, 3067.3511962890625, 17.0472412109375, 39.31065368652344]",0.8170082569122314,1
8556,230618_4-2-2.tif,"[1495.7188720703125, 4073.6847534179688, 37.0909423828125, 17.452880859375]",0.8168145418167114,1
8557,230618_4-2-2.tif,"[1636.4303283691406, 4484.246826171875, 16.693359375, 34.8929443359375]",0.816702663898468,1
8558,230618_4-2-2.tif,"[1501.6744384765625, 9579.266784667969, 26.090087890625, 27.23046875]",0.8164358139038086,1
8559,230618_4-2-2.tif,"[1673.7909545898438, 3617.9366455078125, 34.771087646484375, 17.20813751220703]",0.8160697817802429,1
8560,230618_4-2-2.tif,"[6582.1431884765625, 2534.5402221679688, 35.583251953125, 20.3804931640625]",0.8159803152084351,1
8561,230618_4-2-2.tif,"[312.906494140625, 8937.443359375, 26.2908935546875, 32.491546630859375]",0.8156653046607971,1
8562,230618_4-2-2.tif,"[8457.028076171875, 5452.27099609375, 33.1075439453125, 25.2412109375]",0.8156006932258606,1
8563,230618_4-2-2.tif,"[6033.772216796875, 467.5229187011719, 34.89453125, 17.264404296875]",0.8155735731124878,1
8564,230618_4-2-2.tif,"[2395.8849487304688, 7452.699645996094, 21.47259521484375, 27.8258056640625]",0.8153907656669617,1
8565,230618_4-2-2.tif,"[1549.653823852539, 9979.199035644531, 26.502670288085938, 20.6629638671875]",0.8152037262916565,1
8566,230618_4-2-2.tif,"[2656.2942504882812, 5722.472229003906, 33.300750732421875, 24.9559326171875]",0.8151708841323853,1
8567,230618_4-2-2.tif,"[268.0904541015625, 9257.382827758789, 17.4306640625, 38.74552917480469]",0.8148788213729858,1
8568,230618_4-2-2.tif,"[10.87758731842041, 8878.980514526367, 28.275710105895996, 33.9208984375]",0.8147730827331543,1
8569,230618_4-2-2.tif,"[2804.028793334961, 1164.7394104003906, 35.96388244628906, 25.2379150390625]",0.8144615888595581,1
8570,230618_4-2-2.tif,"[7883.353912353516, 3368.51611328125, 18.670623779296875, 36.52001953125]",0.8143183588981628,1
8571,230618_4-2-2.tif,"[2017.0231628417969, 6187.452224731445, 21.92913818359375, 37.136619567871094]",0.8142431378364563,1
8572,230618_4-2-2.tif,"[4195.629974365234, 2530.7408142089844, 27.832427978515625, 28.800018310546875]",0.8139599561691284,1
8573,230618_4-2-2.tif,"[5897.344421386719, 91.32293701171875, 24.803466796875, 33.46160888671875]",0.8136407136917114,1
8574,230618_4-2-2.tif,"[6067.694152832031, 200.8260498046875, 29.0289306640625, 25.26495361328125]",0.8134928941726685,1
8575,230618_4-2-2.tif,"[5376.444732666016, 376.6632080078125, 34.60125732421875, 22.796630859375]",0.813437283039093,1
8576,230618_4-2-2.tif,"[1567.9960708618164, 6070.342102050781, 28.274505615234375, 28.45648193359375]",0.8133691549301147,1
8577,230618_4-2-2.tif,"[1065.3792037963867, 1480.7960815429688, 20.63426971435547, 34.7420654296875]",0.8131242990493774,1
8578,230618_4-2-2.tif,"[2498.971649169922, 7790.1405029296875, 39.451385498046875, 19.213775634765625]",0.8127825856208801,1
8579,230618_4-2-2.tif,"[2865.4176635742188, 7174.495910644531, 29.18975830078125, 24.852027893066406]",0.8127625584602356,1
8580,230618_4-2-2.tif,"[1628.2404174804688, 4181.296142578125, 30.85376739501953, 23.714202880859375]",0.8122002482414246,1
8581,230618_4-2-2.tif,"[2228.8057403564453, 4243.914794921875, 30.603790283203125, 20.1717529296875]",0.8116451501846313,1
8582,230618_4-2-2.tif,"[1288.8782348632812, 9900.358215332031, 31.8955078125, 24.1251220703125]",0.8115478157997131,1
8583,230618_4-2-2.tif,"[1269.58935546875, 3051.7026977539062, 18.82757568359375, 42.34636688232422]",0.8115126490592957,1
8584,230618_4-2-2.tif,"[4339.414276123047, 501.0684814453125, 28.337158203125, 20.2039794921875]",0.8113558292388916,1
8585,230618_4-2-2.tif,"[2757.6768798828125, 7187.740097045898, 35.342620849609375, 20.993423461914062]",0.8113270998001099,1
8586,230618_4-2-2.tif,"[1677.0252075195312, 6542.869934082031, 32.2935791015625, 25.3717041015625]",0.8109539151191711,1
8587,230618_4-2-2.tif,"[1369.827880859375, 3520.062744140625, 17.099365234375, 37.80181884765625]",0.8108024001121521,1
8588,230618_4-2-2.tif,"[4975.771453857422, 847.1617431640625, 23.6806640625, 30.6895751953125]",0.8106013536453247,1
8589,230618_4-2-2.tif,"[2041.0826416015625, 4594.346130371094, 40.31280517578125, 20.698176860809326]",0.8105751276016235,1
8590,230618_4-2-2.tif,"[1732.634765625, 4252.531280517578, 23.567901611328125, 35.882904052734375]",0.8102090358734131,1
8591,230618_4-2-2.tif,"[4282.847427368164, 2102.37548828125, 26.480224609375, 30.15478515625]",0.8101473450660706,1
8592,230618_4-2-2.tif,"[4473.200164794922, 1293.6090087890625, 30.43487548828125, 17.15765380859375]",0.8101452589035034,1
8593,230618_4-2-2.tif,"[1681.9938049316406, 8772.190063476562, 28.8330078125, 23.4287109375]",0.8098182678222656,1
8594,230618_4-2-2.tif,"[1850.8162536621094, 204.35513305664062, 27.0849609375, 34.75518798828125]",0.8096039891242981,1
8595,230618_4-2-2.tif,"[1837.798095703125, 909.8048095703125, 23.8216552734375, 31.8851318359375]",0.80958491563797,1
8596,230618_4-2-2.tif,"[6607.20849609375, 4317.000457763672, 27.62548828125, 31.0228271484375]",0.8093186616897583,1
8597,230618_4-2-2.tif,"[2123.0588760375977, 3531.1736450195312, 25.209434509277344, 31.372802734375]",0.8088218569755554,1
8598,230618_4-2-2.tif,"[2308.354766845703, 4444.114807128906, 33.81494140625, 20.5618896484375]",0.8087928891181946,1
8599,230618_4-2-2.tif,"[669.7908935546875, 2062.9697265625, 26.97442626953125, 24.36968231201172]",0.808472752571106,1
8600,230618_4-2-2.tif,"[2198.5182189941406, 4155.942626953125, 31.493682861328125, 19.002685546875]",0.8081757426261902,1
8601,230618_4-2-2.tif,"[518.8846435546875, 2090.638427734375, 17.733787536621094, 27.580810546875]",0.8080974221229553,1
8602,230618_4-2-2.tif,"[81.58541107177734, 8956.93228149414, 20.047271728515625, 28.54486083984375]",0.8078440427780151,1
8603,230618_4-2-2.tif,"[2465.7282104492188, 4847.998138427734, 28.6790771484375, 19.45562744140625]",0.8077279925346375,1
8604,230618_4-2-2.tif,"[1102.6726989746094, 2677.8739013671875, 32.441253662109375, 30.138275146484375]",0.8074994683265686,1
8605,230618_4-2-2.tif,"[4174.994445800781, 1142.466697692871, 34.19671630859375, 21.411964416503906]",0.8066859841346741,1
8606,230618_4-2-2.tif,"[5613.732666015625, 4521.459533691406, 34.15656852722168, 22.91973876953125]",0.8066405653953552,1
8607,230618_4-2-2.tif,"[773.364501953125, 8708.015258789062, 25.30810546875, 30.975341796875]",0.8065150380134583,1
8608,230618_4-2-2.tif,"[0.6838150024414062, 9715.51889038086, 34.60894012451172, 21.36920166015625]",0.8060630559921265,1
8609,230618_4-2-2.tif,"[305.9483337402344, 1931.6402587890625, 36.0621337890625, 19.838623046875]",0.8059377074241638,1
8610,230618_4-2-2.tif,"[1323.6901245117188, 3128.97412109375, 25.29638671875, 34.56916809082031]",0.8058210015296936,1
8611,230618_4-2-2.tif,"[8281.76123046875, 6001.926086425781, 36.5506591796875, 22.4385986328125]",0.8056508302688599,1
8612,230618_4-2-2.tif,"[2499.8038330078125, 332.8119201660156, 20.4910888671875, 36.627197265625]",0.8054795265197754,1
8613,230618_4-2-2.tif,"[219.76528930664062, 8040.115264892578, 26.36956787109375, 24.74749755859375]",0.8054541349411011,1
8614,230618_4-2-2.tif,"[8361.593780517578, 5342.19873046875, 30.23779296875, 25.93701171875]",0.8052560091018677,1
8615,230618_4-2-2.tif,"[2371.3469848632812, 4352.7252197265625, 20.93212890625, 29.34613037109375]",0.8052359819412231,1
8616,230618_4-2-2.tif,"[2714.5767669677734, 6578.830078125, 18.39752197265625, 41.1483154296875]",0.8051389455795288,1
8617,230618_4-2-2.tif,"[784.2949829101562, 2575.979160308838, 37.4765625, 18.89113998413086]",0.8051053881645203,1
8618,230618_4-2-2.tif,"[1100.080322265625, 1364.70068359375, 25.268798828125, 34.84210205078125]",0.8047870993614197,1
8619,230618_4-2-2.tif,"[1737.450927734375, 4008.9606323242188, 37.84771728515625, 22.2747802734375]",0.8045466542243958,1
8620,230618_4-2-2.tif,"[2045.02001953125, 3395.5015869140625, 23.047807693481445, 33.6663818359375]",0.8042548894882202,1
8621,230618_4-2-2.tif,"[1605.07568359375, 3737.973907470703, 17.578857421875, 34.91546630859375]",0.8042020797729492,1
8622,230618_4-2-2.tif,"[1930.2803344726562, 3472.8656616210938, 40.02923583984375, 20.05023193359375]",0.8039233088493347,1
8623,230618_4-2-2.tif,"[2389.7268676757812, 7167.899993896484, 37.2554931640625, 19.336423873901367]",0.8037387132644653,1
8624,230618_4-2-2.tif,"[387.22882080078125, 9403.222839355469, 37.70501708984375, 18.923065185546875]",0.8037371635437012,1
8625,230618_4-2-2.tif,"[1385.6020202636719, 3709.678665161133, 32.55218505859375, 30.815277099609375]",0.803632915019989,1
8626,230618_4-2-2.tif,"[1630.655532836914, 3980.6332092285156, 35.41142272949219, 18.2889404296875]",0.8036210536956787,1
8627,230618_4-2-2.tif,"[4870.394714355469, 3365.7603149414062, 34.8701171875, 22.40606689453125]",0.8035062551498413,1
8628,230618_4-2-2.tif,"[2949.9728393554688, 2738.1095581054688, 34.67559814453125, 21.59454345703125]",0.8033143281936646,1
8629,230618_4-2-2.tif,"[1539.9749755859375, 3289.686065673828, 29.56005859375, 34.882110595703125]",0.803260326385498,1
8630,230618_4-2-2.tif,"[1696.8100280761719, 3344.73681640625, 27.96380615234375, 25.13116455078125]",0.8032144904136658,1
8631,230618_4-2-2.tif,"[7246.761657714844, 299.1993408203125, 26.46533203125, 23.5589599609375]",0.8031615614891052,1
8632,230618_4-2-2.tif,"[2323.2911987304688, 629.182861328125, 18.0308837890625, 45.086639404296875]",0.8030939102172852,1
8633,230618_4-2-2.tif,"[5286.857513427734, 4112.754730224609, 35.198211669921875, 17.897071838378906]",0.8030292987823486,1
8634,230618_4-2-2.tif,"[3275.7584686279297, 6909.2767333984375, 33.426055908203125, 16.3731689453125]",0.8027748465538025,1
8635,230618_4-2-2.tif,"[291.02642822265625, 9044.948425292969, 16.9732666015625, 35.5592041015625]",0.802666187286377,1
8636,230618_4-2-2.tif,"[5060.705535888672, 188.8152313232422, 17.8641357421875, 32.272674560546875]",0.8026655316352844,1
8637,230618_4-2-2.tif,"[1432.4888305664062, 5568.898620605469, 24.7410888671875, 32.067138671875]",0.8023903369903564,1
8638,230618_4-2-2.tif,"[6950.750427246094, 8257.699401855469, 17.0863037109375, 33.64990234375]",0.802222728729248,1
8639,230618_4-2-2.tif,"[1529.5428466796875, 6858.102020263672, 25.035669326782227, 28.586929321289062]",0.8019884824752808,1
8640,230618_4-2-2.tif,"[502.6143798828125, 7868.2459716796875, 36.8167724609375, 20.183349609375]",0.8019868731498718,1
8641,230618_4-2-2.tif,"[5192.869277954102, 2925.25244140625, 35.42369079589844, 20.2210693359375]",0.8018588423728943,1
8642,230618_4-2-2.tif,"[1947.7862548828125, 6044.104248046875, 19.229248046875, 36.5306396484375]",0.8017650842666626,1
8643,230618_4-2-2.tif,"[1505.732666015625, 3154.3900146484375, 38.28249931335449, 21.913841247558594]",0.8016114234924316,1
8644,230618_4-2-2.tif,"[5596.7755126953125, 1830.8685913085938, 33.921142578125, 20.34716796875]",0.8014237880706787,1
8645,230618_4-2-2.tif,"[267.6822509765625, 8736.591064453125, 37.01171875, 18.872966766357422]",0.801183819770813,1
8646,230618_4-2-2.tif,"[7030.4422607421875, 182.71945190429688, 28.072021484375, 21.83441162109375]",0.8011505007743835,1
8647,230618_4-2-2.tif,"[1544.5517044067383, 2408.9124145507812, 29.312721252441406, 32.9071044921875]",0.8009464740753174,1
8648,230618_4-2-2.tif,"[478.3351745605469, 8809.009368896484, 21.986663818359375, 37.308380126953125]",0.8008812665939331,1
8649,230618_4-2-2.tif,"[7194.630676269531, 3553.0414428710938, 20.0814208984375, 43.86903953552246]",0.8005534410476685,1
8650,230618_4-2-2.tif,"[1825.571533203125, 4440.939361572266, 17.8319091796875, 39.4140625]",0.8004447221755981,1
8651,230618_4-2-2.tif,"[1827.7549438476562, 4033.6007080078125, 34.88153076171875, 23.37957763671875]",0.8000146746635437,1
8652,230618_4-2-2.tif,"[7367.167282104492, 8048.9241943359375, 32.778533935546875, 19.801025390625]",0.8000080585479736,1
8653,230618_4-2-2.tif,"[7142.474822998047, 8646.038604736328, 19.71563720703125, 35.7752685546875]",0.7996640801429749,1
8654,230618_4-2-2.tif,"[1459.4940490722656, 3168.36767578125, 35.3564453125, 24.43701171875]",0.7995867729187012,1
8655,230618_4-2-2.tif,"[2371.4913940429688, 4813.1885986328125, 32.75604248046875, 17.13372802734375]",0.7994568347930908,1
8656,230618_4-2-2.tif,"[417.3460998535156, 1246.9974822998047, 23.158935546875, 32.674224853515625]",0.7994453310966492,1
8657,230618_4-2-2.tif,"[5990.544128417969, 109.42436218261719, 39.399169921875, 18.61175537109375]",0.7993788123130798,1
8658,230618_4-2-2.tif,"[4026.3800048828125, 747.1222839355469, 32.9254150390625, 31.14471435546875]",0.799335241317749,1
8659,230618_4-2-2.tif,"[8179.6439208984375, 7315.730163574219, 20.636226654052734, 34.56573486328125]",0.7991955876350403,1
8660,230618_4-2-2.tif,"[585.0032348632812, 8350.788482666016, 31.997695922851562, 26.204544067382812]",0.7991770505905151,1
8661,230618_4-2-2.tif,"[1556.8279132843018, 3187.2747802734375, 32.672040939331055, 20.731796264648438]",0.7985386848449707,1
8662,230618_4-2-2.tif,"[2450.8668212890625, 6324.451599121094, 32.851806640625, 20.6298828125]",0.7984347939491272,1
8663,230618_4-2-2.tif,"[2280.9449462890625, 3988.4389038085938, 35.06671142578125, 18.7606201171875]",0.7982663512229919,1
8664,230618_4-2-2.tif,"[5573.374420166016, 3220.356719970703, 32.36700439453125, 18.106903076171875]",0.79824298620224,1
8665,230618_4-2-2.tif,"[1161.4236450195312, 2417.5962524414062, 36.92523193359375, 17.2164306640625]",0.7982050180435181,1
8666,230618_4-2-2.tif,"[1488.1399230957031, 3602.7965545654297, 36.110382080078125, 19.367080688476562]",0.7981210350990295,1
8667,230618_4-2-2.tif,"[6178.744739532471, 157.88421630859375, 25.156993865966797, 33.47418212890625]",0.7978683710098267,1
8668,230618_4-2-2.tif,"[394.13336181640625, 1124.0783996582031, 18.1265869140625, 38.01092529296875]",0.7977999448776245,1
8669,230618_4-2-2.tif,"[3541.1801147460938, 6724.431503295898, 18.608154296875, 40.009246826171875]",0.7974818348884583,1
8670,230618_4-2-2.tif,"[1758.5685424804688, 3874.3652954101562, 38.222320556640625, 19.9554443359375]",0.7972992062568665,1
8671,230618_4-2-2.tif,"[656.1776123046875, 9735.213806152344, 27.8638916015625, 26.9754638671875]",0.7971299290657043,1
8672,230618_4-2-2.tif,"[7987.580078125, 3135.8956298828125, 25.6492919921875, 28.03515625]",0.7970011830329895,1
8673,230618_4-2-2.tif,"[1211.6239013671875, 8896.478378295898, 32.650360107421875, 19.9942626953125]",0.7969865202903748,1
8674,230618_4-2-2.tif,"[2210.1133575439453, 4807.638641357422, 26.248626708984375, 27.56109619140625]",0.7969686388969421,1
8675,230618_4-2-2.tif,"[1651.7507934570312, 3384.9630737304688, 37.645233154296875, 21.3223876953125]",0.7969273328781128,1
8676,230618_4-2-2.tif,"[2022.9104614257812, 4476.9232177734375, 41.35297203063965, 26.372467041015625]",0.7969205975532532,1
8677,230618_4-2-2.tif,"[458.1028747558594, 8089.6964111328125, 19.6981201171875, 37.37396240234375]",0.7967938184738159,1
8678,230618_4-2-2.tif,"[2695.4366455078125, 5953.468597412109, 30.15374755859375, 22.73968505859375]",0.7966223955154419,1
8679,230618_4-2-2.tif,"[4880.254089355469, 2075.0462188720703, 37.44354248046875, 18.35681915283203]",0.7965584397315979,1
8680,230618_4-2-2.tif,"[7907.982131958008, 5742.833190917969, 17.255157470703125, 37.68782043457031]",0.7964165210723877,1
8681,230618_4-2-2.tif,"[81.0958480834961, 8699.184844970703, 18.40666961669922, 39.324920654296875]",0.7960107326507568,1
8682,230618_4-2-2.tif,"[8432.22201538086, 4123.0491943359375, 18.22894287109375, 37.832275390625]",0.7955498695373535,1
8683,230618_4-2-2.tif,"[1448.6334228515625, 6387.196502685547, 31.2596435546875, 22.435150146484375]",0.7954280376434326,1
8684,230618_4-2-2.tif,"[2397.5059814453125, 6063.1444091796875, 20.987060546875, 27.9080810546875]",0.7949445843696594,1
8685,230618_4-2-2.tif,"[1786.5025482177734, 8562.997375488281, 19.287490844726562, 38.7388916015625]",0.7948408722877502,1
8686,230618_4-2-2.tif,"[174.44012451171875, 8239.553169250488, 40.36077880859375, 21.26921844482422]",0.7947806715965271,1
8687,230618_4-2-2.tif,"[8664.713439941406, 5970.7781982421875, 31.9605712890625, 16.8988037109375]",0.7946654558181763,1
8688,230618_4-2-2.tif,"[1890.7522888183594, 232.75753784179688, 17.30413818359375, 38.40838623046875]",0.7944047451019287,1
8689,230618_4-2-2.tif,"[6117.426055908203, 698.7876586914062, 19.7373046875, 36.178955078125]",0.7942338585853577,1
8690,230618_4-2-2.tif,"[2113.7197265625, 8276.596801757812, 20.114990234375, 35.90380859375]",0.7941372394561768,1
8691,230618_4-2-2.tif,"[6174.689147949219, 2713.986129760742, 36.93507385253906, 19.179885864257812]",0.7939731478691101,1
8692,230618_4-2-2.tif,"[1159.4764251708984, 9786.91650390625, 36.65370178222656, 19.676727294921875]",0.7939512729644775,1
8693,230618_4-2-2.tif,"[7938.666198730469, 7825.240539550781, 22.0140380859375, 32.61163330078125]",0.7937865853309631,1
8694,230618_4-2-2.tif,"[315.92755126953125, 9676.219604492188, 33.97418212890625, 19.4100341796875]",0.7937406301498413,1
8695,230618_4-2-2.tif,"[62.17871856689453, 43.24931335449219, 19.23052978515625, 37.97581481933594]",0.7934023141860962,1
8696,230618_4-2-2.tif,"[3262.0091552734375, 7627.550231933594, 38.35931396484375, 21.93524169921875]",0.7933894991874695,1
8697,230618_4-2-2.tif,"[2388.024658203125, 4658.924766540527, 24.8717041015625, 21.291542053222656]",0.7933733463287354,1
8698,230618_4-2-2.tif,"[4294.655670166016, 518.8243408203125, 27.091522216796875, 30.497283935546875]",0.7933361530303955,1
8699,230618_4-2-2.tif,"[521.5431795120239, 208.32073974609375, 28.90427303314209, 22.2205810546875]",0.7930373549461365,1
8700,230618_4-2-2.tif,"[2210.1732177734375, 4583.9190673828125, 23.79571533203125, 21.2486572265625]",0.7928961515426636,1
8701,230618_4-2-2.tif,"[1601.932861328125, 242.96945190429688, 18.2105712890625, 37.35528564453125]",0.7928159236907959,1
8702,230618_4-2-2.tif,"[6165.722797393799, 3071.5704956054688, 19.340251922607422, 33.18239974975586]",0.7927238941192627,1
8703,230618_4-2-2.tif,"[5019.209136962891, 1469.2972412109375, 17.16253662109375, 37.98797607421875]",0.7925859093666077,1
8704,230618_4-2-2.tif,"[2988.4026489257812, 7523.819519042969, 23.3927001953125, 37.5391845703125]",0.7925745844841003,1
8705,230618_4-2-2.tif,"[1206.3617553710938, 2929.1815185546875, 33.78936767578125, 22.5172119140625]",0.792518675327301,1
8706,230618_4-2-2.tif,"[3652.756637573242, 9170.568603515625, 24.007156372070312, 30.005615234375]",0.7924897074699402,1
8707,230618_4-2-2.tif,"[1725.2624206542969, 7342.1383056640625, 33.4384765625, 22.1273193359375]",0.792324423789978,1
8708,230618_4-2-2.tif,"[6086.1119384765625, 2299.1688690185547, 18.45458984375, 40.69837951660156]",0.7922919392585754,1
8709,230618_4-2-2.tif,"[2340.8052978515625, 3926.7406616210938, 17.05517578125, 40.7366943359375]",0.7922697067260742,1
8710,230618_4-2-2.tif,"[772.2202758789062, 9528.573791503906, 36.6453857421875, 20.345458984375]",0.7921034097671509,1
8711,230618_4-2-2.tif,"[1055.6831665039062, 6907.199691772461, 29.051513671875, 28.227554321289062]",0.7920968532562256,1
8712,230618_4-2-2.tif,"[2825.5659790039062, 2089.7684936523438, 31.5517578125, 27.0924072265625]",0.7919943928718567,1
8713,230618_4-2-2.tif,"[4929.792938232422, 1998.7014770507812, 24.9609375, 30.05419921875]",0.7918575406074524,1
8714,230618_4-2-2.tif,"[2829.0393676757812, 4217.566864013672, 17.876708984375, 36.99139404296875]",0.7916105389595032,1
8715,230618_4-2-2.tif,"[5386.6029052734375, 977.3070678710938, 19.1123046875, 34.7755126953125]",0.7915798425674438,1
8716,230618_4-2-2.tif,"[7793.9254150390625, 8003.3082275390625, 19.786407470703125, 36.17315673828125]",0.7913679480552673,1
8717,230618_4-2-2.tif,"[2476.6264038085938, 52.83622741699219, 34.861328125, 19.109786987304688]",0.7913194298744202,1
8718,230618_4-2-2.tif,"[1912.5544738769531, 8415.042587280273, 35.9783935546875, 18.112945556640625]",0.7913055419921875,1
8719,230618_4-2-2.tif,"[1443.0908203125, 6117.562225341797, 40.63421630859375, 21.6763916015625]",0.7912665009498596,1
8720,230618_4-2-2.tif,"[505.6549377441406, 380.6289367675781, 19.11326503753662, 41.04901123046875]",0.79110187292099,1
8721,230618_4-2-2.tif,"[1132.6206359863281, 2917.0548095703125, 19.384933471679688, 35.87652587890625]",0.7909723520278931,1
8722,230618_4-2-2.tif,"[5302.644317626953, 3878.364990234375, 38.045166015625, 23.885009765625]",0.7905383706092834,1
8723,230618_4-2-2.tif,"[647.1516723632812, 1438.6525268554688, 23.8262939453125, 32.32086181640625]",0.7903605103492737,1
8724,230618_4-2-2.tif,"[8132.799835205078, 3328.538818359375, 22.7978515625, 34.5635986328125]",0.7903317213058472,1
8725,230618_4-2-2.tif,"[1464.8851928710938, 80.81477355957031, 28.6241455078125, 19.980224609375]",0.7902582287788391,1
8726,230618_4-2-2.tif,"[1734.207015991211, 5532.816955566406, 34.405609130859375, 19.482421875]",0.7902398705482483,1
8727,230618_4-2-2.tif,"[4872.295593261719, 726.5009460449219, 35.6285400390625, 24.43212890625]",0.7900792360305786,1
8728,230618_4-2-2.tif,"[2110.2830200195312, 4807.011779785156, 34.6341552734375, 17.0220947265625]",0.7900674939155579,1
8729,230618_4-2-2.tif,"[4129.912841796875, 1496.4509887695312, 24.1708984375, 32.190185546875]",0.7900480628013611,1
8730,230618_4-2-2.tif,"[842.3112182617188, 224.75323486328125, 18.33673095703125, 35.623931884765625]",0.7900207042694092,1
8731,230618_4-2-2.tif,"[8140.2891845703125, 6455.635559082031, 30.375244140625, 26.5235595703125]",0.7899245023727417,1
8732,230618_4-2-2.tif,"[1691.4696197509766, 2870.43115234375, 36.26763916015625, 18.0924072265625]",0.7898365259170532,1
8733,230618_4-2-2.tif,"[2448.2314453125, 6802.72314453125, 32.82318115234375, 21.4501953125]",0.7897393107414246,1
8734,230618_4-2-2.tif,"[2581.9519538879395, 5139.322834014893, 34.05792999267578, 18.69638442993164]",0.7894255518913269,1
8735,230618_4-2-2.tif,"[4617.68452835083, 1095.442138671875, 35.99625778198242, 19.643630981445312]",0.7894213199615479,1
8736,230618_4-2-2.tif,"[1843.4954528808594, 4782.16716003418, 27.45611572265625, 26.39239501953125]",0.7893933653831482,1
8737,230618_4-2-2.tif,"[2466.3997192382812, 7835.1798095703125, 19.0948486328125, 35.150909423828125]",0.789172887802124,1
8738,230618_4-2-2.tif,"[2491.5559692382812, 4398.3692626953125, 19.7830810546875, 42.9017333984375]",0.7889906167984009,1
8739,230618_4-2-2.tif,"[180.23501586914062, 8942.533599853516, 26.62103271484375, 32.69390869140625]",0.788932740688324,1
8740,230618_4-2-2.tif,"[459.82550048828125, 8163.560729980469, 21.7530517578125, 43.3572998046875]",0.7885000109672546,1
8741,230618_4-2-2.tif,"[3014.0260009765625, 6236.688171386719, 31.490325927734375, 20.29529571533203]",0.788428544998169,1
8742,230618_4-2-2.tif,"[1406.5862426757812, 3892.2862548828125, 18.407470703125, 35.6170654296875]",0.7883167862892151,1
8743,230618_4-2-2.tif,"[421.20220947265625, 329.70037841796875, 19.024169921875, 39.51416015625]",0.7880833148956299,1
8744,230618_4-2-2.tif,"[1353.205078125, 2746.121368408203, 36.0223388671875, 20.851409912109375]",0.7877242565155029,1
8745,230618_4-2-2.tif,"[1959.885009765625, 5882.800994873047, 20.2564697265625, 39.5745849609375]",0.7876617908477783,1
8746,230618_4-2-2.tif,"[1882.4959411621094, 5001.961242675781, 18.132080078125, 35.4971923828125]",0.7875580787658691,1
8747,230618_4-2-2.tif,"[8564.514923095703, 3526.379913330078, 18.182373046875, 37.05621337890625]",0.78736412525177,1
8748,230618_4-2-2.tif,"[1605.7450561523438, 3455.5968017578125, 41.133056640625, 18.7198486328125]",0.7873103022575378,1
8749,230618_4-2-2.tif,"[0.0, 9203.92333984375, 19.53866958618164, 40.90605163574219]",0.7872382998466492,1
8750,230618_4-2-2.tif,"[3211.7650604248047, 1334.1160278320312, 24.95794677734375, 34.9141845703125]",0.787036657333374,1
8751,230618_4-2-2.tif,"[1431.2913818359375, 2137.3412857055664, 17.18682861328125, 35.734642028808594]",0.7868316173553467,1
8752,230618_4-2-2.tif,"[3271.011474609375, 1260.2830200195312, 20.31524658203125, 43.71087646484375]",0.7868065237998962,1
8753,230618_4-2-2.tif,"[3906.61865234375, 58.91120910644531, 189.955078125, 198.9087371826172]",0.786587119102478,1
8754,230618_4-2-2.tif,"[4649.137939453125, 1572.9265365600586, 18.1219482421875, 36.505638122558594]",0.7859618067741394,1
8755,230618_4-2-2.tif,"[2525.2254638671875, 4314.932373046875, 38.4481201171875, 15.74517822265625]",0.7857064008712769,1
8756,230618_4-2-2.tif,"[2130.073699951172, 5073.439117431641, 28.8746337890625, 32.369293212890625]",0.7856315970420837,1
8757,230618_4-2-2.tif,"[6300.819366455078, 2201.4132537841797, 29.931640625, 25.01995849609375]",0.7854546904563904,1
8758,230618_4-2-2.tif,"[370.5950927734375, 7578.6748046875, 35.11328125, 27.958251953125]",0.7853010892868042,1
8759,230618_4-2-2.tif,"[8029.5909423828125, 7886.677780151367, 18.2852783203125, 38.26953125]",0.7852491140365601,1
8760,230618_4-2-2.tif,"[4789.711227416992, 1401.060302734375, 22.055023193359375, 39.76171875]",0.78476881980896,1
8761,230618_4-2-2.tif,"[2719.8277282714844, 7286.326080322266, 36.527069091796875, 20.44903564453125]",0.784662127494812,1
8762,230618_4-2-2.tif,"[1467.7662963867188, 9365.313307762146, 21.05303955078125, 30.987046241760254]",0.7846236228942871,1
8763,230618_4-2-2.tif,"[2233.3799591064453, 7572.700378417969, 21.812469482421875, 35.134521484375]",0.7845219373703003,1
8764,230618_4-2-2.tif,"[508.931640625, 1693.646499633789, 27.1029052734375, 30.030715942382812]",0.7844498753547668,1
8765,230618_4-2-2.tif,"[6007.835693359375, 536.7268905639648, 30.7298583984375, 25.9154052734375]",0.784398078918457,1
8766,230618_4-2-2.tif,"[868.9002075195312, 499.0181884765625, 28.553466796875, 33.982872009277344]",0.784291684627533,1
8767,230618_4-2-2.tif,"[1340.7979431152344, 2342.6813354492188, 21.29534912109375, 34.33050537109375]",0.7841885089874268,1
8768,230618_4-2-2.tif,"[660.0083923339844, 7960.419158935547, 18.710601806640625, 29.34014892578125]",0.7841289043426514,1
8769,230618_4-2-2.tif,"[259.13824462890625, 1028.759521484375, 40.58978271484375, 19.851539611816406]",0.7840796709060669,1
8770,230618_4-2-2.tif,"[6177.971435546875, 2650.5157775878906, 40.51909637451172, 27.244598388671875]",0.7840188145637512,1
8771,230618_4-2-2.tif,"[8346.435028076172, 5503.5721435546875, 22.95355224609375, 33.58477783203125]",0.7837603092193604,1
8772,230618_4-2-2.tif,"[8335.844696044922, 3784.4716796875, 20.241943359375, 34.51666259765625]",0.7835732698440552,1
8773,230618_4-2-2.tif,"[2648.9293823242188, 7322.003967285156, 18.0101318359375, 34.90802001953125]",0.7832517027854919,1
8774,230618_4-2-2.tif,"[4328.331451416016, 2815.64111328125, 16.343353271484375, 37.08660888671875]",0.7832306623458862,1
8775,230618_4-2-2.tif,"[2433.5672607421875, 6226.407562255859, 25.53265380859375, 32.372100830078125]",0.7829551696777344,1
8776,230618_4-2-2.tif,"[437.22686767578125, 2559.0685424804688, 20.111297607421875, 37.743919372558594]",0.7829034328460693,1
8777,230618_4-2-2.tif,"[324.9737854003906, 9446.341888427734, 21.2633056640625, 39.13238525390625]",0.7826768755912781,1
8778,230618_4-2-2.tif,"[2565.678150177002, 5176.335235595703, 30.62112045288086, 15.951141357421875]",0.7826566696166992,1
8779,230618_4-2-2.tif,"[8071.8990478515625, 7530.849060058594, 26.38958740234375, 29.32012939453125]",0.7825233936309814,1
8780,230618_4-2-2.tif,"[8474.822937011719, 4021.5391845703125, 33.2711181640625, 24.794189453125]",0.7824956774711609,1
8781,230618_4-2-2.tif,"[2981.6567993164062, 1183.0411071777344, 22.29815673828125, 38.16064453125]",0.7824326753616333,1
8782,230618_4-2-2.tif,"[6093.002868652344, 337.9873962402344, 23.63592529296875, 32.85028076171875]",0.7822561860084534,1
8783,230618_4-2-2.tif,"[713.2880096435547, 2549.2115783691406, 19.66754150390625, 46.796600341796875]",0.7821298241615295,1
8784,230618_4-2-2.tif,"[7330.357818603516, 8299.132080078125, 26.730987548828125, 27.548187255859375]",0.782027542591095,1
8785,230618_4-2-2.tif,"[1029.85791015625, 1870.1531066894531, 31.180908203125, 17.05255126953125]",0.7819790840148926,1
8786,230618_4-2-2.tif,"[4498.492401123047, 431.4041748046875, 20.28802490234375, 31.65887451171875]",0.7819104790687561,1
8787,230618_4-2-2.tif,"[8690.317321777344, 5809.213836669922, 17.0224609375, 30.0960693359375]",0.7818074822425842,1
8788,230618_4-2-2.tif,"[4769.636276245117, 789.994873046875, 38.6624755859375, 17.6650390625]",0.781720757484436,1
8789,230618_4-2-2.tif,"[4887.119323730469, 1553.7392578125, 18.09765625, 35.696014404296875]",0.7815099954605103,1
8790,230618_4-2-2.tif,"[1907.556396484375, 3829.5909423828125, 35.4732666015625, 19.739166259765625]",0.7811112403869629,1
8791,230618_4-2-2.tif,"[2269.0287170410156, 415.86517333984375, 20.8563232421875, 40.2757568359375]",0.7810846567153931,1
8792,230618_4-2-2.tif,"[1765.6119079589844, 9924.828369140625, 17.803802490234375, 37.78515625]",0.7810248136520386,1
8793,230618_4-2-2.tif,"[802.05908203125, 9573.536987304688, 34.82568359375, 19.6185302734375]",0.7806832194328308,1
8794,230618_4-2-2.tif,"[1249.4664916992188, 2677.6826171875, 32.76849365234375, 18.3363037109375]",0.7806004285812378,1
8795,230618_4-2-2.tif,"[2100.8347778320312, 4267.499084472656, 41.180419921875, 23.02325439453125]",0.7803282141685486,1
8796,230618_4-2-2.tif,"[3054.9290161132812, 1423.7633056640625, 17.85626220703125, 36.861328125]",0.7803031802177429,1
8797,230618_4-2-2.tif,"[5196.054176330566, 3139.8341217041016, 21.413009643554688, 34.31269836425781]",0.7801578044891357,1
8798,230618_4-2-2.tif,"[2666.5462646484375, 6242.138153076172, 24.078231811523438, 29.279571533203125]",0.7800421714782715,1
8799,230618_4-2-2.tif,"[7066.7510986328125, 415.7933044433594, 16.43017578125, 33.03399658203125]",0.7799267768859863,1
8800,230618_4-2-2.tif,"[7751.5670166015625, 5265.2303466796875, 18.273681640625, 28.917739868164062]",0.7798950672149658,1
8801,230618_4-2-2.tif,"[54.79543685913086, 9609.527130126953, 35.028690338134766, 21.370819091796875]",0.7795925140380859,1
8802,230618_4-2-2.tif,"[3036.3483276367188, 2787.3560485839844, 25.689697265625, 30.485687255859375]",0.7795217633247375,1
8803,230618_4-2-2.tif,"[2083.619384765625, 2414.6968994140625, 17.960693359375, 40.6962890625]",0.7795118689537048,1
8804,230618_4-2-2.tif,"[7427.8878173828125, 8485.401000976562, 23.90118408203125, 31.402099609375]",0.7794881463050842,1
8805,230618_4-2-2.tif,"[6520.559509277344, 1090.6085662841797, 35.912353515625, 17.018417358398438]",0.7793073654174805,1
8806,230618_4-2-2.tif,"[4587.279113769531, 344.2853088378906, 17.364990234375, 34.60467529296875]",0.7790829539299011,1
8807,230618_4-2-2.tif,"[1194.1479187011719, 2851.4736938476562, 17.29254150390625, 37.621826171875]",0.7790665030479431,1
8808,230618_4-2-2.tif,"[1844.4976806640625, 3353.0638427734375, 27.10546875, 16.8587646484375]",0.7790156602859497,1
8809,230618_4-2-2.tif,"[4488.607849121094, 2890.8941650390625, 33.3641357421875, 21.38818359375]",0.7788762450218201,1
8810,230618_4-2-2.tif,"[7854.2099609375, 2314.9488220214844, 17.62957763671875, 36.43780517578125]",0.778809666633606,1
8811,230618_4-2-2.tif,"[1554.4415016174316, 6191.4656982421875, 23.28384017944336, 34.47003173828125]",0.7788015007972717,1
8812,230618_4-2-2.tif,"[224.08120727539062, 8560.95474243164, 31.40484619140625, 17.89630126953125]",0.7787439227104187,1
8813,230618_4-2-2.tif,"[510.9474792480469, 2681.9730834960938, 41.772003173828125, 19.040924072265625]",0.7785118818283081,1
8814,230618_4-2-2.tif,"[4918.005798339844, 1266.7173461914062, 33.4012451171875, 20.2049560546875]",0.7784668207168579,1
8815,230618_4-2-2.tif,"[628.1889038085938, 2267.4110107421875, 20.770339965820312, 43.250396728515625]",0.7783843874931335,1
8816,230618_4-2-2.tif,"[1759.1474609375, 3057.203369140625, 25.6895751953125, 16.458251953125]",0.7783371210098267,1
8817,230618_4-2-2.tif,"[324.3858642578125, 1807.7219848632812, 37.5621337890625, 20.205810546875]",0.7782820463180542,1
8818,230618_4-2-2.tif,"[2117.590431213379, 3942.6140747070312, 20.805587768554688, 11.6373291015625]",0.7782501578330994,1
8819,230618_4-2-2.tif,"[1936.863525390625, 4511.764465332031, 43.45050048828125, 20.089111328125]",0.7782338261604309,1
8820,230618_4-2-2.tif,"[5191.9234619140625, 3278.627655029297, 21.55419921875, 36.4871826171875]",0.77817702293396,1
8821,230618_4-2-2.tif,"[2562.9214611053467, 5781.6131591796875, 24.188331604003906, 29.41937255859375]",0.7781729698181152,1
8822,230618_4-2-2.tif,"[8147.476989746094, 5619.6246337890625, 28.75177001953125, 28.857906341552734]",0.7780597805976868,1
8823,230618_4-2-2.tif,"[1957.8304443359375, 343.754638671875, 18.7025146484375, 36.70831298828125]",0.7780560255050659,1
8824,230618_4-2-2.tif,"[4851.683685302734, 1677.3081359863281, 27.86956787109375, 25.30096435546875]",0.7778985500335693,1
8825,230618_4-2-2.tif,"[403.505615234375, 783.8874816894531, 23.18646240234375, 36.1165771484375]",0.7778738737106323,1
8826,230618_4-2-2.tif,"[6750.611465454102, 7172.144773483276, 39.44195556640625, 18.50657081604004]",0.7776809334754944,1
8827,230618_4-2-2.tif,"[1449.3591918945312, 4400.028717041016, 22.6046142578125, 31.74884033203125]",0.7776017785072327,1
8828,230618_4-2-2.tif,"[1414.383544921875, 8785.732177734375, 17.755859375, 39.664154052734375]",0.7772223949432373,1
8829,230618_4-2-2.tif,"[1602.8006286621094, 4291.839935302734, 20.148529052734375, 37.313934326171875]",0.7772078514099121,1
8830,230618_4-2-2.tif,"[5666.3046875, 4640.779312133789, 16.38201904296875, 36.871063232421875]",0.777182936668396,1
8831,230618_4-2-2.tif,"[3258.4398498535156, 172.441162109375, 21.69830322265625, 41.906097412109375]",0.7769465446472168,1
8832,230618_4-2-2.tif,"[4695.928451538086, 591.49658203125, 36.051422119140625, 17.55859375]",0.7769278287887573,1
8833,230618_4-2-2.tif,"[7546.1065673828125, 6188.787284851074, 18.93890380859375, 37.42963409423828]",0.7769141793251038,1
8834,230618_4-2-2.tif,"[1692.8036804199219, 5739.255432128906, 19.456787109375, 37.75273132324219]",0.776879608631134,1
8835,230618_4-2-2.tif,"[8484.93783569336, 5081.4058837890625, 30.904541015625, 20.1744384765625]",0.7767183780670166,1
8836,230618_4-2-2.tif,"[1630.0919189453125, 3064.6552734375, 20.274658203125, 32.29243087768555]",0.7765480875968933,1
8837,230618_4-2-2.tif,"[229.38551330566406, 9132.160461425781, 19.683197021484375, 41.247802734375]",0.7765019536018372,1
8838,230618_4-2-2.tif,"[3330.0963745117188, 837.2229614257812, 18.1041259765625, 35.14501953125]",0.7762200236320496,1
8839,230618_4-2-2.tif,"[4706.1724853515625, 103.96908569335938, 20.8345947265625, 26.720916748046875]",0.7761325240135193,1
8840,230618_4-2-2.tif,"[5757.120254516602, 2884.7973022460938, 25.60723876953125, 27.029296875]",0.7759802937507629,1
8841,230618_4-2-2.tif,"[3413.9754638671875, 7282.277160644531, 33.63525390625, 18.140289306640625]",0.7759435772895813,1
8842,230618_4-2-2.tif,"[1834.5750732421875, 6729.741607666016, 25.4580078125, 34.050750732421875]",0.7754645347595215,1
8843,230618_4-2-2.tif,"[1380.6190795898438, 6915.7958984375, 23.7296142578125, 35.63836669921875]",0.7752277851104736,1
8844,230618_4-2-2.tif,"[7987.147491455078, 3372.7462158203125, 19.3616943359375, 35.07366943359375]",0.7750577330589294,1
8845,230618_4-2-2.tif,"[4849.158874511719, 1824.8077697753906, 34.355712890625, 17.11224365234375]",0.775026798248291,1
8846,230618_4-2-2.tif,"[6556.42626953125, 1836.5717468261719, 26.9249267578125, 29.685791015625]",0.7749868035316467,1
8847,230618_4-2-2.tif,"[711.2260894775391, 8674.322387695312, 18.672653198242188, 38.99560546875]",0.7743107080459595,1
8848,230618_4-2-2.tif,"[1658.1954956054688, 2792.9173583984375, 35.45951843261719, 17.8531494140625]",0.774262547492981,1
8849,230618_4-2-2.tif,"[134.45596313476562, 8416.785369873047, 36.720947265625, 19.86737060546875]",0.7741053104400635,1
8850,230618_4-2-2.tif,"[1429.135498046875, 3707.1467514038086, 17.1866455078125, 35.39942169189453]",0.7738016247749329,1
8851,230618_4-2-2.tif,"[2047.7811889648438, 3757.970947265625, 40.9814453125, 21.140533447265625]",0.7734305262565613,1
8852,230618_4-2-2.tif,"[6439.797821044922, 2877.855499267578, 30.7537841796875, 18.8519287109375]",0.7734262943267822,1
8853,230618_4-2-2.tif,"[2559.7029418945312, 4078.9725952148438, 16.786365509033203, 33.27789306640625]",0.7733903527259827,1
8854,230618_4-2-2.tif,"[1417.8994750976562, 824.7937622070312, 33.361083984375, 22.285888671875]",0.7733056545257568,1
8855,230618_4-2-2.tif,"[1783.13330078125, 9552.015991210938, 23.6649169921875, 29.973388671875]",0.7732819318771362,1
8856,230618_4-2-2.tif,"[1829.8392333984375, 5551.054656982422, 18.21160888671875, 37.8883056640625]",0.7715507745742798,1
8857,230618_4-2-2.tif,"[1938.1999206542969, 3128.3397827148438, 19.26171875, 33.6695556640625]",0.7714065313339233,1
8858,230618_4-2-2.tif,"[804.3473205566406, 6509.5902099609375, 20.3385009765625, 38.84100341796875]",0.7712225317955017,1
8859,230618_4-2-2.tif,"[8655.291198730469, 6224.753936767578, 33.4320068359375, 24.455902099609375]",0.7711466550827026,1
8860,230618_4-2-2.tif,"[992.6766357421875, 1837.1538696289062, 36.0701904296875, 22.0989990234375]",0.7706863284111023,1
8861,230618_4-2-2.tif,"[5673.525718688965, 3342.2202758789062, 16.00720977783203, 37.255401611328125]",0.7706753611564636,1
8862,230618_4-2-2.tif,"[1949.4718322753906, 2754.220245361328, 28.68511962890625, 23.848907470703125]",0.7706027626991272,1
8863,230618_4-2-2.tif,"[7721.028190612793, 5547.895751953125, 22.631919860839844, 28.37744140625]",0.7702792286872864,1
8864,230618_4-2-2.tif,"[1053.757963180542, 6601.568511962891, 41.92016792297363, 17.52801513671875]",0.7702596187591553,1
8865,230618_4-2-2.tif,"[1620.7109985351562, 476.8647766113281, 35.03821563720703, 21.103515625]",0.7702579498291016,1
8866,230618_4-2-2.tif,"[1848.3194580078125, 3567.63720703125, 35.8853759765625, 26.412352561950684]",0.769885778427124,1
8867,230618_4-2-2.tif,"[2845.4066772460938, 1529.1524047851562, 17.67724609375, 35.077392578125]",0.7697458863258362,1
8868,230618_4-2-2.tif,"[7870.283004760742, 2516.0401916503906, 19.8968505859375, 39.65447998046875]",0.7694262266159058,1
8869,230618_4-2-2.tif,"[4282.532135009766, 47.21446990966797, 33.82763671875, 21.295578002929688]",0.7689979672431946,1
8870,230618_4-2-2.tif,"[46.907493591308594, 2334.7612915039062, 18.491012573242188, 42.0086669921875]",0.768913209438324,1
8871,230618_4-2-2.tif,"[918.3677978515625, 9335.7490234375, 44.709716796875, 17.470123291015625]",0.7686601281166077,1
8872,230618_4-2-2.tif,"[2335.484375, 7392.970428466797, 39.29931640625, 18.094482421875]",0.768082857131958,1
8873,230618_4-2-2.tif,"[6797.6961669921875, 2817.164337158203, 15.83294677734375, 31.69134521484375]",0.7680768966674805,1
8874,230618_4-2-2.tif,"[1738.5532836914062, 5337.187896728516, 28.905059814453125, 16.86822509765625]",0.7680215835571289,1
8875,230618_4-2-2.tif,"[3075.1714363098145, 6394.02375793457, 37.41777801513672, 21.521347045898438]",0.767916202545166,1
8876,230618_4-2-2.tif,"[1736.7855682373047, 429.5102844238281, 32.651947021484375, 20.16497802734375]",0.7678226232528687,1
8877,230618_4-2-2.tif,"[533.3076782226562, 8112.1689453125, 35.360107421875, 16.8355712890625]",0.7677862644195557,1
8878,230618_4-2-2.tif,"[6397.470458984375, 213.78660583496094, 17.4510498046875, 36.316436767578125]",0.7675788402557373,1
8879,230618_4-2-2.tif,"[2714.876022338867, 6770.713516235352, 28.971466064453125, 20.893218994140625]",0.7675123810768127,1
8880,230618_4-2-2.tif,"[6639.082824707031, 1756.6071166992188, 38.079172134399414, 18.41796875]",0.7669101357460022,1
8881,230618_4-2-2.tif,"[3996.126922607422, 4609.525302886963, 20.26910400390625, 36.201412200927734]",0.7665847539901733,1
8882,230618_4-2-2.tif,"[4791.9869384765625, 342.204833984375, 26.83782958984375, 27.5367431640625]",0.7664032578468323,1
8883,230618_4-2-2.tif,"[7782.683448791504, 3069.6792907714844, 23.859642028808594, 27.009796142578125]",0.7661659121513367,1
8884,230618_4-2-2.tif,"[3703.3797607421875, 27.88176727294922, 28.5704345703125, 30.558265686035156]",0.7660899758338928,1
8885,230618_4-2-2.tif,"[5015.805908203125, 368.63818359375, 22.379150390625, 33.68701171875]",0.7656596302986145,1
8886,230618_4-2-2.tif,"[1225.4248046875, 6985.247131347656, 33.93096923828125, 19.1412353515625]",0.7655937075614929,1
8887,230618_4-2-2.tif,"[3394.2423706054688, 5644.402662277222, 37.57183837890625, 17.58720588684082]",0.7648749947547913,1
8888,230618_4-2-2.tif,"[2653.738525390625, 7042.105041503906, 33.352783203125, 21.855712890625]",0.7647207379341125,1
8889,230618_4-2-2.tif,"[7261.8369140625, 4965.166748046875, 18.74267578125, 42.9952392578125]",0.7641841173171997,1
8890,230618_4-2-2.tif,"[2616.938720703125, 5461.733215332031, 16.9267578125, 33.43115234375]",0.7640968561172485,1
8891,230618_4-2-2.tif,"[767.6950073242188, 544.9635162353516, 19.18328857421875, 37.47655487060547]",0.7639831304550171,1
8892,230618_4-2-2.tif,"[5781.917510986328, 922.243896484375, 18.1322021484375, 32.8345947265625]",0.7635116577148438,1
8893,230618_4-2-2.tif,"[709.1768798828125, 7874.225524902344, 39.95623779296875, 17.7364501953125]",0.7633931040763855,1
8894,230618_4-2-2.tif,"[1363.3320617675781, 6472.600067138672, 16.71624755859375, 35.1497802734375]",0.7632787823677063,1
8895,230618_4-2-2.tif,"[637.5121002197266, 2877.8632202148438, 18.14398193359375, 37.96990966796875]",0.762955367565155,1
8896,230618_4-2-2.tif,"[6096.698486328125, 211.10414123535156, 17.103515625, 33.97076416015625]",0.7627567648887634,1
8897,230618_4-2-2.tif,"[8414.11294555664, 5856.638671875, 26.714752197265625, 26.5076904296875]",0.7624969482421875,1
8898,230618_4-2-2.tif,"[913.1519775390625, 1926.4154052734375, 28.5394287109375, 27.76422119140625]",0.7620090842247009,1
8899,230618_4-2-2.tif,"[8398.953308105469, 6821.511581420898, 17.47613525390625, 35.5655517578125]",0.7619960904121399,1
8900,230618_4-2-2.tif,"[805.20849609375, 2837.2903747558594, 32.97869873046875, 23.56195068359375]",0.7616512179374695,1
8901,230618_4-2-2.tif,"[2372.7198486328125, 4468.8309326171875, 16.56982421875, 31.3033447265625]",0.7610656023025513,1
8902,230618_4-2-2.tif,"[3695.2839965820312, 407.9220886230469, 37.95600891113281, 17.9732666015625]",0.7608608603477478,1
8903,230618_4-2-2.tif,"[4326.8172607421875, 2648.7041015625, 28.093719482421875, 17.533447265625]",0.7602795958518982,1
8904,230618_4-2-2.tif,"[7756.843070983887, 6582.3900146484375, 29.47473907470703, 18.9256591796875]",0.7602534890174866,1
8905,230618_4-2-2.tif,"[6582.1771240234375, 5301.720153808594, 29.1427001953125, 31.27655029296875]",0.7600895166397095,1
8906,230618_4-2-2.tif,"[8345.968353271484, 5975.714294433594, 28.765106201171875, 17.34619140625]",0.759975790977478,1
8907,230618_4-2-2.tif,"[3338.4285278320312, 7069.18359375, 33.93255615234375, 17.4925537109375]",0.7598999738693237,1
8908,230618_4-2-2.tif,"[81.36555480957031, 8586.787170410156, 18.077224731445312, 34.5748291015625]",0.7598918080329895,1
8909,230618_4-2-2.tif,"[8124.59326171875, 7199.9202880859375, 22.6964111328125, 33.188026428222656]",0.7597788572311401,1
8910,230618_4-2-2.tif,"[2953.2102966308594, 6095.8741455078125, 37.65692138671875, 18.5252685546875]",0.7590367197990417,1
8911,230618_4-2-2.tif,"[1239.0760498046875, 2045.632080078125, 36.6947021484375, 17.754963874816895]",0.7582809925079346,1
8912,230618_4-2-2.tif,"[3740.690460205078, 1662.7421875, 16.64874267578125, 35.910003662109375]",0.7575973868370056,1
8913,230618_4-2-2.tif,"[4417.220123291016, 1249.0537719726562, 32.8607177734375, 18.356201171875]",0.7573989033699036,1
8914,230618_4-2-2.tif,"[7295.24787902832, 1615.3445434570312, 24.214263916015625, 33.50848388671875]",0.7571701407432556,1
8915,230618_4-2-2.tif,"[5762.034454345703, 431.01934814453125, 26.4320068359375, 31.51727294921875]",0.756034255027771,1
8916,230618_4-2-2.tif,"[8035.6671142578125, 3220.23779296875, 38.56982421875, 20.51910400390625]",0.7547949552536011,1
8917,230618_4-2-2.tif,"[8598.03564453125, 6489.3438720703125, 25.30084228515625, 31.373291015625]",0.7546797394752502,1
8918,230618_4-2-2.tif,"[4920.194030761719, 1180.85009765625, 19.1966552734375, 38.57440185546875]",0.7541815638542175,1
8919,230618_4-2-2.tif,"[3017.733154296875, 6418.102844238281, 23.4346923828125, 26.0047607421875]",0.7539832592010498,1
8920,230618_4-2-2.tif,"[4739.313293457031, 453.2889404296875, 30.71746826171875, 23.482177734375]",0.753058671951294,1
8921,230618_4-2-2.tif,"[6219.599853515625, 1045.11083984375, 37.4794921875, 25.668212890625]",0.7524839043617249,1
8922,230618_4-2-2.tif,"[635.2162475585938, 3154.7975463867188, 36.516571044921875, 19.40478515625]",0.7520744800567627,1
8923,230618_4-2-2.tif,"[772.3477172851562, 2760.2411193847656, 19.927734375, 32.87646484375]",0.7518711686134338,1
8924,230618_4-2-2.tif,"[2648.5289764404297, 6091.3963623046875, 37.47383117675781, 19.29229736328125]",0.7508174777030945,1
8925,230618_4-2-2.tif,"[876.8414306640625, 2874.4219360351562, 36.75970458984375, 20.66748046875]",0.7507451772689819,1
8926,230618_4-2-2.tif,"[4987.724792480469, 173.2899932861328, 28.437255859375, 16.723480224609375]",0.7501491904258728,1
8927,230618_4-2-2.tif,"[5415.0604248046875, 553.7371826171875, 17.9569091796875, 31.242919921875]",0.7499344944953918,1
8928,230618_4-2-2.tif,"[7647.0986328125, 7548.652587890625, 40.885986328125, 17.9534912109375]",0.7488222122192383,1
8929,230618_4-2-2.tif,"[1870.0240478515625, 2485.8419799804688, 18.740234375, 43.7039794921875]",0.7486458420753479,1
8930,230618_4-2-2.tif,"[3028.1939086914062, 6129.1749267578125, 25.554443359375, 26.27294921875]",0.748185396194458,1
8931,230618_4-2-2.tif,"[711.7956848144531, 6925.178405761719, 28.53607177734375, 29.37109375]",0.7479172348976135,1
8932,230618_4-2-2.tif,"[1886.6776733398438, 106.48800659179688, 34.6251220703125, 26.391632080078125]",0.7478263974189758,1
8933,230618_4-2-2.tif,"[5652.169738769531, 938.0744018554688, 21.583003997802734, 29.190185546875]",0.747384786605835,1
8934,230618_4-2-2.tif,"[3071.139678955078, 7173.259220123291, 20.28795051574707, 29.889976501464844]",0.746964156627655,1
8935,230618_4-2-2.tif,"[1219.2127838134766, 1782.4542388916016, 31.46337890625, 24.277938842773438]",0.7467782497406006,1
8936,230618_4-2-2.tif,"[2548.8145751953125, 4684.459899902344, 19.06561279296875, 30.96881103515625]",0.7467681765556335,1
8937,230618_4-2-2.tif,"[6597.546203613281, 1211.690673828125, 21.09088134765625, 31.70794677734375]",0.7454718351364136,1
8938,230618_4-2-2.tif,"[2398.96728515625, 6351.728942871094, 29.1390380859375, 26.389404296875]",0.7452157139778137,1
8939,230618_4-2-2.tif,"[1244.208984375, 8945.489196777344, 21.403564453125, 29.9822998046875]",0.7445736527442932,1
8940,230618_4-2-2.tif,"[5131.6337890625, 1689.1813659667969, 16.150110244750977, 29.017333984375]",0.7442749738693237,1
8941,230618_4-2-2.tif,"[405.3544921875, 151.72442626953125, 32.852294921875, 17.41845703125]",0.7441871166229248,1
8942,230618_4-2-2.tif,"[81.21641540527344, 8337.773742675781, 34.3074951171875, 21.052978515625]",0.7436209917068481,1
8943,230618_4-2-2.tif,"[5607.1810302734375, 2190.6036682128906, 41.41179656982422, 17.31671142578125]",0.7434387803077698,1
8944,230618_4-2-2.tif,"[6385.59375, 3255.937774658203, 21.729400634765625, 28.11163330078125]",0.7432727813720703,1
8945,230618_4-2-2.tif,"[6621.051574707031, 4187.16618347168, 37.66546630859375, 18.218521118164062]",0.7427983283996582,1
8946,230618_4-2-2.tif,"[4393.178955078125, 1461.4417114257812, 14.9193115234375, 32.917724609375]",0.7427805066108704,1
8947,230618_4-2-2.tif,"[1277.2475280761719, 373.412109375, 19.418212890625, 21.113037109375]",0.7426488399505615,1
8948,230618_4-2-2.tif,"[8114.127410888672, 6606.030029296875, 23.04852294921875, 32.2032470703125]",0.7419293522834778,1
8949,230618_4-2-2.tif,"[6162.117736816406, 4329.452606201172, 38.9560546875, 44.531890869140625]",0.741240918636322,1
8950,230618_4-2-2.tif,"[8099.910461425781, 3459.0077514648438, 40.4954833984375, 23.63134765625]",0.7409472465515137,1
8951,230618_4-2-2.tif,"[2239.336151123047, 5861.156341552734, 25.01031494140625, 27.30950927734375]",0.7408058643341064,1
8952,230618_4-2-2.tif,"[3851.4637756347656, 1740.0762023925781, 20.328857421875, 33.31854248046875]",0.7406113743782043,1
8953,230618_4-2-2.tif,"[5217.342971801758, 1428.4818115234375, 35.948089599609375, 16.636199951171875]",0.7402471303939819,1
8954,230618_4-2-2.tif,"[6958.8319091796875, 8686.871276855469, 23.34552001953125, 31.00224781036377]",0.7401717901229858,1
8955,230618_4-2-2.tif,"[4938.20751953125, 1307.0693359375, 30.077392578125, 17.25164794921875]",0.7401002645492554,1
8956,230618_4-2-2.tif,"[44.97331237792969, 743.3075866699219, 20.703704833984375, 39.548370361328125]",0.7389200925827026,1
8957,230618_4-2-2.tif,"[6394.82275390625, 7089.26123046875, 216.19775390625, 222.02978515625]",0.7388647794723511,1
8958,230618_4-2-2.tif,"[1666.029296875, 5725.5703125, 24.8251953125, 33.10331726074219]",0.7384005784988403,1
8959,230618_4-2-2.tif,"[7169.1420974731445, 427.716064453125, 20.94054412841797, 32.57257080078125]",0.7380922436714172,1
8960,230618_4-2-2.tif,"[2476.4314575195312, 7187.7927169799805, 17.10986328125, 34.82579803466797]",0.7376510500907898,1
8961,230618_4-2-2.tif,"[6151.798534393311, 2140.4134521484375, 32.05778503417969, 30.283203125]",0.7374705076217651,1
8962,230618_4-2-2.tif,"[8248.077392578125, 4075.6165161132812, 20.266845703125, 36.18560791015625]",0.7371250987052917,1
8963,230618_4-2-2.tif,"[4267.976623535156, 1786.070816040039, 37.06573486328125, 21.642684936523438]",0.7362779974937439,1
8964,230618_4-2-2.tif,"[8583.157165527344, 5183.383819580078, 26.86962890625, 24.6002197265625]",0.7354023456573486,1
8965,230618_4-2-2.tif,"[543.1325263977051, 355.9970703125, 21.79845428466797, 34.09326171875]",0.7346722483634949,1
8966,230618_4-2-2.tif,"[6408.5462646484375, 1462.3373413085938, 25.47796630859375, 28.8291015625]",0.734548032283783,1
8967,230618_4-2-2.tif,"[2154.201171875, 6529.552185058594, 22.697525024414062, 32.9296875]",0.7341792583465576,1
8968,230618_4-2-2.tif,"[153.47988891601562, 8625.922241210938, 29.7496337890625, 26.63653564453125]",0.7340570092201233,1
8969,230618_4-2-2.tif,"[2947.310302734375, 6574.6312255859375, 26.337646484375, 23.644775390625]",0.7337672114372253,1
8970,230618_4-2-2.tif,"[5003.666412353516, 1554.4080810546875, 39.763763427734375, 17.614974975585938]",0.7332112789154053,1
8971,230618_4-2-2.tif,"[96.49604797363281, 9971.801391601562, 21.977874755859375, 22.5797119140625]",0.7331931591033936,1
8972,230618_4-2-2.tif,"[2940.3597412109375, 6757.028297424316, 34.0765380859375, 22.455894470214844]",0.7331025004386902,1
8973,230618_4-2-2.tif,"[1012.0833740234375, 284.923828125, 16.601806640625, 36.86083984375]",0.7328252792358398,1
8974,230618_4-2-2.tif,"[1809.825927734375, 3169.9929962158203, 37.9512939453125, 21.983444213867188]",0.7324391603469849,1
8975,230618_4-2-2.tif,"[8061.462646484375, 6410.798156738281, 30.072509765625, 21.26025390625]",0.7318689227104187,1
8976,230618_4-2-2.tif,"[1254.1344604492188, 9532.165985107422, 41.334716796875, 20.75189208984375]",0.7315442562103271,1
8977,230618_4-2-2.tif,"[4580.215087890625, 732.1327972412109, 36.229736328125, 18.305267333984375]",0.7312820553779602,1
8978,230618_4-2-2.tif,"[8649.576110839844, 5527.294769287109, 32.9915771484375, 17.01922607421875]",0.7311390042304993,1
8979,230618_4-2-2.tif,"[7574.86279296875, 6180.82470703125, 144.3408203125, 212.25]",0.7304496765136719,1
8980,230618_4-2-2.tif,"[4652.966552734375, 696.9591674804688, 19.6365966796875, 36.51336669921875]",0.7302805185317993,1
8981,230618_4-2-2.tif,"[4783.23291015625, 2083.921142578125, 38.12724304199219, 19.419021606445312]",0.7297536134719849,1
8982,230618_4-2-2.tif,"[1849.4234619140625, 1514.0719604492188, 22.25830078125, 32.544172286987305]",0.7288915514945984,1
8983,230618_4-2-2.tif,"[14.193489074707031, 200.45721435546875, 18.515209197998047, 39.25909423828125]",0.7285854816436768,1
8984,230618_4-2-2.tif,"[6695.281478881836, 5730.0789794921875, 36.06141662597656, 47.83058166503906]",0.7283951640129089,1
8985,230618_4-2-2.tif,"[7127.2650146484375, 6270.244369506836, 40.638916015625, 19.457489013671875]",0.7282076478004456,1
8986,230618_4-2-2.tif,"[8081.0635986328125, 6109.833312988281, 21.4638671875, 47.69746112823486]",0.728122353553772,1
8987,230618_4-2-2.tif,"[1608.3800659179688, 2855.2388916015625, 25.7481689453125, 26.086669921875]",0.7280895113945007,1
8988,230618_4-2-2.tif,"[7950.621398925781, 8003.305236816406, 25.31170654296875, 31.2955322265625]",0.727928102016449,1
8989,230618_4-2-2.tif,"[7741.3494300842285, 2138.1505737304688, 25.066097259521484, 34.88494873046875]",0.7277697324752808,1
8990,230618_4-2-2.tif,"[6159.986534118652, 1806.7436218261719, 38.81947326660156, 17.3607177734375]",0.7277262806892395,1
8991,230618_4-2-2.tif,"[690.2843627929688, 2111.2706298828125, 33.329925537109375, 17.265274047851562]",0.7271562814712524,1
8992,230618_4-2-2.tif,"[552.1814117431641, 50.49327087402344, 21.620819091796875, 27.56903076171875]",0.725761353969574,1
8993,230618_4-2-2.tif,"[191.90716552734375, 9666.572814941406, 24.964874267578125, 28.112945556640625]",0.7256702184677124,1
8994,230618_4-2-2.tif,"[5376.856384277344, 3136.227783203125, 23.861328125, 29.2205810546875]",0.7252214550971985,1
8995,230618_4-2-2.tif,"[7447.0595703125, 6284.14697265625, 25.62158203125, 27.022857666015625]",0.7246191501617432,1
8996,230618_4-2-2.tif,"[126.02056884765625, 2571.985610961914, 27.87249755859375, 29.575912475585938]",0.723892331123352,1
8997,230618_4-2-2.tif,"[5346.026321411133, 1209.2693786621094, 26.918060302734375, 31.6898193359375]",0.7234633564949036,1
8998,230618_4-2-2.tif,"[7782.294593811035, 8373.667572021484, 25.098876953125, 49.69598388671875]",0.7233183979988098,1
8999,230618_4-2-2.tif,"[235.87713623046875, 408.8650817871094, 27.38812255859375, 39.96759033203125]",0.7232313752174377,1
9000,230618_4-2-2.tif,"[146.85049438476562, 538.3173141479492, 26.755462646484375, 37.81688690185547]",0.7229033708572388,1
9001,230618_4-2-2.tif,"[752.3098754882812, 1257.684814453125, 28.05255126953125, 22.5711669921875]",0.7223812937736511,1
9002,230618_4-2-2.tif,"[1894.7333984375, 3400.4263305664062, 46.9525146484375, 17.8802490234375]",0.7219314575195312,1
9003,230618_4-2-2.tif,"[5070.7733154296875, 1495.1163024902344, 25.337646484375, 25.44293212890625]",0.7217667698860168,1
9004,230618_4-2-2.tif,"[7399.129379272461, 3316.7615661621094, 18.469940185546875, 40.476318359375]",0.7215964794158936,1
9005,230618_4-2-2.tif,"[2155.8901977539062, 5624.4453125, 23.587432861328125, 34.2730712890625]",0.7209177613258362,1
9006,230618_4-2-2.tif,"[5845.457809448242, 2582.246871948242, 39.7730712890625, 34.48994445800781]",0.7207089066505432,1
9007,230618_4-2-2.tif,"[1769.5907592773438, 5357.317810058594, 22.399261474609375, 36.55072021484375]",0.7206242084503174,1
9008,230618_4-2-2.tif,"[3194.2794189453125, 7698.531005859375, 32.180023193359375, 15.873779296875]",0.7196815609931946,1
9009,230618_4-2-2.tif,"[6890.961364746094, 584.58642578125, 17.817276000976562, 29.4320068359375]",0.7195228934288025,1
9010,230618_4-2-2.tif,"[7899.291152954102, 3668.9697265625, 18.2989501953125, 36.8544921875]",0.7186300754547119,1
9011,230618_4-2-2.tif,"[7115.651611328125, 748.6498413085938, 40.79974365234375, 32.36102294921875]",0.7185782194137573,1
9012,230618_4-2-2.tif,"[1842.5903930664062, 5086.779266357422, 35.1561279296875, 22.00518798828125]",0.7185003161430359,1
9013,230618_4-2-2.tif,"[2955.9768981933594, 1672.1493682861328, 21.62420654296875, 28.42236328125]",0.7181691527366638,1
9014,230618_4-2-2.tif,"[1880.9764404296875, 5594.735168457031, 17.3486328125, 33.991943359375]",0.7178543210029602,1
9015,230618_4-2-2.tif,"[232.13137817382812, 7714.3489990234375, 30.803314208984375, 29.621826171875]",0.7177249193191528,1
9016,230618_4-2-2.tif,"[1174.82763671875, 1939.6041259765625, 18.936767578125, 48.88409423828125]",0.7170242667198181,1
9017,230618_4-2-2.tif,"[600.1556396484375, 2679.2603759765625, 30.557296752929688, 27.240631103515625]",0.7168372869491577,1
9018,230618_4-2-2.tif,"[7066.5750732421875, 6589.8974609375, 30.42486572265625, 32.308349609375]",0.7167077660560608,1
9019,230618_4-2-2.tif,"[5838.722625732422, 2704.5015411376953, 29.04205322265625, 15.200897216796875]",0.7166296243667603,1
9020,230618_4-2-2.tif,"[6573.008483886719, 925.4542236328125, 22.326904296875, 26.875]",0.7165141701698303,1
9021,230618_4-2-2.tif,"[1585.795654296875, 2613.690185546875, 26.443313598632812, 14.108642578125]",0.7162204384803772,1
9022,230618_4-2-2.tif,"[403.85736083984375, 9500.171020507812, 21.9952392578125, 26.6058349609375]",0.7159306406974792,1
9023,230618_4-2-2.tif,"[5873.642303466797, 473.47308349609375, 19.1175537109375, 37.92236328125]",0.7158938646316528,1
9024,230618_4-2-2.tif,"[2612.6552124023438, 4668.8779296875, 23.098419189453125, 28.311813354492188]",0.7151384949684143,1
9025,230618_4-2-2.tif,"[3031.2914428710938, 7819.736724853516, 19.13897705078125, 43.4215087890625]",0.714964747428894,1
9026,230618_4-2-2.tif,"[5862.343994140625, 4091.14208984375, 36.779388427734375, 30.591060638427734]",0.7148900032043457,1
9027,230618_4-2-2.tif,"[2174.3606567382812, 4090.3539428710938, 23.928375244140625, 12.9708251953125]",0.7146103382110596,1
9028,230618_4-2-2.tif,"[943.6849060058594, 1798.698974609375, 38.13201904296875, 21.049560546875]",0.7141567468643188,1
9029,230618_4-2-2.tif,"[8021.87646484375, 3342.166015625, 21.367919921875, 34.740966796875]",0.713421106338501,1
9030,230618_4-2-2.tif,"[1593.397071838379, 9656.918701171875, 21.23729705810547, 39.173828125]",0.7128239870071411,1
9031,230618_4-2-2.tif,"[8595.577087402344, 5882.314880371094, 16.455078125, 34.185546875]",0.7126418948173523,1
9032,230618_4-2-2.tif,"[7634.194061279297, 4876.7464599609375, 38.82904052734375, 17.7237548828125]",0.7126414179801941,1
9033,230618_4-2-2.tif,"[7218.98583984375, 6686.934185028076, 26.105224609375, 26.197040557861328]",0.7123530507087708,1
9034,230618_4-2-2.tif,"[2302.610336303711, 3628.045394897461, 21.084945678710938, 33.27674102783203]",0.7117074131965637,1
9035,230618_4-2-2.tif,"[5982.272216796875, 886.7235107421875, 37.2333984375, 37.896484375]",0.7116777300834656,1
9036,230618_4-2-2.tif,"[825.5038146972656, 8073.374969482422, 19.430419921875, 37.07684326171875]",0.7113874554634094,1
9037,230618_4-2-2.tif,"[7469.4161376953125, 335.1580505371094, 23.77490234375, 45.614501953125]",0.7102446556091309,1
9038,230618_4-2-2.tif,"[385.4295654296875, 1510.3187866210938, 28.71435546875, 33.456298828125]",0.709900438785553,1
9039,230618_4-2-2.tif,"[7849.56689453125, 7999.9403076171875, 22.356292724609375, 31.683837890625]",0.7071474194526672,1
9040,230618_4-2-2.tif,"[5530.065246582031, 1524.0222778320312, 19.21807861328125, 33.2767219543457]",0.7061762809753418,1
9041,230618_4-2-2.tif,"[5667.084259033203, 1003.1122741699219, 39.916168212890625, 17.11724853515625]",0.7059081196784973,1
9042,230618_4-2-2.tif,"[2639.7961959838867, 6022.08154296875, 29.21100616455078, 17.822998046875]",0.7059059143066406,1
9043,230618_4-2-2.tif,"[1666.5014343261719, 6768.80973815918, 14.52911376953125, 30.064117431640625]",0.7052491903305054,1
9044,230618_4-2-2.tif,"[3178.385055541992, 6652.154968261719, 24.884429931640625, 18.5424222946167]",0.7051987051963806,1
9045,230618_4-2-2.tif,"[1676.4061279296875, 5058.651580810547, 30.30950927734375, 32.83197021484375]",0.7042675614356995,1
9046,230618_4-2-2.tif,"[2888.4111328125, 6966.177947998047, 29.3992919921875, 25.8685302734375]",0.7034822702407837,1
9047,230618_4-2-2.tif,"[5809.714782714844, 3324.383560180664, 33.7291259765625, 16.341903686523438]",0.7033789753913879,1
9048,230618_4-2-2.tif,"[868.888671875, 2482.7164916992188, 18.7337646484375, 38.965087890625]",0.7021723985671997,1
9049,230618_4-2-2.tif,"[1855.8665771484375, 3294.876678466797, 28.03662109375, 17.44610595703125]",0.7017276287078857,1
9050,230618_4-2-2.tif,"[5924.0789794921875, 1902.1117553710938, 35.20166015625, 17.42352294921875]",0.7016680836677551,1
9051,230618_4-2-2.tif,"[537.5058040618896, 9055.637084960938, 22.50139808654785, 32.25830078125]",0.7014628648757935,1
9052,230618_4-2-2.tif,"[5614.674011230469, 376.2574768066406, 17.8612060546875, 35.07281494140625]",0.7007216811180115,1
9053,230618_4-2-2.tif,"[5085.289245605469, 1625.759033203125, 34.969482421875, 16.17041015625]",0.6992639303207397,1
9054,230618_4-2-2.tif,"[6774.19034576416, 3618.3893241882324, 51.97875213623047, 20.255897521972656]",0.6989384293556213,1
9055,230618_4-2-2.tif,"[2612.130340576172, 5228.25390625, 35.12892150878906, 19.4285888671875]",0.6984871625900269,1
9056,230618_4-2-2.tif,"[5881.876739501953, 232.98330688476562, 30.710205078125, 22.25421142578125]",0.6981313228607178,1
9057,230618_4-2-2.tif,"[5563.612548828125, 2314.2833251953125, 38.83251953125, 20.6387939453125]",0.6981213688850403,1
9058,230618_4-2-2.tif,"[3285.1421813964844, 7227.153125762939, 28.3331298828125, 21.854183197021484]",0.6976054310798645,1
9059,230618_4-2-2.tif,"[6906.7239990234375, 3650.577392578125, 34.97027587890625, 21.141357421875]",0.6972424387931824,1
9060,230618_4-2-2.tif,"[2889.0421752929688, 6431.191589355469, 24.6944580078125, 21.2220458984375]",0.6970569491386414,1
9061,230618_4-2-2.tif,"[2656.244384765625, 8140.800048828125, 26.465087890625, 41.65478515625]",0.6965131759643555,1
9062,230618_4-2-2.tif,"[6980.293060302734, 1075.6796875, 29.45977783203125, 27.106689453125]",0.695537805557251,1
9063,230618_4-2-2.tif,"[7617.617858886719, 6800.9276123046875, 23.80096435546875, 26.13128662109375]",0.6947758793830872,1
9064,230618_4-2-2.tif,"[7489.635498046875, 2119.879440307617, 44.638427734375, 19.3699951171875]",0.6942412853240967,1
9065,230618_4-2-2.tif,"[2426.9085998535156, 5386.1334228515625, 22.19842529296875, 35.494873046875]",0.6942303776741028,1
9066,230618_4-2-2.tif,"[7207.161109924316, 6490.809295654297, 26.330955505371094, 45.7789306640625]",0.6926440596580505,1
9067,230618_4-2-2.tif,"[1973.6535034179688, 3545.3466796875, 32.654541015625, 18.0220947265625]",0.6925532221794128,1
9068,230618_4-2-2.tif,"[3460.5509643554688, 7433.604156494141, 45.342041015625, 27.69317626953125]",0.6922101974487305,1
9069,230618_4-2-2.tif,"[1662.5957412719727, 2838.231719970703, 22.13396453857422, 16.168701171875]",0.6920046806335449,1
9070,230618_4-2-2.tif,"[156.4456329345703, 3103.2796630859375, 42.6876220703125, 21.393142700195312]",0.6908109188079834,1
9071,230618_4-2-2.tif,"[6283.106201171875, 1133.661376953125, 26.780609130859375, 17.976661682128906]",0.6906450390815735,1
9072,230618_4-2-2.tif,"[8079.4100341796875, 5771.90673828125, 34.2520751953125, 16.0059814453125]",0.6905341744422913,1
9073,230618_4-2-2.tif,"[3337.3543701171875, 7540.774353027344, 24.93280029296875, 40.691650390625]",0.6902099847793579,1
9074,230618_4-2-2.tif,"[353.5087890625, 9258.96036529541, 24.7291259765625, 24.800804138183594]",0.6896550059318542,1
9075,230618_4-2-2.tif,"[2061.531005859375, 3801.907470703125, 32.360477447509766, 14.41046142578125]",0.6895687580108643,1
9076,230618_4-2-2.tif,"[3852.693328857422, 338.95465087890625, 20.0966796875, 36.044677734375]",0.6890801787376404,1
9077,230618_4-2-2.tif,"[1010.5494384765625, 1558.518362045288, 16.42864990234375, 35.780527114868164]",0.6883116364479065,1
9078,230618_4-2-2.tif,"[5711.283630371094, 354.39727783203125, 18.54736328125, 31.111083984375]",0.6882981657981873,1
9079,230618_4-2-2.tif,"[7788.658645629883, 1827.44189453125, 22.446380615234375, 38.28765869140625]",0.6878694295883179,1
9080,230618_4-2-2.tif,"[1190.458267211914, 6432.055908203125, 30.55316162109375, 26.439453125]",0.6861526966094971,1
9081,230618_4-2-2.tif,"[6957.4403076171875, 4585.531799316406, 39.156494140625, 28.64111328125]",0.6852405667304993,1
9082,230618_4-2-2.tif,"[8467.604217529297, 6065.841339111328, 20.2762451171875, 27.79974365234375]",0.6840484738349915,1
9083,230618_4-2-2.tif,"[4884.363189697266, 128.18441772460938, 37.326171875, 19.821868896484375]",0.6836863160133362,1
9084,230618_4-2-2.tif,"[2279.390625, 7241.324020385742, 20.2396240234375, 35.73371887207031]",0.683480978012085,1
9085,230618_4-2-2.tif,"[499.11767578125, 2247.383819580078, 23.073135375976562, 33.49432373046875]",0.6821617484092712,1
9086,230618_4-2-2.tif,"[2128.514892578125, 7183.382995605469, 30.5234375, 33.938720703125]",0.6812015771865845,1
9087,230618_4-2-2.tif,"[4377.13427734375, 2566.857177734375, 304.76171875, 234.138671875]",0.6810433268547058,1
9088,230618_4-2-2.tif,"[5654.521862030029, 2910.05615234375, 21.09002685546875, 47.15606689453125]",0.6804085373878479,1
9089,230618_4-2-2.tif,"[7922.768280029297, 6831.721740722656, 21.14263916015625, 29.16925048828125]",0.680366575717926,1
9090,230618_4-2-2.tif,"[1353.4866943359375, 1824.6968994140625, 14.4654541015625, 26.79931640625]",0.6802827715873718,1
9091,230618_4-2-2.tif,"[549.173828125, 9834.810119628906, 31.63330078125, 40.02093505859375]",0.679224967956543,1
9092,230618_4-2-2.tif,"[2724.086395263672, 6954.085144042969, 17.55682373046875, 35.47308349609375]",0.6791551113128662,1
9093,230618_4-2-2.tif,"[5207.020523071289, 145.15093994140625, 20.870513916015625, 45.38323974609375]",0.6788884997367859,1
9094,230618_4-2-2.tif,"[7039.546722412109, 8432.532318115234, 28.43951416015625, 25.25128173828125]",0.6788315773010254,1
9095,230618_4-2-2.tif,"[7833.371963500977, 4736.610137939453, 21.3709716796875, 24.507568359375]",0.67684406042099,1
9096,230618_4-2-2.tif,"[431.93548583984375, 1480.2910766601562, 37.174072265625, 38.0390625]",0.6759893894195557,1
9097,230618_4-2-2.tif,"[428.7099304199219, 2044.0554504394531, 28.08526611328125, 27.882537841796875]",0.6745213866233826,1
9098,230618_4-2-2.tif,"[1365.4730224609375, 9589.135131835938, 32.93609619140625, 15.72216796875]",0.6743975281715393,1
9099,230618_4-2-2.tif,"[1331.6828002929688, 372.2463073730469, 23.72467041015625, 47.6207275390625]",0.6741839647293091,1
9100,230618_4-2-2.tif,"[3338.2762451171875, 4561.3988037109375, 21.11328125, 34.863525390625]",0.6739509105682373,1
9101,230618_4-2-2.tif,"[4466.268798828125, 685.1438598632812, 20.667236328125, 46.86004638671875]",0.6736698746681213,1
9102,230618_4-2-2.tif,"[6076.2589111328125, 778.260498046875, 27.2459716796875, 27.89892578125]",0.6732197999954224,1
9103,230618_4-2-2.tif,"[1568.9976196289062, 2565.029525756836, 39.8807373046875, 18.223094940185547]",0.672685444355011,1
9104,230618_4-2-2.tif,"[3365.2054443359375, 1476.0030517578125, 19.037841796875, 54.5679931640625]",0.6726394295692444,1
9105,230618_4-2-2.tif,"[5720.755630493164, 680.2291259765625, 26.674240112304688, 34.814453125]",0.6726020574569702,1
9106,230618_4-2-2.tif,"[1098.55517578125, 9271.061809539795, 26.326141357421875, 24.019489288330078]",0.6712793111801147,1
9107,230618_4-2-2.tif,"[7995.751007080078, 4959.8665771484375, 47.27862548828125, 26.1649169921875]",0.671165406703949,1
9108,230618_4-2-2.tif,"[3486.559814453125, 613.5809097290039, 25.2091064453125, 15.480369567871094]",0.6708319783210754,1
9109,230618_4-2-2.tif,"[1001.1329956054688, 9611.831237792969, 14.6346435546875, 30.80902099609375]",0.6705583333969116,1
9110,230618_4-2-2.tif,"[2121.2042236328125, 96.48492431640625, 21.162796020507812, 38.35624694824219]",0.6701393723487854,1
9111,230618_4-2-2.tif,"[6969.089904785156, 6237.574859619141, 28.885528564453125, 46.029876708984375]",0.6700891852378845,1
9112,230618_4-2-2.tif,"[5983.17041015625, 336.5351257324219, 17.05035400390625, 36.5382080078125]",0.6689808368682861,1
9113,230618_4-2-2.tif,"[4788.655334472656, 2308.759796142578, 19.01361083984375, 32.9793701171875]",0.6686410903930664,1
9114,230618_4-2-2.tif,"[4468.148193359375, 1400.0147094726562, 15.72760009765625, 31.41900634765625]",0.6683517098426819,1
9115,230618_4-2-2.tif,"[907.6140747070312, 1374.1625671386719, 20.39691162109375, 23.87554931640625]",0.6681639552116394,1
9116,230618_4-2-2.tif,"[6591.038391113281, 7237.4808349609375, 33.60784912109375, 45.78233337402344]",0.6679672598838806,1
9117,230618_4-2-2.tif,"[7772.187301635742, 2359.2254028320312, 21.640228271484375, 37.4671630859375]",0.6678095459938049,1
9118,230618_4-2-2.tif,"[2140.909423828125, 6788.2667236328125, 23.3994140625, 47.43011474609375]",0.6675875782966614,1
9119,230618_4-2-2.tif,"[572.3370361328125, 7640.568298339844, 25.0836181640625, 34.45916748046875]",0.6666504740715027,1
9120,230618_4-2-2.tif,"[8184.724060058594, 3477.2297973632812, 33.7545166015625, 42.2142333984375]",0.6665560603141785,1
9121,230618_4-2-2.tif,"[5117.2774658203125, 114.2546157836914, 38.0531005859375, 36.955284118652344]",0.6663248538970947,1
9122,230618_4-2-2.tif,"[8491.304748535156, 3394.3650512695312, 40.272216796875, 20.6790771484375]",0.6654107570648193,1
9123,230618_4-2-2.tif,"[2804.070755004883, 7295.670394897461, 36.30149841308594, 49.64788818359375]",0.6650901436805725,1
9124,230618_4-2-2.tif,"[1298.7912902832031, 9729.872375488281, 19.1090087890625, 43.96710205078125]",0.6650735139846802,1
9125,230618_4-2-2.tif,"[8.33227252960205, 158.6513214111328, 25.749625205993652, 29.79541015625]",0.664126455783844,1
9126,230618_4-2-2.tif,"[7623.904632568359, 3092.0552978515625, 21.92462158203125, 45.748046875]",0.6633758544921875,1
9127,230618_4-2-2.tif,"[2273.3709411621094, 5012.783203125, 21.390380859375, 24.8284912109375]",0.6618291735649109,1
9128,230618_4-2-2.tif,"[4963.230773925781, 1468.514404296875, 19.44287109375, 32.8580322265625]",0.6598567962646484,1
9129,230618_4-2-2.tif,"[1055.4390869140625, 9145.343017578125, 25.078880310058594, 42.59808349609375]",0.6598311066627502,1
9130,230618_4-2-2.tif,"[2174.0223083496094, 5332.510040283203, 16.56805419921875, 37.90997314453125]",0.6596812009811401,1
9131,230618_4-2-2.tif,"[683.3207092285156, 2794.5965576171875, 33.783599853515625, 15.73406982421875]",0.6594546437263489,1
9132,230618_4-2-2.tif,"[1532.8919677734375, 330.66900634765625, 16.94140625, 36.9906005859375]",0.659074604511261,1
9133,230618_4-2-2.tif,"[5109.716247558594, 3280.810775756836, 32.77711486816406, 23.421035766601562]",0.658887505531311,1
9134,230618_4-2-2.tif,"[7622.543029785156, 7008.982482910156, 27.562255859375, 27.31396484375]",0.6587828993797302,1
9135,230618_4-2-2.tif,"[1249.5238037109375, 3766.1580200195312, 44.26470947265625, 19.2265625]",0.6587803959846497,1
9136,230618_4-2-2.tif,"[263.62701416015625, 1580.963150024414, 46.6806640625, 25.501914978027344]",0.6586383581161499,1
9137,230618_4-2-2.tif,"[8025.689300537109, 5121.13720703125, 32.3826904296875, 33.752967834472656]",0.6577531695365906,1
9138,230618_4-2-2.tif,"[4389.595947265625, 1172.8052368164062, 35.0509033203125, 18.26983642578125]",0.6547507643699646,1
9139,230618_4-2-2.tif,"[2927.526824951172, 4481.678039550781, 29.03466796875, 18.6549072265625]",0.6538276076316833,1
9140,230618_4-2-2.tif,"[2552.6847229003906, 8233.715202331543, 30.820281982421875, 31.21894073486328]",0.6533945798873901,1
9141,230618_4-2-2.tif,"[3211.983139038086, 6763.408676147461, 40.57380676269531, 19.426162719726562]",0.6525518894195557,1
9142,230618_4-2-2.tif,"[2367.656982421875, 5802.05419921875, 165.9404296875, 229.0390625]",0.6523125767707825,1
9143,230618_4-2-2.tif,"[8607.193542480469, 5793.653991699219, 18.87152099609375, 29.361572265625]",0.6517032384872437,1
9144,230618_4-2-2.tif,"[7869.66877746582, 4988.622619628906, 46.060333251953125, 17.7685546875]",0.6512383818626404,1
9145,230618_4-2-2.tif,"[7294.270790100098, 401.6028137207031, 35.06395721435547, 17.17022705078125]",0.6511347889900208,1
9146,230618_4-2-2.tif,"[324.4930725097656, 1537.043701171875, 46.60443115234375, 45.754150390625]",0.6504961252212524,1
9147,230618_4-2-2.tif,"[7662.1097412109375, 6737.674377441406, 20.9918212890625, 34.574462890625]",0.6500740051269531,1
9148,230618_4-2-2.tif,"[7274.186248779297, 3101.830322265625, 18.80523681640625, 62.14923095703125]",0.6497828960418701,1
9149,230618_4-2-2.tif,"[5596.0950927734375, 814.6758728027344, 23.5277099609375, 49.54278564453125]",0.6495901346206665,1
9150,230618_4-2-2.tif,"[6504.387939453125, 4407.849792480469, 35.1341552734375, 21.95068359375]",0.6490546464920044,1
9151,230618_4-2-2.tif,"[133.57569885253906, 7190.015640258789, 22.171295166015625, 51.66981506347656]",0.6490439772605896,1
9152,230618_4-2-2.tif,"[0.148223876953125, 8299.014205932617, 12.059270858764648, 38.03892517089844]",0.6487888693809509,1
9153,230618_4-2-2.tif,"[667.285888671875, 7443.116363525391, 20.71881103515625, 37.857177734375]",0.648503303527832,1
9154,230618_4-2-2.tif,"[766.1554565429688, 3023.8272094726562, 32.62298583984375, 21.9366455078125]",0.6476186513900757,1
9155,230618_4-2-2.tif,"[7883.767272949219, 6684.62255859375, 33.787322998046875, 20.01904296875]",0.6466767191886902,1
9156,230618_4-2-2.tif,"[595.734748840332, 1499.0372009277344, 16.949783325195312, 25.49932861328125]",0.6465930342674255,1
9157,230618_4-2-2.tif,"[4016.085205078125, 233.86151123046875, 22.565185546875, 50.2427978515625]",0.6452111601829529,1
9158,230618_4-2-2.tif,"[7830.9080810546875, 4497.244720458984, 43.6324462890625, 24.32354736328125]",0.6446150541305542,1
9159,230618_4-2-2.tif,"[6319.98486328125, 3181.803024291992, 39.025238037109375, 38.801849365234375]",0.6437341570854187,1
9160,230618_4-2-2.tif,"[2645.2374572753906, 7130.831237792969, 56.48956298828125, 39.42877197265625]",0.643557071685791,1
9161,230618_4-2-2.tif,"[1465.6083984375, 2334.754608154297, 45.15234375, 19.478271484375]",0.6422938108444214,1
9162,230618_4-2-2.tif,"[2128.1895141601562, 3990.4880981445312, 14.170135498046875, 40.75213623046875]",0.6417585015296936,1
9163,230618_4-2-2.tif,"[1209.2008972167969, 9642.843231201172, 18.1556396484375, 41.91351318359375]",0.6415436267852783,1
9164,230618_4-2-2.tif,"[2943.0206909179688, 2546.7425231933594, 18.0146484375, 49.458526611328125]",0.641162633895874,1
9165,230618_4-2-2.tif,"[7527.742370605469, 4292.264617919922, 46.694580078125, 20.6807861328125]",0.6398591995239258,1
9166,230618_4-2-2.tif,"[5274.819976806641, 2895.5623474121094, 41.756988525390625, 19.88800048828125]",0.639751672744751,1
9167,230618_4-2-2.tif,"[5182.9476318359375, 1398.2015686035156, 18.031707763671875, 42.0084228515625]",0.6394588351249695,1
9168,230618_4-2-2.tif,"[7425.6121826171875, 2640.788200378418, 35.39923095703125, 22.07202911376953]",0.6390172243118286,1
9169,230618_4-2-2.tif,"[5117.562561035156, 1264.1340637207031, 29.185531616210938, 24.572509765625]",0.6375703811645508,1
9170,230618_4-2-2.tif,"[4995.117614746094, 1618.5104751586914, 38.7183837890625, 22.968276977539062]",0.6370965242385864,1
9171,230618_4-2-2.tif,"[7665.789337158203, 1998.9224243164062, 32.254119873046875, 39.1583251953125]",0.6362621784210205,1
9172,230618_4-2-2.tif,"[1739.0445861816406, 3017.95703125, 33.287353515625, 18.6727294921875]",0.6357831358909607,1
9173,230618_4-2-2.tif,"[7264.929290771484, 193.95989990234375, 28.425262451171875, 40.788330078125]",0.6349135637283325,1
9174,230618_4-2-2.tif,"[3025.9992065429688, 1599.8444709777832, 26.7117919921875, 50.23464584350586]",0.6344508528709412,1
9175,230618_4-2-2.tif,"[5325.149353027344, 3049.0709228515625, 52.4371337890625, 26.5350341796875]",0.6337182521820068,1
9176,230618_4-2-2.tif,"[386.8545837402344, 7713.613876342773, 27.66619873046875, 49.932960510253906]",0.6331645846366882,1
9177,230618_4-2-2.tif,"[454.87237548828125, 9461.090713500977, 39.25390625, 30.273788452148438]",0.6331644058227539,1
9178,230618_4-2-2.tif,"[742.1543884277344, 1606.961181640625, 25.31072998046875, 40.3355712890625]",0.6330409049987793,1
9179,230618_4-2-2.tif,"[1375.5108032226562, 6677.000562667847, 31.715576171875, 37.95878791809082]",0.6329650282859802,1
9180,230618_4-2-2.tif,"[259.69879150390625, 8005.57275390625, 28.7412109375, 24.3017578125]",0.6328662633895874,1
9181,230618_4-2-2.tif,"[5714.542053222656, 2212.1790161132812, 31.34222412109375, 51.355072021484375]",0.6320334076881409,1
9182,230618_4-2-2.tif,"[574.674674987793, 2579.095169067383, 42.29869842529297, 20.284469604492188]",0.6317241191864014,1
9183,230618_4-2-2.tif,"[2825.838165283203, 5869.077911376953, 16.5562744140625, 32.3367919921875]",0.6309364438056946,1
9184,230618_4-2-2.tif,"[5692.7662353515625, 1907.3150939941406, 22.411376953125, 42.29779052734375]",0.6304536461830139,1
9185,230618_4-2-2.tif,"[8130.893035888672, 3163.955612182617, 40.20245361328125, 36.973358154296875]",0.629572868347168,1
9186,230618_4-2-2.tif,"[3244.2803955078125, 1843.4822998046875, 31.31524658203125, 17.376708984375]",0.6287294030189514,1
9187,230618_4-2-2.tif,"[4894.577819824219, 15.425647735595703, 31.4202880859375, 43.051849365234375]",0.6276555061340332,1
9188,230618_4-2-2.tif,"[4157.425720214844, 1743.306884765625, 26.90301513671875, 28.43951416015625]",0.627007782459259,1
9189,230618_4-2-2.tif,"[5942.346618652344, 4555.783203125, 233.73004150390625, 185.533203125]",0.6264828443527222,1
9190,230618_4-2-2.tif,"[3019.179931640625, 5826.810791015625, 26.9884033203125, 18.925384521484375]",0.6242953538894653,1
9191,230618_4-2-2.tif,"[4941.608093261719, 8996.52914428711, 22.0645751953125, 35.64947509765625]",0.6241095066070557,1
9192,230618_4-2-2.tif,"[4623.342506408691, 1396.3798217773438, 33.310237884521484, 24.5374755859375]",0.6237514615058899,1
9193,230618_4-2-2.tif,"[6748.0029296875, 193.51052856445312, 23.6405029296875, 54.05023193359375]",0.6235994100570679,1
9194,230618_4-2-2.tif,"[7528.9423828125, 6918.876892089844, 41.337158203125, 34.4278564453125]",0.6229524612426758,1
9195,230618_4-2-2.tif,"[6479.459716796875, 30.437973022460938, 39.3443603515625, 26.63098907470703]",0.6225197315216064,1
9196,230618_4-2-2.tif,"[2141.9432373046875, 7263.649169921875, 25.4576416015625, 18.29168701171875]",0.6216981410980225,1
9197,230618_4-2-2.tif,"[6312.167007446289, 649.2140197753906, 32.47808837890625, 41.34033203125]",0.6215698719024658,1
9198,230618_4-2-2.tif,"[7447.303955078125, 3339.9027709960938, 23.893310546875, 44.466064453125]",0.6207742691040039,1
9199,230618_4-2-2.tif,"[5601.074951171875, 486.43572998046875, 34.9775390625, 50.389404296875]",0.6195772886276245,1
9200,230618_4-2-2.tif,"[1560.951904296875, 1247.5303649902344, 27.763916015625, 28.14666748046875]",0.6194535493850708,1
9201,230618_4-2-2.tif,"[5392.529113769531, 1091.052864074707, 39.3946533203125, 24.98834228515625]",0.6179642677307129,1
9202,230618_4-2-2.tif,"[6767.316436767578, 464.26556396484375, 39.959259033203125, 30.7440185546875]",0.6171656847000122,1
9203,230618_4-2-2.tif,"[2555.6672973632812, 6664.748477935791, 22.42474365234375, 51.95418167114258]",0.6165650486946106,1
9204,230618_4-2-2.tif,"[863.90087890625, 1228.2453002929688, 22.184326171875, 30.00921630859375]",0.6164401173591614,1
9205,230618_4-2-2.tif,"[7834.941650390625, 2843.3602294921875, 20.666259765625, 40.3154296875]",0.615596354007721,1
9206,230618_4-2-2.tif,"[8671.362548828125, 3844.0728149414062, 18.3179931640625, 35.3447265625]",0.6141705513000488,1
9207,230618_4-2-2.tif,"[5369.511566162109, 1425.877685546875, 19.2723388671875, 31.4039306640625]",0.6111194491386414,1
9208,230618_4-2-2.tif,"[6508.923156738281, 987.9498901367188, 18.2291259765625, 46.5946044921875]",0.610901951789856,1
9209,230618_4-2-2.tif,"[1851.5402221679688, 6629.742858886719, 27.672119140625, 51.26397705078125]",0.6093836426734924,1
9210,230618_4-2-2.tif,"[3794.724822998047, 1469.2105102539062, 41.931427001953125, 44.07568359375]",0.6093432307243347,1
9211,230618_4-2-2.tif,"[2287.7984619140625, 4383.0704345703125, 30.070556640625, 19.66021728515625]",0.6090489625930786,1
9212,230618_4-2-2.tif,"[2392.247344970703, 5761.750625610352, 39.2457275390625, 15.489349365234375]",0.6071937680244446,1
9213,230618_4-2-2.tif,"[5415.162200927734, 892.092041015625, 17.5943603515625, 37.229248046875]",0.6063454747200012,1
9214,230618_4-2-2.tif,"[1253.7478332519531, 8651.619995117188, 20.028076171875, 51.69512939453125]",0.6034199595451355,1
9215,230618_4-2-2.tif,"[277.51165771484375, 9949.525146484375, 19.447265625, 25.2607421875]",0.6027280688285828,1
9216,230618_4-2-2.tif,"[1005.9310302734375, 8959.93521118164, 24.091796875, 40.068603515625]",0.5997860431671143,1
9217,230618_4-2-2.tif,"[1919.8087463378906, 9383.413604736328, 23.988983154296875, 40.0103759765625]",0.5995471477508545,1
9218,230618_4-2-2.tif,"[1104.3406372070312, 6609.174133300781, 18.3016357421875, 40.842376708984375]",0.5986171960830688,1
9219,230618_4-2-2.tif,"[1013.7719116210938, 9895.7109375, 38.9326171875, 36.960693359375]",0.5981693863868713,1
9220,230618_4-2-2.tif,"[8562.164367675781, 3915.3458251953125, 23.9666748046875, 32.747802734375]",0.5965033769607544,1
9221,230618_4-2-2.tif,"[2702.583450317383, 4191.129638671875, 28.487701416015625, 16.852371215820312]",0.5961101055145264,1
9222,230618_4-2-2.tif,"[423.79241943359375, 0.044836997985839844, 28.098388671875, 13.737417221069336]",0.5952855348587036,1
9223,230618_4-2-2.tif,"[1500.7820434570312, 9134.386657714844, 17.230224609375, 43.29864501953125]",0.5951908826828003,1
9224,230618_4-2-2.tif,"[6643.0029296875, 8999.413696289062, 45.530582427978516, 22.10986328125]",0.5949466228485107,1
9225,230618_4-2-2.tif,"[5771.6956787109375, 8715.954956054688, 24.380859375, 47.354736328125]",0.5946810245513916,1
9226,230618_4-2-2.tif,"[1751.164794921875, 2661.787368774414, 19.85186767578125, 40.809356689453125]",0.5946524143218994,1
9227,230618_4-2-2.tif,"[820.5016784667969, 2382.7715454101562, 46.5283203125, 18.9447021484375]",0.5940030813217163,1
9228,230618_4-2-2.tif,"[401.81719970703125, 2726.2760009765625, 31.02459716796875, 35.023193359375]",0.5930452346801758,1
9229,230618_4-2-2.tif,"[218.56402587890625, 2383.1591796875, 20.90484619140625, 42.3656005859375]",0.5920531153678894,1
9230,230618_4-2-2.tif,"[6277.308410644531, 412.2684631347656, 47.83050537109375, 19.8402099609375]",0.5893232226371765,1
9231,230618_4-2-2.tif,"[4669.911296844482, 309.842529296875, 42.247501373291016, 31.49517822265625]",0.5889191627502441,1
9232,230618_4-2-2.tif,"[7163.306915283203, 3332.06298828125, 24.154998779296875, 40.366943359375]",0.5884146094322205,1
9233,230618_4-2-2.tif,"[8145.108001708984, 3404.819610595703, 38.056640625, 35.19805908203125]",0.5875248312950134,1
9234,230618_4-2-2.tif,"[2580.4044456481934, 7148.581237792969, 21.12155532836914, 35.128217697143555]",0.58719801902771,1
9235,230618_4-2-2.tif,"[4142.85986328125, 382.644287109375, 20.667022705078125, 24.849853515625]",0.5862297415733337,1
9236,230618_4-2-2.tif,"[3586.948486328125, 425.0395202636719, 20.329069137573242, 37.209259033203125]",0.5831406712532043,1
9237,230618_4-2-2.tif,"[8017.781921386719, 5155.232688903809, 29.443359375, 37.331459045410156]",0.5803009271621704,1
9238,230618_4-2-2.tif,"[6491.066223144531, 3952.86083984375, 19.2877197265625, 31.176025390625]",0.5791153311729431,1
9239,230618_4-2-2.tif,"[6307.213714599609, 1537.1083984375, 24.912353515625, 42.50390625]",0.5787048935890198,1
9240,230618_4-2-2.tif,"[2729.021942138672, 7449.212646484375, 24.885498046875, 42.0147705078125]",0.5783970355987549,1
9241,230618_4-2-2.tif,"[7985.550231933594, 4654.164306640625, 43.781829833984375, 33.831298828125]",0.5783314108848572,1
9242,230618_4-2-2.tif,"[4868.53271484375, 94.145263671875, 35.66033935546875, 20.872726440429688]",0.577420175075531,1
9243,230618_4-2-2.tif,"[8068.337707519531, 4603.0037841796875, 40.7237548828125, 28.2806396484375]",0.577405571937561,1
9244,230618_4-2-2.tif,"[7386.974609375, 8836.71517944336, 44.77301025390625, 23.389892578125]",0.5770883560180664,1
9245,230618_4-2-2.tif,"[6784.176971435547, 2571.6623001098633, 23.068145751953125, 56.04762268066406]",0.5765478014945984,1
9246,230618_4-2-2.tif,"[8484.523315429688, 5801.578674316406, 20.70263671875, 53.23883056640625]",0.5763570666313171,1
9247,230618_4-2-2.tif,"[5449.572723388672, 2544.5317993164062, 22.54736328125, 32.25132751464844]",0.5742487907409668,1
9248,230618_4-2-2.tif,"[5976.444427490234, 383.034912109375, 19.58349609375, 35.2530517578125]",0.57365483045578,1
9249,230618_4-2-2.tif,"[6855.638641357422, 718.7534637451172, 23.25421142578125, 46.498138427734375]",0.5734657645225525,1
9250,230618_4-2-2.tif,"[5806.423263549805, 2128.527572631836, 22.759307861328125, 35.41383361816406]",0.5732951164245605,1
9251,230618_4-2-2.tif,"[2943.4200439453125, 6315.620758056641, 18.8961181640625, 38.235107421875]",0.572909951210022,1
9252,230618_4-2-2.tif,"[7626.234130859375, 593.377197265625, 25.666748046875, 49.82377624511719]",0.5706236362457275,1
9253,230618_4-2-2.tif,"[5714.210388183594, 1503.0829467773438, 23.75030517578125, 49.9290771484375]",0.5705110430717468,1
9254,230618_4-2-2.tif,"[5337.4134521484375, 844.1068115234375, 25.762451171875, 41.72784423828125]",0.5701385140419006,1
9255,230618_4-2-2.tif,"[6107.343933105469, 4517.231170654297, 40.882080078125, 24.32452392578125]",0.569937527179718,1
9256,230618_4-2-2.tif,"[1429.667724609375, 2247.4242553710938, 18.02197265625, 19.81060791015625]",0.5683495998382568,1
9257,230618_4-2-2.tif,"[203.02215576171875, 8130.548980712891, 36.3394775390625, 19.0203857421875]",0.5680434107780457,1
9258,230618_4-2-2.tif,"[6411.452392578125, 1181.7564849853516, 21.287353515625, 54.239013671875]",0.5677285194396973,1
9259,230618_4-2-2.tif,"[4478.388488769531, 1112.2841796875, 26.339111328125, 45.003173828125]",0.5676599740982056,1
9260,230618_4-2-2.tif,"[6476.138977050781, 3119.4683837890625, 41.8404541015625, 22.6685791015625]",0.5663495063781738,1
9261,230618_4-2-2.tif,"[7407.2720947265625, 3608.4295654296875, 31.60052490234375, 32.2734375]",0.5645119547843933,1
9262,230618_4-2-2.tif,"[2281.317184448242, 8106.963195800781, 22.099395751953125, 28.37969970703125]",0.5644100904464722,1
9263,230618_4-2-2.tif,"[2970.856903076172, 6910.005310058594, 16.2550048828125, 33.5609130859375]",0.5634053945541382,1
9264,230618_4-2-2.tif,"[278.78717041015625, 2307.285400390625, 35.5103759765625, 22.0938720703125]",0.5625872611999512,1
9265,230618_4-2-2.tif,"[1142.2852325439453, 1437.6892700195312, 22.058074951171875, 20.28167724609375]",0.5622081756591797,1
9266,230618_4-2-2.tif,"[2341.0706176757812, 6739.6181640625, 31.451873779296875, 20.847518920898438]",0.5607726573944092,1
9267,230618_4-2-2.tif,"[1158.9324951171875, 1710.8205871582031, 16.33502197265625, 30.0931396484375]",0.560195803642273,1
9268,230618_4-2-2.tif,"[1343.495361328125, 8587.093353271484, 22.01776123046875, 41.07763671875]",0.559900164604187,1
9269,230618_4-2-2.tif,"[1194.6828308105469, 2182.0858154296875, 36.8421630859375, 22.54296875]",0.5595843195915222,1
9270,230618_4-2-2.tif,"[762.71435546875, 2373.2794799804688, 21.56085205078125, 46.19683837890625]",0.5595439076423645,1
9271,230618_4-2-2.tif,"[2543.9794311523438, 5047.316101074219, 21.3797607421875, 16.895751953125]",0.5594059228897095,1
9272,230618_4-2-2.tif,"[252.484130859375, 2544.7203979492188, 31.1766357421875, 30.50863265991211]",0.559287428855896,1
9273,230618_4-2-2.tif,"[7360.543960571289, 4601.3272705078125, 22.97662353515625, 29.69532585144043]",0.5591462850570679,1
9274,230618_4-2-2.tif,"[2553.4230346679688, 5860.340545654297, 31.8486328125, 32.098876953125]",0.5590806007385254,1
9275,230618_4-2-2.tif,"[7389.014953613281, 927.8190307617188, 31.31768798828125, 48.3905029296875]",0.5577703714370728,1
9276,230618_4-2-2.tif,"[2145.5487213134766, 3190.7542419433594, 13.156158447265625, 24.143524169921875]",0.5575373768806458,1
9277,230618_4-2-2.tif,"[7036.245849609375, 8485.648864746094, 32.71685791015625, 57.16015625]",0.556822657585144,1
9278,230618_4-2-2.tif,"[617.615478515625, 7654.058349609375, 38.7445068359375, 31.86773681640625]",0.5564186573028564,1
9279,230618_4-2-2.tif,"[7027.474182128906, 745.5080261230469, 18.5303955078125, 37.20977783203125]",0.5556846261024475,1
9280,230618_4-2-2.tif,"[1175.77734375, 9206.863739013672, 31.524078369140625, 36.365108489990234]",0.5556747913360596,1
9281,230618_4-2-2.tif,"[5464.0076904296875, 963.7390747070312, 21.8541259765625, 51.26416015625]",0.5553769469261169,1
9282,230618_4-2-2.tif,"[51.62206268310547, 1660.7272644042969, 17.53668212890625, 35.74658203125]",0.5547625422477722,1
9283,230618_4-2-2.tif,"[448.9664001464844, 9267.382091522217, 26.42529296875, 43.43368911743164]",0.554577648639679,1
9284,230618_4-2-2.tif,"[6166.102157592773, 889.9288940429688, 44.81910705566406, 25.84490966796875]",0.5535536408424377,1
9285,230618_4-2-2.tif,"[311.8916931152344, 2523.6886291503906, 45.12109375, 25.61651611328125]",0.5535423159599304,1
9286,230618_4-2-2.tif,"[6918.043640136719, 464.81329345703125, 21.8916015625, 38.2232666015625]",0.5533838868141174,1
9287,230618_4-2-2.tif,"[4085.3274536132812, 1304.0896911621094, 22.333251953125, 33.52099609375]",0.5531745553016663,1
9288,230618_4-2-2.tif,"[6460.1400146484375, 3087.1690979003906, 34.00146484375, 29.564804077148438]",0.5530419945716858,1
9289,230618_4-2-2.tif,"[2372.7183227539062, 4977.139862060547, 19.41729736328125, 35.6829833984375]",0.5524225234985352,1
9290,230618_4-2-2.tif,"[597.1159057617188, 2545.9432373046875, 40.97364807128906, 39.504350662231445]",0.5503663420677185,1
9291,230618_4-2-2.tif,"[1215.4786682128906, 2590.3931102752686, 34.222900390625, 24.236467361450195]",0.5500421524047852,1
9292,230618_4-2-2.tif,"[8464.841979980469, 5654.400634765625, 37.39990234375, 35.5477294921875]",0.5489894151687622,1
9293,230618_4-2-2.tif,"[5309.2056884765625, 164.66970825195312, 16.24725341796875, 36.431427001953125]",0.5485512018203735,1
9294,230618_4-2-2.tif,"[1853.751708984375, 5233.155403137207, 17.277099609375, 43.54998016357422]",0.5476523637771606,1
9295,230618_4-2-2.tif,"[7315.245849609375, 814.9090576171875, 17.637481689453125, 31.2791748046875]",0.5474259257316589,1
9296,230618_4-2-2.tif,"[1269.2779083251953, 8709.4150390625, 32.95274353027344, 62.3258056640625]",0.5472790598869324,1
9297,230618_4-2-2.tif,"[7339.040618896484, 311.19921875, 34.30511474609375, 32.0543212890625]",0.5468887090682983,1
9298,230618_4-2-2.tif,"[3.391481399536133, 888.4847412109375, 16.173900604248047, 22.91796875]",0.5466660261154175,1
9299,230618_4-2-2.tif,"[6328.782165527344, 564.4385375976562, 22.32305908203125, 53.1505126953125]",0.5441623330116272,1
9300,230618_4-2-2.tif,"[2524.0191650390625, 5263.296478271484, 25.08233642578125, 43.0552978515625]",0.5440901517868042,1
9301,230618_4-2-2.tif,"[4266.216613769531, 1258.1327209472656, 45.43438720703125, 19.94439697265625]",0.5433351397514343,1
9302,230618_4-2-2.tif,"[3475.3604431152344, 7406.418029785156, 34.94964599609375, 20.36199951171875]",0.5431908965110779,1
9303,230618_4-2-2.tif,"[6518.433044433594, 4112.363037109375, 33.870849609375, 44.49267578125]",0.5420873761177063,1
9304,230618_4-2-2.tif,"[6723.6458740234375, 864.4810180664062, 46.199462890625, 23.08648681640625]",0.5411486029624939,1
9305,230618_4-2-2.tif,"[2755.0464782714844, 5546.0189208984375, 14.476806640625, 16.1925048828125]",0.540951132774353,1
9306,230618_4-2-2.tif,"[7481.760070800781, 4966.6641845703125, 23.7041015625, 44.201904296875]",0.5398892760276794,1
9307,230618_4-2-2.tif,"[4753.609375, 1278.6713256835938, 37.41064453125, 20.07159423828125]",0.5398337244987488,1
9308,230618_4-2-2.tif,"[6183.9688720703125, 1388.3568115234375, 29.796630859375, 36.0382080078125]",0.5389668345451355,1
9309,230618_4-2-2.tif,"[440.22283935546875, 2484.9076538085938, 47.5789794921875, 23.9571533203125]",0.5387706756591797,1
9310,230618_4-2-2.tif,"[581.228271484375, 2986.8843383789062, 44.85302734375, 28.32373046875]",0.5385345816612244,1
9311,230618_4-2-2.tif,"[1328.2459106445312, 662.2583923339844, 25.2205810546875, 17.9014892578125]",0.536665678024292,1
9312,230618_4-2-2.tif,"[7029.983947753906, 47.92134094238281, 23.4866943359375, 36.98402404785156]",0.5362119674682617,1
9313,230618_4-2-2.tif,"[6747.916786193848, 35.69087219238281, 29.527427673339844, 36.06663513183594]",0.5354177355766296,1
9314,230618_4-2-2.tif,"[5180.03360748291, 3959.911834716797, 39.120941162109375, 34.6861572265625]",0.534595787525177,1
9315,230618_4-2-2.tif,"[4626.533447265625, 2453.9232788085938, 48.690673828125, 22.331695556640625]",0.534588098526001,1
9316,230618_4-2-2.tif,"[6701.741722106934, 4378.657470703125, 38.460304260253906, 29.7757568359375]",0.5338258743286133,1
9317,230618_4-2-2.tif,"[1658.1092376708984, 1703.3379516601562, 22.14129638671875, 35.064178466796875]",0.5332225561141968,1
9318,230618_4-2-2.tif,"[1591.347900390625, 0.0, 24.701416015625, 22.778696060180664]",0.533189058303833,1
9319,230618_4-2-2.tif,"[1870.8648681640625, 2941.5121459960938, 17.96673583984375, 37.32080078125]",0.5324795246124268,1
9320,230618_4-2-2.tif,"[4258.981903076172, 1325.5773315429688, 26.74127197265625, 24.88555908203125]",0.5322988033294678,1
9321,230618_4-2-2.tif,"[2490.6542053222656, 8188.640838623047, 24.2052001953125, 24.699493408203125]",0.5314673185348511,1
9322,230618_4-2-2.tif,"[8294.567779541016, 4767.514434814453, 32.060150146484375, 27.297271728515625]",0.5314425826072693,1
9323,230618_4-2-2.tif,"[4762.858337402344, 5454.809631347656, 32.5714111328125, 23.4547119140625]",0.5304721593856812,1
9324,230618_4-2-2.tif,"[1804.3429565429688, 2340.22509765625, 21.247802734375, 45.807861328125]",0.5303384065628052,1
9325,230618_4-2-2.tif,"[7743.546848297119, 2687.2639083862305, 28.549434661865234, 43.11579132080078]",0.5299861431121826,1
9326,230618_4-2-2.tif,"[5853.943145751953, 4110.567180633545, 20.1837158203125, 33.854515075683594]",0.5289144515991211,1
9327,230618_4-2-2.tif,"[1612.348648071289, 2672.9217529296875, 40.51890563964844, 23.570236206054688]",0.5288089513778687,1
9328,230618_4-2-2.tif,"[1694.4369506835938, 8881.624069213867, 29.4105224609375, 30.845489501953125]",0.5284409523010254,1
9329,230618_4-2-2.tif,"[7901.644302368164, 3455.5985107421875, 18.528900146484375, 32.1383056640625]",0.528010368347168,1
9330,230618_4-2-2.tif,"[121.71543884277344, 9220.032798290253, 21.309646606445312, 12.692055225372314]",0.5276141166687012,1
9331,230618_4-2-2.tif,"[5937.866149902344, 1723.0910034179688, 20.32440185546875, 42.978515625]",0.5268244743347168,1
9332,230618_4-2-2.tif,"[7456.933776855469, 268.1464538574219, 31.64398193359375, 22.51641845703125]",0.5266725420951843,1
9333,230618_4-2-2.tif,"[6072.1925048828125, 1606.485595703125, 25.61944580078125, 43.131591796875]",0.5265184640884399,1
9334,230618_4-2-2.tif,"[3650.5826568603516, 9425.779388427734, 24.78619384765625, 37.17472839355469]",0.5264716148376465,1
9335,230618_4-2-2.tif,"[6539.23193359375, 2955.7739868164062, 30.3533935546875, 38.357421875]",0.5244203805923462,1
9336,230618_4-2-2.tif,"[8029.737976074219, 4553.122985839844, 35.05987548828125, 40.686767578125]",0.5238233208656311,1
9337,230618_4-2-2.tif,"[7317.325500488281, 9123.746948242188, 43.3858642578125, 25.6895751953125]",0.522576093673706,1
9338,230618_4-2-2.tif,"[4960.294921875, 1866.5501708984375, 20.48486328125, 46.2822265625]",0.5219932794570923,1
9339,230618_4-2-2.tif,"[1648.2128295898438, 9307.27734375, 25.452774047851562, 24.25804901123047]",0.5219193696975708,1
9340,230618_4-2-2.tif,"[3885.6705017089844, 48.23474884033203, 35.34814453125, 18.8424072265625]",0.5218724012374878,1
9341,230618_4-2-2.tif,"[7824.234100341797, 5090.077819824219, 47.27313232421875, 31.1363525390625]",0.5212321877479553,1
9342,230618_4-2-2.tif,"[5784.658905029297, 8891.036254882812, 24.68341064453125, 46.48638916015625]",0.5210123062133789,1
9343,230618_4-2-2.tif,"[2576.984130859375, 6714.751220703125, 23.56103515625, 60.88427734375]",0.5209658145904541,1
9344,230618_4-2-2.tif,"[6481.690002441406, 2824.5028076171875, 43.77423095703125, 33.4949951171875]",0.520758867263794,1
9345,230618_4-2-2.tif,"[5342.710845947266, 3489.756378173828, 39.7801513671875, 23.23980712890625]",0.5206731557846069,1
9346,230618_4-2-2.tif,"[1479.1545715332031, 2869.6666259765625, 25.2933349609375, 41.3536376953125]",0.520574152469635,1
9347,230618_4-2-2.tif,"[2485.227996826172, 8312.40835571289, 25.82342529296875, 23.88671875]",0.5172945261001587,1
9348,230618_4-2-2.tif,"[2540.6153564453125, 7229.456485748291, 15.91986083984375, 28.988887786865234]",0.5170357823371887,1
9349,230618_4-2-2.tif,"[1581.672119140625, 5880.082046508789, 19.298583984375, 45.54527282714844]",0.5162234306335449,1
9350,230618_4-2-2.tif,"[8236.717651367188, 6841.158630371094, 39.606475830078125, 27.97735595703125]",0.5161896347999573,1
9351,230618_4-2-2.tif,"[4026.551544189453, 1720.1064453125, 21.09344482421875, 26.72528076171875]",0.5155836939811707,1
9352,230618_4-2-2.tif,"[6342.404022216797, 3030.4390869140625, 29.763885498046875, 48.83929443359375]",0.514654815196991,1
9353,230618_4-2-2.tif,"[7513.183654785156, 5158.573486328125, 20.56646728515625, 51.69580078125]",0.5138412117958069,1
9354,230618_4-2-2.tif,"[4746.985931396484, 1586.54736328125, 18.4298095703125, 37.960205078125]",0.5135300755500793,1
9355,230618_4-2-2.tif,"[6342.0933837890625, 133.06393432617188, 35.280303955078125, 18.356201171875]",0.5119646787643433,1
9356,230618_4-2-2.tif,"[7537.6077880859375, 6102.5960693359375, 30.92669677734375, 37.7279052734375]",0.5116050839424133,1
9357,230618_4-2-2.tif,"[9083.782470703125, 2621.2595825195312, 25.74444580078125, 34.6776123046875]",0.5113944411277771,1
9358,230618_4-2-2.tif,"[6598.192413330078, 854.3041381835938, 40.11285400390625, 21.9058837890625]",0.5112781524658203,1
9359,230618_4-2-2.tif,"[6950.863037109375, 79.68406677246094, 25.26092529296875, 50.60902404785156]",0.5106619000434875,1
9360,230618_4-2-2.tif,"[5935.575622558594, 485.34326171875, 24.246337890625, 19.887939453125]",0.5104405283927917,1
9361,230618_4-2-2.tif,"[5077.510223388672, 1173.51171875, 37.33416748046875, 28.286376953125]",0.5094807744026184,1
9362,230618_4-2-2.tif,"[6062.992492675781, 1305.100830078125, 23.5037841796875, 49.5675048828125]",0.5092405080795288,1
9363,230618_4-2-2.tif,"[5914.621673583984, 746.58740234375, 19.892822265625, 46.2025146484375]",0.5086288452148438,1
9364,230618_4-2-2.tif,"[2549.4100036621094, 4448.560791015625, 41.0773983001709, 22.7633056640625]",0.5085285902023315,1
9365,230618_4-2-2.tif,"[5571.731475830078, 1073.54638671875, 21.243927001953125, 43.15703582763672]",0.506032407283783,1
9366,230618_4-2-2.tif,"[6383.899230957031, 2921.1004943847656, 22.86773681640625, 38.60394287109375]",0.5057742595672607,1
9367,230618_4-2-2.tif,"[7694.123377799988, 5476.753356933594, 24.64858341217041, 53.1895751953125]",0.5046875476837158,1
9368,230618_4-2-2.tif,"[1515.112060546875, 4187.288879394531, 22.5677490234375, 31.1549072265625]",0.5041162967681885,1
9369,230618_4-2-2.tif,"[6615.140045166016, 2945.1430053710938, 38.32330322265625, 37.984619140625]",0.5040531754493713,1
9370,230618_4-2-2.tif,"[2793.993133544922, 6805.086502075195, 16.4119873046875, 28.50970458984375]",0.5038662552833557,1
9371,230618_4-2-2.tif,"[1396.427734375, 2833.9200439453125, 20.267822265625, 31.12744140625]",0.502699077129364,1
9372,230618_4-2-2.tif,"[5007.559020996094, 77.8729248046875, 29.9425048828125, 40.362335205078125]",0.5022571086883545,1
9373,230618_4-2-2.tif,"[2339.4822387695312, 3230.011245727539, 30.28857421875, 18.573150634765625]",0.5021897554397583,1
9374,230618_4-2-2.tif,"[8254.35945892334, 5473.410400390625, 24.511268615722656, 54.83807373046875]",0.5015830993652344,1
9375,230618_4-2-2.tif,"[113.52456665039062, 9246.422058105469, 22.810638427734375, 39.615234375]",0.4946150481700897,1
9376,230618_4-2-2.tif,"[2218.318572998047, 5504.441162109375, 22.98480224609375, 45.6458740234375]",0.49460548162460327,1
9377,230618_4-2-2.tif,"[5885.33576965332, 307.15081787109375, 41.13072204589844, 27.37939453125]",0.4920599162578583,1
9378,230618_4-2-2.tif,"[320.07861328125, 9807.13314819336, 18.3797607421875, 43.179718017578125]",0.49046528339385986,1
9379,230618_4-2-2.tif,"[2263.380828857422, 5986.97412109375, 28.8973388671875, 21.60711669921875]",0.49043476581573486,1
9380,230618_4-2-2.tif,"[4981.087463378906, 272.92779541015625, 23.70501708984375, 27.3336181640625]",0.4899877607822418,1
9381,230618_4-2-2.tif,"[1450.7750244140625, 9182.556518554688, 34.60504150390625, 45.73663330078125]",0.4893128275871277,1
9382,230618_4-2-2.tif,"[4898.2525634765625, 256.0850830078125, 29.6968994140625, 42.4169921875]",0.487203985452652,1
9383,230618_4-2-2.tif,"[2174.375442504883, 7262.603469848633, 40.145599365234375, 32.29420471191406]",0.48415952920913696,1
9384,230618_4-2-2.tif,"[4502.60498046875, 814.3450317382812, 37.74127197265625, 40.8580322265625]",0.483630508184433,1
9385,230618_4-2-2.tif,"[4196.19157409668, 1000.58447265625, 44.06425476074219, 48.90018844604492]",0.4826507866382599,1
9386,230618_4-2-2.tif,"[2405.8890380859375, 700.9546051025391, 26.3255615234375, 15.5831298828125]",0.4822728633880615,1
9387,230618_4-2-2.tif,"[5487.643798828125, 2708.973419189453, 27.263671875, 35.2452392578125]",0.4808162748813629,1
9388,230618_4-2-2.tif,"[2249.2902069091797, 8451.387634277344, 19.201629638671875, 17.66680908203125]",0.4797441065311432,1
9389,230618_4-2-2.tif,"[3455.6053771972656, 7268.141387939453, 15.443603515625, 48.80897521972656]",0.4797092080116272,1
9390,230618_4-2-2.tif,"[1924.6961669921875, 6818.891784667969, 28.33251953125, 50.439056396484375]",0.4793151617050171,1
9391,230618_4-2-2.tif,"[8014.679504394531, 4702.875183105469, 36.24810791015625, 38.82853698730469]",0.4788220524787903,1
9392,230618_4-2-2.tif,"[2495.3939514160156, 4732.290512084961, 19.63287353515625, 36.957061767578125]",0.47628799080848694,1
9393,230618_4-2-2.tif,"[6700.9033203125, 5847.8359375, 202.5205078125, 240.4560546875]",0.47562065720558167,1
9394,230618_4-2-2.tif,"[5762.794769287109, 779.96533203125, 44.362060546875, 25.2088623046875]",0.47561827301979065,1
9395,230618_4-2-2.tif,"[4007.31640625, 952.9443359375, 32.002685546875, 18.410400390625]",0.4751581847667694,1
9396,230618_4-2-2.tif,"[4707.997802734375, 1429.9036254882812, 28.002197265625, 16.398193359375]",0.47498375177383423,1
9397,230618_4-2-2.tif,"[1294.7098999023438, 8906.459838867188, 24.54461669921875, 46.25299072265625]",0.4749716818332672,1
9398,230618_4-2-2.tif,"[1053.8798007965088, 9439.10025024414, 43.76922416687012, 28.221954345703125]",0.47339025139808655,1
9399,230618_4-2-2.tif,"[5350.265838623047, 2444.2977294921875, 22.393798828125, 52.83203125]",0.4729330837726593,1
9400,230618_4-2-2.tif,"[6318.0687255859375, 905.1990661621094, 35.24261474609375, 23.6910400390625]",0.4727809429168701,1
9401,230618_4-2-2.tif,"[5989.536926269531, 2689.4151000976562, 22.560546875, 41.29962158203125]",0.4716032147407532,1
9402,230618_4-2-2.tif,"[7106.800720214844, 5689.7418212890625, 21.9415283203125, 49.65673828125]",0.47038400173187256,1
9403,230618_4-2-2.tif,"[2444.7476806640625, 455.0581359863281, 21.082763671875, 20.00665283203125]",0.4701380729675293,1
9404,230618_4-2-2.tif,"[8571.418853759766, 6377.9752197265625, 19.21185302734375, 44.08416748046875]",0.4696580767631531,1
9405,230618_4-2-2.tif,"[727.3500671386719, 377.9747619628906, 31.3619384765625, 33.3358154296875]",0.46920010447502136,1
9406,230618_4-2-2.tif,"[7353.739166259766, 5120.0, 30.599945068359375, 22.17346954345703]",0.4689485430717468,1
9407,230618_4-2-2.tif,"[5780.1412353515625, 2086.357795715332, 21.98773193359375, 47.61437225341797]",0.46883338689804077,1
9408,230618_4-2-2.tif,"[6839.79736328125, 2985.2281494140625, 39.60595703125, 27.2861328125]",0.468516081571579,1
9409,230618_4-2-2.tif,"[3155.8596801757812, 6656.0, 12.8326416015625, 12.226030349731445]",0.4667604863643646,1
9410,230618_4-2-2.tif,"[1751.2444763183594, 8925.484893798828, 17.04168701171875, 44.5697021484375]",0.46670982241630554,1
9411,230618_4-2-2.tif,"[2411.4456481933594, 4160.570556640625, 15.906280517578125, 31.805145263671875]",0.4662483036518097,1
9412,230618_4-2-2.tif,"[4832.387725830078, 436.2694396972656, 21.32489013671875, 46.51025390625]",0.4659084379673004,1
9413,230618_4-2-2.tif,"[8442.549697875977, 5520.5762939453125, 22.676620483398438, 48.45062255859375]",0.4649800956249237,1
9414,230618_4-2-2.tif,"[2837.658477783203, 5774.028533935547, 22.344482421875, 12.719146728515625]",0.4643723666667938,1
9415,230618_4-2-2.tif,"[4566.545227050781, 1444.2459106445312, 32.575927734375, 42.0562744140625]",0.46408697962760925,1
9416,230618_4-2-2.tif,"[5984.992492675781, 3844.91015625, 32.12823486328125, 17.493896484375]",0.4633820950984955,1
9417,230618_4-2-2.tif,"[3962.2562561035156, 157.7211151123047, 28.49346923828125, 45.207794189453125]",0.4626016914844513,1
9418,230618_4-2-2.tif,"[8388.980438232422, 5598.072082519531, 19.53875732421875, 42.6292724609375]",0.4624147117137909,1
9419,230618_4-2-2.tif,"[0.13275146484375, 1754.1074676513672, 20.909400939941406, 26.830780029296875]",0.4614509642124176,1
9420,230618_4-2-2.tif,"[2033.5417785644531, 5187.092102050781, 36.0620231628418, 54.36351013183594]",0.46015089750289917,1
9421,230618_4-2-2.tif,"[8367.405258178711, 6427.1695556640625, 21.149749755859375, 32.8096923828125]",0.4601101279258728,1
9422,230618_4-2-2.tif,"[7538.397155761719, 2713.785446166992, 37.57037353515625, 40.275665283203125]",0.45900195837020874,1
9423,230618_4-2-2.tif,"[1248.8791809082031, 8704.324298858643, 26.024169921875, 20.25275421142578]",0.4565609395503998,1
9424,230618_4-2-2.tif,"[48.2072868347168, 3795.3545684814453, 40.09659194946289, 30.1346435546875]",0.4536709785461426,1
9425,230618_4-2-2.tif,"[1850.2088928222656, 33.44335174560547, 22.30352783203125, 24.29901123046875]",0.4522978961467743,1
9426,230618_4-2-2.tif,"[8417.529083251953, 6942.503479003906, 32.772674560546875, 28.8134765625]",0.45118847489356995,1
9427,230618_4-2-2.tif,"[2024.9539794921875, 3708.399482727051, 38.4820556640625, 14.801506042480469]",0.45069319009780884,1
9428,230618_4-2-2.tif,"[6359.446624755859, 418.69195556640625, 44.83038330078125, 28.9893798828125]",0.45052656531333923,1
9429,230618_4-2-2.tif,"[1546.3350830078125, 863.4878540039062, 19.907663345336914, 32.5283203125]",0.45041507482528687,1
9430,230618_4-2-2.tif,"[7063.263854980469, 3070.6185302734375, 46.104248046875, 33.980934143066406]",0.450408011674881,1
9431,230618_4-2-2.tif,"[5759.206268310547, 316.41546630859375, 22.573486328125, 41.3253173828125]",0.45026877522468567,1
9432,230618_4-2-2.tif,"[6925.378234863281, 3735.1295166015625, 25.69683837890625, 55.686248779296875]",0.44982287287712097,1
9433,230618_4-2-2.tif,"[2460.6766357421875, 7014.728759765625, 24.20849609375, 58.7923583984375]",0.4496224522590637,1
9434,230618_4-2-2.tif,"[4635.3526611328125, 1517.8181762695312, 24.7568359375, 39.540771484375]",0.4477565586566925,1
9435,230618_4-2-2.tif,"[4725.97265625, 1302.059814453125, 9.9111328125, 33.68389892578125]",0.44577574729919434,1
9436,230618_4-2-2.tif,"[29.764814376831055, 1462.3078002929688, 30.673799514770508, 20.2008056640625]",0.4444439709186554,1
9437,230618_4-2-2.tif,"[1878.1900634765625, 2565.942970275879, 26.0029296875, 35.65361404418945]",0.4429638385772705,1
9438,230618_4-2-2.tif,"[6526.411682128906, 1880.4138793945312, 42.657470703125, 37.8885498046875]",0.44281673431396484,1
9439,230618_4-2-2.tif,"[4333.101501464844, 1424.152587890625, 26.49688720703125, 35.55865478515625]",0.4420193135738373,1
9440,230618_4-2-2.tif,"[6429.383728027344, 2345.389404296875, 28.237548828125, 40.9296875]",0.44133225083351135,1
9441,230618_4-2-2.tif,"[355.0357666015625, 9282.03955078125, 36.4755859375, 16.4351806640625]",0.4408843517303467,1
9442,230618_4-2-2.tif,"[639.7372741699219, 766.3597106933594, 35.154693603515625, 53.10174560546875]",0.439369797706604,1
9443,230618_4-2-2.tif,"[7260.8875732421875, 2245.4818725585938, 24.8603515625, 37.7928466796875]",0.4387591481208801,1
9444,230618_4-2-2.tif,"[458.3931884765625, 8618.627685546875, 26.3209228515625, 44.47845458984375]",0.4386679232120514,1
9445,230618_4-2-2.tif,"[7097.989929199219, 4486.13134765625, 23.772216796875, 45.46484375]",0.43856608867645264,1
9446,230618_4-2-2.tif,"[315.07110595703125, 1830.0453491210938, 43.765625, 32.801513671875]",0.43834465742111206,1
9447,230618_4-2-2.tif,"[6563.795013427734, 2766.4996795654297, 18.8648681640625, 39.81024169921875]",0.43802106380462646,1
9448,230618_4-2-2.tif,"[2767.3084716796875, 3846.310546875, 22.33135986328125, 29.11279296875]",0.43530556559562683,1
9449,230618_4-2-2.tif,"[7059.310485839844, 3871.6590576171875, 42.4453125, 35.19873046875]",0.43450769782066345,1
9450,230618_4-2-2.tif,"[971.8727722167969, 724.3461303710938, 33.84027099609375, 18.1708984375]",0.42971310019493103,1
9451,230618_4-2-2.tif,"[7202.176666259766, 370.57550048828125, 35.93708038330078, 28.4483642578125]",0.4292331039905548,1
9452,230618_4-2-2.tif,"[4420.267150878906, 2721.0836791992188, 32.4364013671875, 48.902923583984375]",0.4289966821670532,1
9453,230618_4-2-2.tif,"[2332.541229248047, 5492.6165771484375, 14.2730712890625, 21.724609375]",0.42855414748191833,1
9454,230618_4-2-2.tif,"[1811.7317504882812, 8877.50405883789, 25.9827880859375, 29.30804443359375]",0.4281468689441681,1
9455,230618_4-2-2.tif,"[278.70916748046875, 1721.9715728759766, 26.83233642578125, 49.36749267578125]",0.4280279278755188,1
9456,230618_4-2-2.tif,"[5576.919616699219, 9258.278858184814, 40.5006103515625, 19.56499481201172]",0.4266859292984009,1
9457,230618_4-2-2.tif,"[195.90435791015625, 1737.6412658691406, 20.3323974609375, 48.96978759765625]",0.4263906180858612,1
9458,230618_4-2-2.tif,"[21.75307273864746, 1881.7418212890625, 20.974687576293945, 48.2091064453125]",0.4259636104106903,1
9459,230618_4-2-2.tif,"[7910.708068847656, 5490.414306640625, 37.74365234375, 47.11468505859375]",0.42577916383743286,1
9460,230618_4-2-2.tif,"[4727.526031494141, 2046.80517578125, 18.60076904296875, 43.13397216796875]",0.4254312813282013,1
9461,230618_4-2-2.tif,"[137.21871948242188, 6298.210601806641, 18.58074951171875, 46.43365478515625]",0.4248467683792114,1
9462,230618_4-2-2.tif,"[980.3611755371094, 3124.2122802734375, 31.906005859375, 22.1097412109375]",0.4219295382499695,1
9463,230618_4-2-2.tif,"[4678.883125305176, 71.9627685546875, 20.607955932617188, 26.86859130859375]",0.4214220941066742,1
9464,230618_4-2-2.tif,"[1472.7311401367188, 4742.293548583984, 44.709228515625, 36.863525390625]",0.4190801680088043,1
9465,230618_4-2-2.tif,"[3358.0061645507812, 7271.317276000977, 16.7060546875, 13.0201416015625]",0.4188225269317627,1
9466,230618_4-2-2.tif,"[4049.8637084960938, 214.85928344726562, 32.205322265625, 44.1048583984375]",0.4187431037425995,1
9467,230618_4-2-2.tif,"[456.78564453125, 2289.7345428466797, 46.0115966796875, 35.65150451660156]",0.41662395000457764,1
9468,230618_4-2-2.tif,"[5724.5927734375, 2494.006591796875, 35.0146484375, 40.5084228515625]",0.4127947986125946,1
9469,230618_4-2-2.tif,"[5209.420349121094, 1814.9911499023438, 21.05572509765625, 26.3154296875]",0.4121500253677368,1
9470,230618_4-2-2.tif,"[456.9230041503906, 2762.479446411133, 39.5828857421875, 21.992584228515625]",0.41180554032325745,1
9471,230618_4-2-2.tif,"[7124.193542480469, 2670.621292114258, 46.198486328125, 31.830535888671875]",0.4107314348220825,1
9472,230618_4-2-2.tif,"[1867.9547119140625, 5335.478210449219, 26.9141845703125, 43.33319091796875]",0.4103618562221527,1
9473,230618_4-2-2.tif,"[1720.4701843261719, 8484.307800292969, 18.523193359375, 19.18341064453125]",0.4088483452796936,1
9474,230618_4-2-2.tif,"[7988.790100097656, 3268.477081298828, 30.25274658203125, 35.4320068359375]",0.40835991501808167,1
9475,230618_4-2-2.tif,"[6772.5758056640625, 728.1671447753906, 11.27880859375, 34.64715576171875]",0.4071092903614044,1
9476,230618_4-2-2.tif,"[4539.924957275391, 1536.4024276733398, 17.49273681640625, 24.710777282714844]",0.4066009223461151,1
9477,230618_4-2-2.tif,"[2012.979736328125, 2686.8839721679688, 17.39874267578125, 27.843902587890625]",0.406504362821579,1
9478,230618_4-2-2.tif,"[5724.342819213867, 2668.258834838867, 20.82000732421875, 37.777587890625]",0.40299978852272034,1
9479,230618_4-2-2.tif,"[1595.2325439453125, 2536.5899353027344, 16.498291015625, 15.225341796875]",0.4027372896671295,1
9480,230618_4-2-2.tif,"[2996.572021484375, 7334.486221313477, 15.2613525390625, 41.101226806640625]",0.3986574709415436,1
9481,230618_4-2-2.tif,"[3149.7481079101562, 6802.753448486328, 17.20471954345703, 33.41357421875]",0.398223340511322,1
9482,230618_4-2-2.tif,"[2497.1893005371094, 6008.894989013672, 26.0767822265625, 23.81463623046875]",0.39798295497894287,1
9483,230618_4-2-2.tif,"[3129.4204330444336, 7311.276336669922, 44.63343811035156, 24.025146484375]",0.3962976634502411,1
9484,230618_4-2-2.tif,"[4934.135986328125, 1613.6911315917969, 40.1387939453125, 38.383575439453125]",0.39608708024024963,1
9485,230618_4-2-2.tif,"[8555.157531738281, 6410.172271728516, 22.896240234375, 42.6158447265625]",0.39459943771362305,1
9486,230618_4-2-2.tif,"[7350.624237060547, 8363.023071289062, 38.73828125, 39.020355224609375]",0.39393988251686096,1
9487,230618_4-2-2.tif,"[1983.6063842773438, 7083.5885009765625, 28.81378173828125, 36.328857421875]",0.3932216167449951,1
9488,230618_4-2-2.tif,"[1249.6894073486328, 6067.271331787109, 22.808441162109375, 38.2459716796875]",0.39316612482070923,1
9489,230618_4-2-2.tif,"[2681.4881439208984, 6458.4188232421875, 31.920654296875, 40.66015625]",0.3923502266407013,1
9490,230618_4-2-2.tif,"[6046.138122558594, 899.9102783203125, 34.4697265625, 34.2939453125]",0.3910406827926636,1
9491,230618_4-2-2.tif,"[2017.0415649414062, 5647.6846923828125, 24.0679931640625, 34.60205078125]",0.39077866077423096,1
9492,230618_4-2-2.tif,"[153.31109619140625, 1649.6964721679688, 49.17901611328125, 24.811798095703125]",0.3904695212841034,1
9493,230618_4-2-2.tif,"[6454.792419433594, 214.35711669921875, 16.97027587890625, 32.730621337890625]",0.3901759386062622,1
9494,230618_4-2-2.tif,"[6591.315612792969, 7582.050964355469, 38.8463134765625, 43.839599609375]",0.38986679911613464,1
9495,230618_4-2-2.tif,"[1284.257568359375, 6241.948791503906, 29.19512939453125, 40.247100830078125]",0.3897303640842438,1
9496,230618_4-2-2.tif,"[162.64947509765625, 311.46728515625, 28.51055908203125, 17.15228271484375]",0.388393372297287,1
9497,230618_4-2-2.tif,"[1514.8953857421875, 2464.978973388672, 34.21453857421875, 22.176666259765625]",0.38786837458610535,1
9498,230618_4-2-2.tif,"[1827.9442749023438, 3237.0218200683594, 47.517181396484375, 17.9471435546875]",0.3876096308231354,1
9499,230618_4-2-2.tif,"[480.15447998046875, 3079.977626800537, 37.49627685546875, 32.56521987915039]",0.38664019107818604,1
9500,230618_4-2-2.tif,"[709.6128387451172, 3136.3980712890625, 52.875640869140625, 22.571823120117188]",0.38424381613731384,1
9501,230618_4-2-2.tif,"[8072.916687011719, 4329.94970703125, 26.06988525390625, 45.85009765625]",0.38303712010383606,1
9502,230618_4-2-2.tif,"[7032.125305175781, 2675.302490234375, 34.323486328125, 12.5849609375]",0.38271963596343994,1
9503,230618_4-2-2.tif,"[392.7614440917969, 1408.9486083984375, 21.13836669921875, 24.39306640625]",0.3810902237892151,1
9504,230618_4-2-2.tif,"[8161.445983886719, 7420.6597900390625, 29.887451171875, 38.21185302734375]",0.38060852885246277,1
9505,230618_4-2-2.tif,"[3402.4293823242188, 7444.427185058594, 18.77166748046875, 15.7724609375]",0.3801462948322296,1
9506,230618_4-2-2.tif,"[4329.685302734375, 1237.4110717773438, 35.13385009765625, 38.2987060546875]",0.3796254098415375,1
9507,230618_4-2-2.tif,"[5822.12060546875, 763.4350433349609, 22.340423583984375, 36.85499572753906]",0.3792778253555298,1
9508,230618_4-2-2.tif,"[573.7723388671875, 2347.6876525878906, 29.510345458984375, 44.89947509765625]",0.3732784688472748,1
9509,230618_4-2-2.tif,"[714.4385681152344, 901.7658081054688, 19.90447998046875, 19.53729248046875]",0.37079057097435,1
9510,230618_4-2-2.tif,"[1762.165283203125, 1207.8199768066406, 37.405181884765625, 17.322113037109375]",0.3705587685108185,1
9511,230618_4-2-2.tif,"[403.1343994140625, 134.73516845703125, 35.6099853515625, 15.44281005859375]",0.36906686425209045,1
9512,230618_4-2-2.tif,"[402.34881591796875, 1444.8831481933594, 28.1009521484375, 40.14056396484375]",0.3688831627368927,1
9513,230618_4-2-2.tif,"[1065.5841369628906, 3090.288818359375, 26.847625732421875, 18.952037811279297]",0.3684496581554413,1
9514,230618_4-2-2.tif,"[6251.045349121094, 1087.9524536132812, 20.58575439453125, 39.52833557128906]",0.3672744929790497,1
9515,230618_4-2-2.tif,"[3863.225341796875, 81.01228332519531, 36.33209228515625, 37.69801330566406]",0.3653406798839569,1
9516,230618_4-2-2.tif,"[1753.5257263183594, 7082.5274658203125, 35.11468505859375, 31.501708984375]",0.364593505859375,1
9517,230618_4-2-2.tif,"[8051.984069824219, 7231.847473144531, 45.6219482421875, 46.5897216796875]",0.36245790123939514,1
9518,230618_4-2-2.tif,"[4746.710174560547, 962.2571411132812, 34.86907958984375, 16.4635009765625]",0.35828307271003723,1
9519,230618_4-2-2.tif,"[301.0750732421875, 3216.9595947265625, 50.246826171875, 34.2509765625]",0.3572060465812683,1
9520,230618_4-2-2.tif,"[1229.7122802734375, 9620.01806640625, 28.862701416015625, 19.04119873046875]",0.35709336400032043,1
9521,230618_4-2-2.tif,"[2756.909210205078, 5617.100830078125, 29.003936767578125, 21.726449012756348]",0.3564857244491577,1
9522,230618_4-2-2.tif,"[2363.7644653320312, 5830.324005126953, 39.120849609375, 49.298614501953125]",0.3547326326370239,1
9523,230618_4-2-2.tif,"[361.422119140625, 9236.56069946289, 27.9244384765625, 9.220199584960938]",0.35410037636756897,1
9524,230618_4-2-2.tif,"[1672.5094909667969, 8998.745422363281, 20.91864013671875, 32.6707763671875]",0.35290297865867615,1
9525,230618_4-2-2.tif,"[1979.1744384765625, 6797.4346923828125, 39.0257568359375, 25.097900390625]",0.352331280708313,1
9526,230618_4-2-2.tif,"[2449.4353637695312, 1961.7681884765625, 19.06988525390625, 42.6676025390625]",0.3514244258403778,1
9527,230618_4-2-2.tif,"[6297.275299072266, 699.9310607910156, 26.62353515625, 43.234130859375]",0.35097581148147583,1
9528,230618_4-2-2.tif,"[8956.424591064453, 868.636474609375, 117.23095703125, 31.15252685546875]",0.3509361445903778,1
9529,230618_4-2-2.tif,"[6684.47802734375, 901.9884033203125, 27.28759765625, 30.51641845703125]",0.3448607921600342,1
9530,230618_4-2-2.tif,"[497.3818359375, 99.4312515258789, 18.02880859375, 17.656112670898438]",0.3436432480812073,1
9531,230618_4-2-2.tif,"[2294.726287841797, 6582.363708496094, 27.29217529296875, 39.67626953125]",0.3431875705718994,1
9532,230618_4-2-2.tif,"[7495.9130859375, 4782.466552734375, 34.86627197265625, 27.807373046875]",0.34172964096069336,1
9533,230618_4-2-2.tif,"[7290.124420166016, 2157.43798828125, 36.96856689453125, 16.6680908203125]",0.34097984433174133,1
9534,230618_4-2-2.tif,"[1385.3118896484375, 2183.5031127929688, 25.95965576171875, 32.88555908203125]",0.3387426435947418,1
9535,230618_4-2-2.tif,"[137.1253662109375, 120.89390563964844, 15.03826904296875, 31.825103759765625]",0.3386702537536621,1
9536,230618_4-2-2.tif,"[7978.943908691406, 7604.835296630859, 14.1365966796875, 22.55108642578125]",0.3379514515399933,1
9537,230618_4-2-2.tif,"[1427.8858642578125, 9093.7001953125, 16.5291748046875, 29.6201171875]",0.3361533284187317,1
9538,230618_4-2-2.tif,"[457.83905029296875, 2411.0573120117188, 29.49169921875, 15.770751953125]",0.3354822099208832,1
9539,230618_4-2-2.tif,"[2275.975341796875, 4394.923583984375, 23.053466796875, 15.2525634765625]",0.334275484085083,1
9540,230618_4-2-2.tif,"[2673.6963500976562, 7590.131103515625, 14.824432373046875, 18.992767333984375]",0.3337928354740143,1
9541,230618_4-2-2.tif,"[995.5740356445312, 8528.071899414062, 21.1712646484375, 50.3238525390625]",0.33094847202301025,1
9542,230618_4-2-2.tif,"[3810.7438049316406, 9418.180908203125, 22.9384765625, 13.884521484375]",0.32971611618995667,1
9543,230618_4-2-2.tif,"[0.0, 8608.599853515625, 5.733894348144531, 44.0833740234375]",0.32941457629203796,1
9544,230618_4-2-2.tif,"[6104.6573486328125, 5149.7974853515625, 31.2762451171875, 33.86376953125]",0.3285362422466278,1
9545,230618_4-2-2.tif,"[7781.24658203125, 2101.5142974853516, 24.229736328125, 42.0328369140625]",0.3269396722316742,1
9546,230618_4-2-2.tif,"[7316.580413818359, 3293.300537109375, 23.87225341796875, 51.38873291015625]",0.3259209096431732,1
9547,230618_4-2-2.tif,"[1383.1462707519531, 4049.6869506835938, 32.11627197265625, 22.2679443359375]",0.31865110993385315,1
9548,230618_4-2-2.tif,"[4591.365966796875, 1201.0164794921875, 29.0333251953125, 45.382080078125]",0.3184761703014374,1
9549,230618_4-2-2.tif,"[1041.352554321289, 8831.762832641602, 30.596405029296875, 21.009307861328125]",0.31720656156539917,1
9550,230618_4-2-2.tif,"[3344.021728515625, 7032.9256591796875, 38.1041259765625, 22.83935546875]",0.3168184757232666,1
9551,230618_4-2-2.tif,"[1237.7584228515625, 8870.962219238281, 15.781158447265625, 17.824249267578125]",0.3159789443016052,1
9552,230618_4-2-2.tif,"[2739.834930419922, 6110.4832763671875, 30.806427001953125, 17.6065673828125]",0.31559011340141296,1
9553,230618_4-2-2.tif,"[2477.6314086914062, 6744.930191040039, 21.03466796875, 44.21429443359375]",0.3150014877319336,1
9554,230618_4-2-2.tif,"[1609.8018188476562, 2656.4034576416016, 12.8482666015625, 16.61334228515625]",0.31379565596580505,1
9555,230618_4-2-2.tif,"[5232.617050170898, 1205.5161437988281, 31.72705078125, 37.31842041015625]",0.3126835823059082,1
9556,230618_4-2-2.tif,"[1074.26708984375, 3128.821319580078, 21.72900390625, 31.720809936523438]",0.31018564105033875,1
9557,230618_4-2-2.tif,"[1553.675458908081, 2710.0528869628906, 31.413286209106445, 16.52862548828125]",0.30916351079940796,1
9558,230618_4-2-2.tif,"[577.05810546875, 1381.1024780273438, 38.297607421875, 32.2442626953125]",0.30772051215171814,1
9559,230618_4-2-2.tif,"[2573.874755859375, 7449.593566894531, 17.468706130981445, 35.654296875]",0.30514058470726013,1
9560,230618_4-2-2.tif,"[4738.861846923828, 1300.1663818359375, 25.9251708984375, 17.517822265625]",0.3048330843448639,1
9561,230618_4-2-2.tif,"[2452.908660888672, 6945.6951904296875, 26.11407470703125, 43.27130126953125]",0.3034493029117584,1
9562,230618_4-2-2.tif,"[2322.892547607422, 5726.807189941406, 26.416015625, 22.6617431640625]",0.3019773066043854,1
9563,230618_4-2-2.tif,"[866.9512329101562, 6352.083221435547, 29.396728515625, 49.594390869140625]",0.30115044116973877,1
9564,230618_4-2-2.tif,"[5225.441833496094, 65.91569519042969, 14.81396484375, 12.954803466796875]",0.30102813243865967,1
9565,230618_4-2-2.tif,"[6348.453033447266, 2765.4688720703125, 23.44140625, 51.34722900390625]",0.2997066378593445,1
9566,230618_4-2-2.tif,"[1081.8734817504883, 8573.155090332031, 35.140838623046875, 15.731689453125]",0.29803603887557983,1
9567,230618_4-2-2.tif,"[727.0460205078125, 1027.1597366333008, 21.029205322265625, 36.0168342590332]",0.29772013425827026,1
9568,230618_4-2-2.tif,"[2356.2326049804688, 2860.2440795898438, 26.975341796875, 12.4359130859375]",0.2936459481716156,1
9569,230618_4-2-2.tif,"[2283.4007568359375, 6860.019744873047, 35.9212646484375, 22.97381591796875]",0.2898712456226349,1
9570,230618_4-2-2.tif,"[154.92034912109375, 2200.5579376220703, 28.0992431640625, 12.792755126953125]",0.28887176513671875,1
9571,230618_4-2-2.tif,"[4096.225727081299, 314.20989990234375, 25.740798950195312, 17.31494140625]",0.28545910120010376,1
9572,230618_4-2-2.tif,"[1988.5333251953125, 5068.424499511719, 15.713623046875, 13.372314453125]",0.28220972418785095,1
9573,230618_4-2-2.tif,"[894.4715270996094, 415.550537109375, 26.4080810546875, 27.4224853515625]",0.28087663650512695,1
9574,230618_4-2-2.tif,"[7799.757263183594, 5126.831664085388, 8.2216796875, 28.408310890197754]",0.2804196774959564,1
9575,230618_4-2-2.tif,"[4327.980804443359, 1132.2481079101562, 13.5784912109375, 19.75189208984375]",0.28002282977104187,1
9576,230618_4-2-2.tif,"[256.46539306640625, 8806.505340576172, 17.0203857421875, 14.2841796875]",0.2792329788208008,1
9577,230618_4-2-2.tif,"[5130.09716796875, 3.754894256591797, 18.021240234375, 12.431415557861328]",0.27915632724761963,1
9578,230618_4-2-2.tif,"[116.5833740234375, 443.0234375, 13.24371337890625, 22.906982421875]",0.27789992094039917,1
9579,230618_4-2-2.tif,"[6472.980529785156, 7212.883056640625, 35.65966796875, 14.57568359375]",0.2769829332828522,1
9580,230618_4-2-2.tif,"[4920.777069091797, 945.4981689453125, 29.0355224609375, 22.202392578125]",0.2762799859046936,1
9581,230618_4-2-2.tif,"[570.9769287109375, 9087.892761230469, 23.421127319335938, 34.17230224609375]",0.2742437422275543,1
9582,230618_4-2-2.tif,"[2199.4818267822266, 4087.7269287109375, 19.740325927734375, 10.98388671875]",0.2740750312805176,1
9583,230618_4-2-2.tif,"[2379.8109741210938, 4567.7288818359375, 35.35333251953125, 20.006103515625]",0.2679254412651062,1
9584,230618_4-2-2.tif,"[1666.3783264160156, 6432.987548828125, 21.6395263671875, 40.07977294921875]",0.2666468024253845,1
9585,230618_4-2-2.tif,"[6656.338499069214, 1654.8344802856445, 17.43319320678711, 36.07555389404297]",0.2665300667285919,1
9586,230618_4-2-2.tif,"[2172.0840759277344, 8557.217712402344, 21.94451904296875, 36.8851318359375]",0.2658563554286957,1
9587,230618_4-2-2.tif,"[1332.6951293945312, 3600.5810546875, 19.742431640625, 37.399658203125]",0.2652750015258789,1
9588,230618_4-2-2.tif,"[8315.167503356934, 5628.469512939453, 19.26050567626953, 15.679901123046875]",0.26433563232421875,1
9589,230618_4-2-2.tif,"[1637.5853881835938, 17.155807495117188, 26.396484375, 19.932594299316406]",0.26222220063209534,1
9590,230618_4-2-2.tif,"[1171.7759704589844, 6557.653564453125, 25.1175537109375, 19.210205078125]",0.26203975081443787,1
9591,230618_4-2-2.tif,"[1763.314208984375, 1770.1929321289062, 31.66339111328125, 15.124755859375]",0.25805366039276123,1
9592,230618_4-2-2.tif,"[7172.398109436035, 121.93431091308594, 18.5218505859375, 30.254974365234375]",0.25516489148139954,1
9593,230618_4-2-2.tif,"[2466.8856201171875, 1343.1644287109375, 26.2550048828125, 32.7803955078125]",0.25498443841934204,1
9594,230618_4-2-2.tif,"[8184.3642578125, 954.48828125, 89.6807861328125, 34.356201171875]",0.25403526425361633,1
9595,230618_4-2-2.tif,"[5425.868469238281, 1229.8884887695312, 14.7420654296875, 36.99615478515625]",0.25273627042770386,1
9596,230618_4-0-2.tif,"[9559.021484375, 9412.286666870117, 78.06130981445312, 93.73301696777344]",0.7626538872718811,0
9597,230618_4-0-2.tif,"[7983.140808105469, 967.765625, 85.7132568359375, 69.609130859375]",0.7548800706863403,0
9598,230618_4-0-2.tif,"[8281.9345703125, 3957.3312377929688, 63.673675537109375, 97.8931884765625]",0.7516762018203735,0
9599,230618_4-0-2.tif,"[4264.151885986328, 3232.6633911132812, 89.46633911132812, 73.3814697265625]",0.7406970858573914,0
9600,230618_4-0-2.tif,"[9138.775817871094, 154.79342651367188, 78.009521484375, 79.0263671875]",0.7335946559906006,0
9601,230618_4-0-2.tif,"[4670.5240478515625, 2311.4879760742188, 108.88607788085938, 55.277587890625]",0.7326756119728088,0
9602,230618_4-0-2.tif,"[8154.437438964844, 3963.0083618164062, 49.54620361328125, 96.32275390625]",0.7302038669586182,0
9603,230618_4-0-2.tif,"[8210.333473205566, 1910.5269775390625, 75.9160385131836, 65.73095703125]",0.724346399307251,0
9604,230618_4-0-2.tif,"[6852.616363525391, 5532.497131347656, 92.3958740234375, 75.9241943359375]",0.722359299659729,0
9605,230618_4-0-2.tif,"[9352.938781738281, 8179.188751220703, 87.87277221679688, 60.148773193359375]",0.7205766439437866,0
9606,230618_4-0-2.tif,"[5952.4954833984375, 8131.463623046875, 107.64190673828125, 63.01885986328125]",0.7182186245918274,0
9607,230618_4-0-2.tif,"[9666.977416992188, 7872.156494140625, 125.92620849609375, 54.555999755859375]",0.7179200649261475,0
9608,230618_4-0-2.tif,"[8566.976318359375, 3570.706298828125, 57.6427001953125, 98.36328125]",0.716977596282959,0
9609,230618_4-0-2.tif,"[7751.0196533203125, 3609.6986656188965, 53.194580078125, 103.57101821899414]",0.7126697897911072,0
9610,230618_4-0-2.tif,"[8177.142639160156, 4515.3516845703125, 55.28376388549805, 92.29608154296875]",0.7102196216583252,0
9611,230618_4-0-2.tif,"[8581.752624511719, 4083.0145263671875, 53.47265625, 92.629638671875]",0.7070232033729553,0
9612,230618_4-0-2.tif,"[9431.18896484375, 2107.5108642578125, 70.686767578125, 80.54476928710938]",0.6998725533485413,0
9613,230618_4-0-2.tif,"[7828.783828735352, 4239.685791015625, 71.92144775390625, 73.42742919921875]",0.6954495310783386,0
9614,230618_4-0-2.tif,"[7491.610168457031, 0.0, 64.8643798828125, 83.08418273925781]",0.690694272518158,0
9615,230618_4-0-2.tif,"[8939.500457763672, 4088.3335876464844, 59.766357421875, 97.72708129882812]",0.6902373433113098,0
9616,230618_4-0-2.tif,"[8220.272483825684, 4238.712921142578, 58.508338928222656, 104.95819091796875]",0.6869469881057739,0
9617,230618_4-0-2.tif,"[7978.229187011719, 234.89932250976562, 63.6015625, 97.66949462890625]",0.6865240335464478,0
9618,230618_4-0-2.tif,"[8881.145294189453, 9132.520385742188, 71.61260986328125, 90.88134765625]",0.6837524175643921,0
9619,230618_4-0-2.tif,"[9299.661987304688, 3614.258529663086, 57.42431640625, 121.67758178710938]",0.6790388226509094,0
9620,230618_4-0-2.tif,"[9191.738739013672, 524.0776519775391, 80.05813598632812, 130.26864624023438]",0.6776870489120483,0
9621,230618_4-0-2.tif,"[6403.416015625, 5585.9132080078125, 73.07568359375, 89.71539306640625]",0.6774556636810303,0
9622,230618_4-0-2.tif,"[7492.7315673828125, 9031.924987792969, 61.748046875, 51.42608642578125]",0.676863968372345,0
9623,230618_4-0-2.tif,"[7659.710540771484, 4419.4954833984375, 59.464263916015625, 92.82623291015625]",0.6733102202415466,0
9624,230618_4-0-2.tif,"[7896.91796875, 3845.080078125, 58.24468994140625, 102.89312744140625]",0.6724212169647217,0
9625,230618_4-0-2.tif,"[7406.088638305664, 906.319091796875, 56.88377380371094, 115.2921142578125]",0.6699761152267456,0
9626,230618_4-0-2.tif,"[8930.696319580078, 4417.088317871094, 50.52435302734375, 99.6241455078125]",0.6689533591270447,0
9627,230618_4-0-2.tif,"[7406.422225952148, 6659.915771484375, 75.52516174316406, 50.3251953125]",0.6681527495384216,0
9628,230618_4-0-2.tif,"[9058.856475830078, 7530.311706542969, 102.14019775390625, 75.32232666015625]",0.6641748547554016,0
9629,230618_4-0-2.tif,"[9866.118896484375, 657.5414733886719, 103.8963623046875, 119.09072875976562]",0.6593891978263855,0
9630,230618_4-0-2.tif,"[9877.0341796875, 7716.792633056641, 88.362060546875, 51.43347930908203]",0.6592243909835815,0
9631,230618_4-0-2.tif,"[8123.528747558594, 4235.724670410156, 52.15625, 95.12945556640625]",0.657279372215271,0
9632,230618_4-0-2.tif,"[9831.080505371094, 3433.085906982422, 62.353271484375, 119.94189453125]",0.6572132110595703,0
9633,230618_4-0-2.tif,"[8412.083740234375, 4130.727386474609, 59.275604248046875, 75.68746948242188]",0.6533318161964417,0
9634,230618_4-0-2.tif,"[9607.891235351562, 270.5140380859375, 49.8154296875, 106.78082275390625]",0.6500831246376038,0
9635,230618_4-0-2.tif,"[7580.31689453125, 3376.3460693359375, 56.6065673828125, 101.76763916015625]",0.6477422118186951,0
9636,230618_4-0-2.tif,"[8027.8309326171875, 8665.777160644531, 110.376708984375, 55.898193359375]",0.6454217433929443,0
9637,230618_4-0-2.tif,"[7484.43603515625, 4514.731689453125, 60.0572509765625, 72.7745361328125]",0.6406435966491699,0
9638,230618_4-0-2.tif,"[8055.591552734375, 7837.395156860352, 96.12664794921875, 63.461669921875]",0.6396259069442749,0
9639,230618_4-0-2.tif,"[9674.452209472656, 8249.918228149414, 96.40679931640625, 46.67625427246094]",0.6382655501365662,0
9640,230618_4-0-2.tif,"[8252.87841796875, 3684.0705184936523, 54.6065673828125, 95.81232452392578]",0.6343727707862854,0
9641,230618_4-0-2.tif,"[9106.17886352539, 3473.0510864257812, 51.53875732421875, 111.82647705078125]",0.6296574473381042,0
9642,230618_4-0-2.tif,"[8708.286010742188, 1506.4803771972656, 115.9937744140625, 81.72286987304688]",0.6283764243125916,0
9643,230618_4-0-2.tif,"[9328.286087036133, 3935.8377685546875, 67.43609619140625, 76.3358154296875]",0.627524197101593,0
9644,230618_4-0-2.tif,"[7493.48828125, 3383.536590576172, 55.3292236328125, 128.78997802734375]",0.6273565888404846,0
9645,230618_4-0-2.tif,"[7289.3532791137695, 425.40789794921875, 52.45775604248047, 114.65277099609375]",0.6267934441566467,0
9646,230618_4-0-2.tif,"[9952.294860839844, 30.33966827392578, 47.70513916015625, 86.95588684082031]",0.6266065239906311,0
9647,230618_4-0-2.tif,"[8687.710571289062, 1102.3924560546875, 77.18719482421875, 108.46768188476562]",0.6219810843467712,0
9648,230618_4-0-2.tif,"[9656.580627441406, 45.74163818359375, 74.57281494140625, 129.51901245117188]",0.6160438656806946,0
9649,230618_4-0-2.tif,"[8562.715942382812, 4172.194305419922, 55.6268310546875, 90.63404846191406]",0.6110206842422485,0
9650,230618_4-0-2.tif,"[8188.786407470703, 4406.4476318359375, 54.19788360595703, 80.7174072265625]",0.6105718612670898,0
9651,230618_4-0-2.tif,"[9547.487808227539, 3422.6434020996094, 43.973388671875, 111.9219970703125]",0.6040123701095581,0
9652,230618_4-0-2.tif,"[8724.005615234375, 4365.028381347656, 54.37351989746094, 71.9071044921875]",0.6033064126968384,0
9653,230618_4-0-2.tif,"[9279.778503417969, 2350.7769470214844, 90.79042053222656, 77.1962890625]",0.5866479277610779,0
9654,230618_4-0-2.tif,"[9239.800437927246, 1949.5479125976562, 68.8871841430664, 42.5789794921875]",0.5863096714019775,0
9655,230618_4-0-2.tif,"[7542.829162597656, 4564.202117919922, 62.3472900390625, 87.93313598632812]",0.5860975384712219,0
9656,230618_4-0-2.tif,"[8316.747863769531, 4157.972229003906, 62.613739013671875, 82.84710693359375]",0.5848036408424377,0
9657,230618_4-0-2.tif,"[8737.440536499023, 4170.733055114746, 88.77809143066406, 108.59638214111328]",0.5777886509895325,0
9658,230618_4-0-2.tif,"[9042.895263671875, 4103.005798339844, 85.13385009765625, 163.02676391601562]",0.575096845626831,0
9659,230618_4-0-2.tif,"[8243.126907348633, 3805.3868713378906, 60.91899108886719, 57.2376708984375]",0.57438725233078,0
9660,230618_4-0-2.tif,"[8480.838134765625, 8222.2861328125, 85.9876708984375, 55.4417724609375]",0.5712839961051941,0
9661,230618_4-0-2.tif,"[9418.33706665039, 3808.558364868164, 42.043853759765625, 87.38072204589844]",0.5708040595054626,0
9662,230618_4-0-2.tif,"[9241.800354003906, 3817.2410583496094, 49.70947265625, 160.18203735351562]",0.5577287077903748,0
9663,230618_4-0-2.tif,"[7419.6527099609375, 4361.6361083984375, 51.8558349609375, 42.3302001953125]",0.5448891520500183,0
9664,230618_4-0-2.tif,"[8622.508361816406, 3860.2161865234375, 66.5794677734375, 75.68695068359375]",0.5420597195625305,0
9665,230618_4-0-2.tif,"[9197.6962890625, 4042.4639892578125, 60.755435943603516, 132.31768798828125]",0.5387400984764099,0
9666,230618_4-0-2.tif,"[9914.807983398438, 8312.916427612305, 75.7822265625, 80.628662109375]",0.5368194580078125,0
9667,230618_4-0-2.tif,"[8569.1337890625, 3985.6554565429688, 55.1644287109375, 92.26416015625]",0.5255186557769775,0
9668,230618_4-0-2.tif,"[8457.746032714844, 176.80795288085938, 53.65924072265625, 113.7783203125]",0.5179904699325562,0
9669,230618_4-0-2.tif,"[9098.407592773438, 8651.303955078125, 53.077880859375, 75.45330810546875]",0.5171865224838257,0
9670,230618_4-0-2.tif,"[9063.412658691406, 8704.964653015137, 64.4288330078125, 81.4142074584961]",0.5133806467056274,0
9671,230618_4-0-2.tif,"[7493.472412109375, 569.1709594726562, 84.8489990234375, 182.38241577148438]",0.5114777088165283,0
9672,230618_4-0-2.tif,"[8983.048736572266, 3790.3985900878906, 46.68902587890625, 101.798583984375]",0.5109812021255493,0
9673,230618_4-0-2.tif,"[9544.998718261719, 374.135498046875, 88.97552490234375, 49.1796875]",0.5107306838035583,0
9674,230618_4-0-2.tif,"[9506.165100097656, 4168.281158447266, 57.93927001953125, 60.66120910644531]",0.49894222617149353,0
9675,230618_4-0-2.tif,"[8346.496948242188, 320.1923828125, 47.16851806640625, 99.5960693359375]",0.4844039976596832,0
9676,230618_4-0-2.tif,"[8900.102462768555, 3672.2325439453125, 59.03021240234375, 109.39834594726562]",0.4840502440929413,0
9677,230618_4-0-2.tif,"[8873.212127685547, 2424.0997924804688, 57.92559814453125, 91.84423828125]",0.4737170338630676,0
9678,230618_4-0-2.tif,"[6507.809753417969, 8832.898315429688, 59.1573486328125, 92.4439697265625]",0.46719834208488464,0
9679,230618_4-0-2.tif,"[9438.305755615234, 0.0, 60.32904052734375, 59.809959411621094]",0.46045026183128357,0
9680,230618_4-0-2.tif,"[9024.410552978516, 3915.1560668945312, 51.45697021484375, 98.0548095703125]",0.4543491303920746,0
9681,230618_4-0-2.tif,"[6038.4049072265625, 8654.888244628906, 54.95526123046875, 137.8508529663086]",0.4537751078605652,0
9682,230618_4-0-2.tif,"[9443.113388061523, 3463.1549682617188, 49.57264709472656, 72.2352294921875]",0.44541501998901367,0
9683,230618_4-0-2.tif,"[9631.415832519531, 4454.4793701171875, 55.25244140625, 56.1644287109375]",0.41443705558776855,0
9684,230618_4-0-2.tif,"[7655.2716064453125, 4679.0487060546875, 69.1575927734375, 56.715087890625]",0.3860454261302948,0
9685,230618_4-0-2.tif,"[8360.224243164062, 3950.5079956054688, 51.47393798828125, 60.5467529296875]",0.3377886414527893,0
9686,230618_4-0-2.tif,"[8293.888175964355, 4555.3812255859375, 62.43376922607422, 57.750732421875]",0.3257165551185608,0
9687,230618_4-0-2.tif,"[7762.8817138671875, 4486.264404296875, 45.1182861328125, 54.4932861328125]",0.3254110515117645,0
9688,230618_4-0-2.tif,"[7003.693420410156, 9266.487548828125, 51.60595703125, 87.72711181640625]",0.3203886151313782,0
9689,230618_4-0-2.tif,"[6557.126068115234, 8204.529838562012, 43.57647705078125, 84.7861557006836]",0.2967485785484314,0
9690,230618_4-0-2.tif,"[6664.569091796875, 8724.229064941406, 35.425048828125, 67.59619140625]",0.2944928705692291,0
9691,230618_4-0-2.tif,"[5385.0003662109375, 7912.848388671875, 52.9937744140625, 98.33203125]",0.2847597897052765,0
9692,230618_4-0-2.tif,"[4476.077331542969, 3584.0, 100.28594970703125, 32.014892578125]",0.28329598903656006,0
9693,230618_4-0-2.tif,"[9385.844566345215, 7605.7657470703125, 37.45545196533203, 25.1492919921875]",0.851330578327179,1
9694,230618_4-0-2.tif,"[9945.917724609375, 7976.049377441406, 36.856201171875, 21.3260498046875]",0.826734185218811,1
9695,230618_4-0-2.tif,"[9656.615203857422, 5152.289794921875, 30.667144775390625, 28.88763427734375]",0.8239060640335083,1
9696,230618_4-0-2.tif,"[6996.989593505859, 2208.5230865478516, 34.36834716796875, 20.42315673828125]",0.8220183849334717,1
9697,230618_4-0-2.tif,"[8012.981140136719, 9029.242614746094, 34.97650146484375, 24.54425048828125]",0.8211861848831177,1
9698,230618_4-0-2.tif,"[7234.7890625, 2396.2510375976562, 31.998641967773438, 16.914337158203125]",0.8181928992271423,1
9699,230618_4-0-2.tif,"[4606.6065673828125, 3289.2936401367188, 31.39887237548828, 27.3382568359375]",0.8178297877311707,1
9700,230618_4-0-2.tif,"[6618.538513183594, 1517.8538818359375, 32.6610107421875, 19.6864013671875]",0.815424382686615,1
9701,230618_4-0-2.tif,"[9349.682159423828, 7055.3963623046875, 37.415435791015625, 20.58642578125]",0.8123559951782227,1
9702,230618_4-0-2.tif,"[7673.509735107422, 5311.9381103515625, 33.896066665649414, 23.550155639648438]",0.8120142817497253,1
9703,230618_4-0-2.tif,"[5748.958984375, 1744.8999938964844, 17.548675537109375, 36.5343017578125]",0.8110033273696899,1
9704,230618_4-0-2.tif,"[7982.026306152344, 9386.682888031006, 21.45794677734375, 31.607559204101562]",0.8103993535041809,1
9705,230618_4-0-2.tif,"[7984.023132324219, 5155.240608215332, 27.88165283203125, 28.46398162841797]",0.8102251887321472,1
9706,230618_4-0-2.tif,"[9910.149353027344, 6386.861022949219, 24.956298828125, 29.84033203125]",0.8095946311950684,1
9707,230618_4-0-2.tif,"[7219.605773925781, 3233.686737060547, 30.230987548828125, 29.237060546875]",0.8093363046646118,1
9708,230618_4-0-2.tif,"[9636.086853027344, 2336.9061889648438, 16.7972412109375, 35.6441650390625]",0.8084641695022583,1
9709,230618_4-0-2.tif,"[9256.767959594727, 9215.472290039062, 39.796142578125, 19.86189842224121]",0.8080648183822632,1
9710,230618_4-0-2.tif,"[6611.022216796875, 1903.3941040039062, 17.1236572265625, 35.96466064453125]",0.8073893189430237,1
9711,230618_4-0-2.tif,"[9181.785217285156, 4913.228332519531, 18.100341796875, 35.42535400390625]",0.8071447610855103,1
9712,230618_4-0-2.tif,"[9293.269104003906, 4809.183578491211, 16.336761474609375, 33.40948486328125]",0.8066807985305786,1
9713,230618_4-0-2.tif,"[7583.382995605469, 7172.114013671875, 31.9749755859375, 34.32133483886719]",0.805497407913208,1
9714,230618_4-0-2.tif,"[9484.485778808594, 6222.567977905273, 34.5364990234375, 18.823257446289062]",0.8054675459861755,1
9715,230618_4-0-2.tif,"[9679.074890136719, 5633.50341796875, 23.48809814453125, 33.97001647949219]",0.8047084212303162,1
9716,230618_4-0-2.tif,"[6872.0225830078125, 2278.2899169921875, 37.391082763671875, 35.9029541015625]",0.8046435117721558,1
9717,230618_4-0-2.tif,"[9925.148071289062, 5328.186248779297, 26.21240234375, 29.72406005859375]",0.8044872283935547,1
9718,230618_4-0-2.tif,"[7832.146575927734, 9243.420532226562, 35.530242919921875, 23.47589874267578]",0.8038233518600464,1
9719,230618_4-0-2.tif,"[9447.986373901367, 2298.542007446289, 23.528076171875, 33.36827087402344]",0.8037186861038208,1
9720,230618_4-0-2.tif,"[9930.35009765625, 2283.160659790039, 36.1533203125, 18.466461181640625]",0.8036443591117859,1
9721,230618_4-0-2.tif,"[9369.738723754883, 9632.842834472656, 38.064247131347656, 20.3851318359375]",0.8034939765930176,1
9722,230618_4-0-2.tif,"[4452.782958984375, 1897.6844482421875, 19.09417724609375, 36.11297607421875]",0.8034273982048035,1
9723,230618_4-0-2.tif,"[8227.80657196045, 9290.203002929688, 16.696502685546875, 33.17213439941406]",0.8012548089027405,1
9724,230618_4-0-2.tif,"[7151.431823730469, 2050.8738403320312, 27.35780143737793, 26.1744384765625]",0.8007111549377441,1
9725,230618_4-0-2.tif,"[7746.538558959961, 4388.9105224609375, 37.82560729980469, 18.10345458984375]",0.7997766733169556,1
9726,230618_4-0-2.tif,"[9515.651489257812, 8032.757415771484, 19.064849853515625, 40.48431396484375]",0.7997516393661499,1
9727,230618_4-0-2.tif,"[8740.33447265625, 9136.191864013672, 37.3641357421875, 19.3665771484375]",0.7996941804885864,1
9728,230618_4-0-2.tif,"[9891.508666992188, 6794.642028808594, 21.5125732421875, 31.863128662109375]",0.799525797367096,1
9729,230618_4-0-2.tif,"[8293.60400390625, 7469.252410888672, 17.55712890625, 34.46856689453125]",0.7991776466369629,1
9730,230618_4-0-2.tif,"[4294.172546386719, 2716.098876953125, 30.738525390625, 16.67291259765625]",0.7983847856521606,1
9731,230618_4-0-2.tif,"[9157.272277832031, 2195.510986328125, 17.1290283203125, 38.42498779296875]",0.7981069087982178,1
9732,230618_4-0-2.tif,"[8171.149230957031, 6647.174072265625, 17.87554931640625, 36.89990425109863]",0.7979977130889893,1
9733,230618_4-0-2.tif,"[9598.87026977539, 9234.120544433594, 19.78436279296875, 37.297607421875]",0.7975026369094849,1
9734,230618_4-0-2.tif,"[9896.583618164062, 2093.4250564575195, 29.37744140625, 19.83348846435547]",0.7974714636802673,1
9735,230618_4-0-2.tif,"[9927.247924804688, 4551.862030029297, 28.59814453125, 29.68017578125]",0.7967303395271301,1
9736,230618_4-0-2.tif,"[8502.173950195312, 9885.707885742188, 29.4864501953125, 26.813720703125]",0.7967224717140198,1
9737,230618_4-0-2.tif,"[8475.461975097656, 8697.044494628906, 20.61407470703125, 29.4521484375]",0.7966631650924683,1
9738,230618_4-0-2.tif,"[3696.417526245117, 3517.74951171875, 23.130233764648438, 30.59613037109375]",0.7965317964553833,1
9739,230618_4-0-2.tif,"[9940.976440429688, 4754.138671875, 19.600830078125, 36.5770263671875]",0.7951802611351013,1
9740,230618_4-0-2.tif,"[9928.379821777344, 7258.52099609375, 27.9346923828125, 30.79052734375]",0.7947647571563721,1
9741,230618_4-0-2.tif,"[4352.526916503906, 1975.9371337890625, 24.14794921875, 31.811279296875]",0.7947084903717041,1
9742,230618_4-0-2.tif,"[9782.853332519531, 2003.6905212402344, 19.234130859375, 32.185150146484375]",0.7946484088897705,1
9743,230618_4-0-2.tif,"[7845.041595458984, 9874.819274902344, 33.80438232421875, 29.6353759765625]",0.7943397760391235,1
9744,230618_4-0-2.tif,"[4762.945861816406, 3748.2719116210938, 35.19598388671875, 20.159912109375]",0.7932811379432678,1
9745,230618_4-0-2.tif,"[9508.135314941406, 7442.061920166016, 18.180419921875, 36.9119873046875]",0.7929183840751648,1
9746,230618_4-0-2.tif,"[6218.3819580078125, 2593.36092376709, 22.518905639648438, 31.632278442382812]",0.7923453450202942,1
9747,230618_4-0-2.tif,"[9427.918090820312, 6078.942626953125, 38.73455810546875, 17.70263671875]",0.7917029857635498,1
9748,230618_4-0-2.tif,"[7905.708282470703, 9763.892211914062, 18.28118896484375, 38.43804931640625]",0.7914482355117798,1
9749,230618_4-0-2.tif,"[8867.894073486328, 9278.394226074219, 20.22216796875, 27.7523193359375]",0.7911584377288818,1
9750,230618_4-0-2.tif,"[8299.664169311523, 9655.669219970703, 18.495193481445312, 33.250244140625]",0.7907036542892456,1
9751,230618_4-0-2.tif,"[7605.991638183594, 4826.989349365234, 17.7608642578125, 34.61956787109375]",0.7898719906806946,1
9752,230618_4-0-2.tif,"[8772.369812011719, 4807.671875, 18.69921875, 36.21173095703125]",0.7896293997764587,1
9753,230618_4-0-2.tif,"[9818.458190917969, 7920.173034667969, 16.4930419921875, 37.497894287109375]",0.7889321446418762,1
9754,230618_4-0-2.tif,"[5255.7926025390625, 1723.1711120605469, 33.59912109375, 19.0548095703125]",0.7881913185119629,1
9755,230618_4-0-2.tif,"[8410.39762878418, 9772.218719482422, 18.571380615234375, 37.62310791015625]",0.7879722714424133,1
9756,230618_4-0-2.tif,"[8954.413787841797, 4818.694915771484, 18.62066650390625, 36.67279052734375]",0.7878339886665344,1
9757,230618_4-0-2.tif,"[9532.302856445312, 7756.47021484375, 19.660964965820312, 34.22300720214844]",0.7877426147460938,1
9758,230618_4-0-2.tif,"[9845.812194824219, 8222.047546386719, 17.42742919921875, 37.3258056640625]",0.78736412525177,1
9759,230618_4-0-2.tif,"[6509.6304931640625, 2300.8180236816406, 33.336181640625, 18.71441650390625]",0.7865216135978699,1
9760,230618_4-0-2.tif,"[7625.1981201171875, 7162.1868896484375, 38.2821044921875, 23.390033721923828]",0.7863015532493591,1
9761,230618_4-0-2.tif,"[9823.960235595703, 755.1751403808594, 30.0321044921875, 32.275115966796875]",0.7858589291572571,1
9762,230618_4-0-2.tif,"[9083.902526855469, 8020.2701416015625, 16.4205322265625, 39.582275390625]",0.7853972911834717,1
9763,230618_4-0-2.tif,"[6522.812591552734, 1448.7910766601562, 16.11114501953125, 35.1646728515625]",0.7851937413215637,1
9764,230618_4-0-2.tif,"[7786.801513671875, 9288.841735839844, 16.1767578125, 35.198486328125]",0.7848191261291504,1
9765,230618_4-0-2.tif,"[9516.995178222656, 2256.827911376953, 39.985107421875, 19.07305908203125]",0.7848150134086609,1
9766,230618_4-0-2.tif,"[9321.898193359375, 5172.672119140625, 20.547607421875, 33.3045654296875]",0.7844348549842834,1
9767,230618_4-0-2.tif,"[8362.375030517578, 9314.660522460938, 26.88775634765625, 28.318603515625]",0.7841258645057678,1
9768,230618_4-0-2.tif,"[9305.250869750977, 6281.420196533203, 17.920883178710938, 33.37187194824219]",0.783826470375061,1
9769,230618_4-0-2.tif,"[9958.529663085938, 5398.097473144531, 21.83837890625, 30.6551513671875]",0.7835946679115295,1
9770,230618_4-0-2.tif,"[9267.727294921875, 6999.712341308594, 16.18535614013672, 36.897216796875]",0.7831164002418518,1
9771,230618_4-0-2.tif,"[2881.837646484375, 1680.3727111816406, 22.9892578125, 33.923095703125]",0.7823934555053711,1
9772,230618_4-0-2.tif,"[9651.558288574219, 2478.0065307617188, 20.155029296875, 36.5458984375]",0.7822496891021729,1
9773,230618_4-0-2.tif,"[9678.869140625, 1778.4132690429688, 18.11614990234375, 34.47552490234375]",0.7819462418556213,1
9774,230618_4-0-2.tif,"[9776.5048828125, 7254.055114746094, 18.733154296875, 33.4378662109375]",0.7815575003623962,1
9775,230618_4-0-2.tif,"[8046.8148193359375, 9649.618530273438, 27.50433349609375, 30.6346435546875]",0.7809340953826904,1
9776,230618_4-0-2.tif,"[9859.625915527344, 2270.2705688476562, 18.59259033203125, 34.935546875]",0.7808911800384521,1
9777,230618_4-0-2.tif,"[9747.840148925781, 1387.3515014648438, 18.98309326171875, 36.433837890625]",0.7808769941329956,1
9778,230618_4-0-2.tif,"[8362.611511230469, 8807.346725463867, 19.206329345703125, 34.219390869140625]",0.7799978256225586,1
9779,230618_4-0-2.tif,"[9507.373077392578, 7754.64054107666, 20.116363525390625, 41.009010314941406]",0.7797929048538208,1
9780,230618_4-0-2.tif,"[7322.475524902344, 1413.4385986328125, 17.87890625, 30.65087890625]",0.779455840587616,1
9781,230618_4-0-2.tif,"[6119.427734375, 1747.0426025390625, 35.78985404968262, 20.222625732421875]",0.7794000506401062,1
9782,230618_4-0-2.tif,"[2780.2339782714844, 1103.3571395874023, 40.3311767578125, 31.873512268066406]",0.7793487310409546,1
9783,230618_4-0-2.tif,"[6971.966278076172, 2609.0015716552734, 35.496368408203125, 32.17164611816406]",0.7790951132774353,1
9784,230618_4-0-2.tif,"[9463.190322875977, 7170.002574920654, 38.781219482421875, 24.061023712158203]",0.7786667346954346,1
9785,230618_4-0-2.tif,"[9415.01382446289, 6398.145523071289, 17.28558349609375, 35.66539001464844]",0.777859628200531,1
9786,230618_4-0-2.tif,"[9088.948150634766, 5978.440460205078, 17.995361328125, 29.953857421875]",0.7774873375892639,1
9787,230618_4-0-2.tif,"[8481.259948730469, 9297.540557861328, 29.1103515625, 38.01507568359375]",0.7772305607795715,1
9788,230618_4-0-2.tif,"[9458.84927368164, 9894.82421875, 18.549468994140625, 33.2535400390625]",0.7772001624107361,1
9789,230618_4-0-2.tif,"[9382.435451507568, 7182.537700653076, 26.35199737548828, 28.55489730834961]",0.7770170569419861,1
9790,230618_4-0-2.tif,"[8230.961120605469, 7910.786407470703, 17.5098876953125, 39.07757568359375]",0.7766940593719482,1
9791,230618_4-0-2.tif,"[9807.285034179688, 5193.329193115234, 21.0443115234375, 31.56549072265625]",0.776314914226532,1
9792,230618_4-0-2.tif,"[4692.88134765625, 1002.1239624023438, 26.8116455078125, 44.025489807128906]",0.7759876251220703,1
9793,230618_4-0-2.tif,"[9247.245153427124, 4718.506103515625, 18.944299697875977, 40.19291687011719]",0.7758714556694031,1
9794,230618_4-0-2.tif,"[8183.9095458984375, 8832.433197021484, 17.406795501708984, 38.74285888671875]",0.775399386882782,1
9795,230618_4-0-2.tif,"[7706.328372955322, 4729.356117248535, 19.411712646484375, 30.64476776123047]",0.7747665047645569,1
9796,230618_4-0-2.tif,"[8791.897674560547, 6761.361511230469, 28.838897705078125, 31.255569458007812]",0.774610698223114,1
9797,230618_4-0-2.tif,"[9468.498153686523, 8204.126705169678, 16.99664306640625, 32.397098541259766]",0.7746059894561768,1
9798,230618_4-0-2.tif,"[7284.092041015625, 2865.4859008789062, 19.444869995117188, 37.08331298828125]",0.7741870284080505,1
9799,230618_4-0-2.tif,"[4992.349517822266, 2355.7677001953125, 36.71759033203125, 36.93408203125]",0.7740057110786438,1
9800,230618_4-0-2.tif,"[9299.38119506836, 8728.91650390625, 30.997589111328125, 19.034423828125]",0.773786187171936,1
9801,230618_4-0-2.tif,"[9313.499450683594, 8266.11946105957, 24.069198608398438, 31.802154541015625]",0.7736214399337769,1
9802,230618_4-0-2.tif,"[8834.115356445312, 1694.9831848144531, 32.7955322265625, 23.4720458984375]",0.7733404636383057,1
9803,230618_4-0-2.tif,"[8455.580596923828, 9664.109466552734, 31.61090087890625, 19.7628173828125]",0.7723369002342224,1
9804,230618_4-0-2.tif,"[3967.3909912109375, 1332.1038208007812, 16.3382568359375, 34.4212646484375]",0.7714964747428894,1
9805,230618_4-0-2.tif,"[9721.062713623047, 6496.071594238281, 33.845855712890625, 19.75091552734375]",0.7712107300758362,1
9806,230618_4-0-2.tif,"[8200.968933105469, 7236.415969848633, 30.23943328857422, 23.132583618164062]",0.7708967924118042,1
9807,230618_4-0-2.tif,"[8974.9365234375, 6722.657958984375, 34.710693359375, 21.632080078125]",0.7707294821739197,1
9808,230618_4-0-2.tif,"[2953.12060546875, 1547.720458984375, 33.585693359375, 44.511474609375]",0.7703470587730408,1
9809,230618_4-0-2.tif,"[7578.6064453125, 5179.595706939697, 35.17083740234375, 23.899288177490234]",0.7701457142829895,1
9810,230618_4-0-2.tif,"[9137.227294921875, 1909.9773559570312, 16.55401611328125, 33.05322265625]",0.7700268626213074,1
9811,230618_4-0-2.tif,"[9272.699089050293, 8237.495468139648, 17.996185302734375, 38.96490478515625]",0.7695906162261963,1
9812,230618_4-0-2.tif,"[3662.936477661133, 3660.75830078125, 38.84234619140625, 41.18603515625]",0.7691456079483032,1
9813,230618_4-0-2.tif,"[9274.023071289062, 4975.9300537109375, 17.5272216796875, 37.7498779296875]",0.7683053016662598,1
9814,230618_4-0-2.tif,"[7268.5970458984375, 9718.461822509766, 18.17181396484375, 35.730560302734375]",0.7680482268333435,1
9815,230618_4-0-2.tif,"[9683.084838867188, 4905.527160644531, 31.2989501953125, 28.7425537109375]",0.7678289413452148,1
9816,230618_4-0-2.tif,"[9710.583862304688, 2898.4886474609375, 17.99554443359375, 35.716796875]",0.7678207755088806,1
9817,230618_4-0-2.tif,"[9324.204406738281, 7937.586364746094, 23.901153564453125, 32.87384033203125]",0.7675408124923706,1
9818,230618_4-0-2.tif,"[8187.644989013672, 9805.133056640625, 20.159972190856934, 35.410858154296875]",0.767176628112793,1
9819,230618_4-0-2.tif,"[9216.75818824768, 7229.012077331543, 24.540029525756836, 31.63953399658203]",0.7668775916099548,1
9820,230618_4-0-2.tif,"[9412.494583129883, 1689.5034790039062, 24.632720947265625, 31.531845092773438]",0.7662864923477173,1
9821,230618_4-0-2.tif,"[9245.328979492188, 6662.74024105072, 36.61589050292969, 19.237969398498535]",0.7662753462791443,1
9822,230618_4-0-2.tif,"[8140.389465332031, 8363.076080322266, 17.403076171875, 30.273193359375]",0.7657665610313416,1
9823,230618_4-0-2.tif,"[7441.796325683594, 9240.229553222656, 34.56060791015625, 22.892677307128906]",0.7656098008155823,1
9824,230618_4-0-2.tif,"[8294.129150390625, 6598.069091796875, 38.18910217285156, 18.74267578125]",0.7655300498008728,1
9825,230618_4-0-2.tif,"[9440.498443603516, 4741.022262573242, 22.69549560546875, 32.56907653808594]",0.7650385499000549,1
9826,230618_4-0-2.tif,"[8361.95964050293, 8339.918716430664, 32.444366455078125, 28.23126220703125]",0.7641977071762085,1
9827,230618_4-0-2.tif,"[9656.680908203125, 2253.8423461914062, 17.942626953125, 39.01847839355469]",0.7633771300315857,1
9828,230618_4-0-2.tif,"[9316.078140258789, 6086.397888183594, 34.31378173828125, 22.467681884765625]",0.7631762027740479,1
9829,230618_4-0-2.tif,"[9871.347229003906, 7228.0621337890625, 16.52197265625, 37.903076171875]",0.7631694674491882,1
9830,230618_4-0-2.tif,"[9036.988342285156, 8538.1337890625, 33.6905517578125, 17.1143798828125]",0.7621575593948364,1
9831,230618_4-0-2.tif,"[4584.432861328125, 3552.768524169922, 28.7657470703125, 27.2884521484375]",0.7619006037712097,1
9832,230618_4-0-2.tif,"[4247.41145324707, 1691.9469299316406, 17.881866455078125, 35.038116455078125]",0.7618770599365234,1
9833,230618_4-0-2.tif,"[8966.889892578125, 9458.039596557617, 32.857421875, 15.830764770507812]",0.7614979147911072,1
9834,230618_4-0-2.tif,"[9131.03076171875, 4740.359436035156, 20.6412353515625, 35.38275146484375]",0.7614520192146301,1
9835,230618_4-0-2.tif,"[5200.106407165527, 416.43218994140625, 16.72930908203125, 32.9664306640625]",0.7614352703094482,1
9836,230618_4-0-2.tif,"[6880.212249755859, 7217.795837402344, 18.57366943359375, 41.58683776855469]",0.7613683938980103,1
9837,230618_4-0-2.tif,"[8345.965637207031, 7752.0228271484375, 34.91168212890625, 19.56884765625]",0.7612685561180115,1
9838,230618_4-0-2.tif,"[5005.494781494141, 7568.298889160156, 22.6558837890625, 43.0322265625]",0.7609715461730957,1
9839,230618_4-0-2.tif,"[8187.188812255859, 9121.245849609375, 26.067901611328125, 31.69744873046875]",0.7606822848320007,1
9840,230618_4-0-2.tif,"[6467.285217285156, 2625.4437866210938, 24.7159423828125, 25.245132446289062]",0.7598803043365479,1
9841,230618_4-0-2.tif,"[4962.778503417969, 73.15086364746094, 19.24627685546875, 33.380950927734375]",0.7597634792327881,1
9842,230618_4-0-2.tif,"[7884.518646240234, 7329.040725708008, 18.80584716796875, 37.81158447265625]",0.7593055963516235,1
9843,230618_4-0-2.tif,"[8762.459365844727, 9866.434936523438, 20.54547119140625, 29.56884765625]",0.7591504454612732,1
9844,230618_4-0-2.tif,"[9493.323822021484, 6862.371643066406, 17.213836669921875, 33.80615234375]",0.7590157985687256,1
9845,230618_4-0-2.tif,"[8551.354309082031, 9557.751190185547, 26.767822265625, 26.75347900390625]",0.758787214756012,1
9846,230618_4-0-2.tif,"[4011.7627563476562, 2607.8209228515625, 34.891510009765625, 25.612060546875]",0.7573447823524475,1
9847,230618_4-0-2.tif,"[7601.226135253906, 4196.562072753906, 19.1956787109375, 38.8519287109375]",0.7548547387123108,1
9848,230618_4-0-2.tif,"[5485.154388427734, 1171.9164123535156, 37.07623291015625, 20.5809326171875]",0.7545619010925293,1
9849,230618_4-0-2.tif,"[8287.083862304688, 9506.972198486328, 29.58306884765625, 39.9732666015625]",0.7543730735778809,1
9850,230618_4-0-2.tif,"[5751.4388427734375, 1257.2724914550781, 19.109710693359375, 36.203765869140625]",0.7543196678161621,1
9851,230618_4-0-2.tif,"[9199.693542480469, 7317.869003295898, 31.2398624420166, 29.055450439453125]",0.7539733052253723,1
9852,230618_4-0-2.tif,"[6998.963928222656, 2305.9539489746094, 17.92816162109375, 35.95147705078125]",0.7529984712600708,1
9853,230618_4-0-2.tif,"[7509.141143798828, 9233.619262695312, 33.59619140625, 31.000198364257812]",0.7521457672119141,1
9854,230618_4-0-2.tif,"[6793.302673339844, 6127.967712402344, 23.37335205078125, 40.0609130859375]",0.7520308494567871,1
9855,230618_4-0-2.tif,"[2923.7051391601562, 1116.2887268066406, 27.52972412109375, 37.72747802734375]",0.7518413066864014,1
9856,230618_4-0-2.tif,"[8151.01171875, 9536.971923828125, 27.0367431640625, 30.828125]",0.7510396838188171,1
9857,230618_4-0-2.tif,"[2731.6551818847656, 976.9500732421875, 41.02386474609375, 28.1265869140625]",0.750781238079071,1
9858,230618_4-0-2.tif,"[2719.9141235351562, 842.0493774414062, 38.55413818359375, 38.320556640625]",0.7504134774208069,1
9859,230618_4-0-2.tif,"[4943.128112792969, 4539.335205078125, 39.965087890625, 20.58984375]",0.7502932548522949,1
9860,230618_4-0-2.tif,"[9884.018432617188, 5905.1986083984375, 21.417724609375, 30.2796630859375]",0.7499184012413025,1
9861,230618_4-0-2.tif,"[4038.3971557617188, 4633.3802490234375, 42.12274169921875, 23.005859375]",0.7499056458473206,1
9862,230618_4-0-2.tif,"[7189.478986740112, 2616.4049682617188, 24.81595802307129, 49.13646697998047]",0.7494838833808899,1
9863,230618_4-0-2.tif,"[2962.8433837890625, 2079.87060546875, 42.44281005859375, 43.492347717285156]",0.7493830323219299,1
9864,230618_4-0-2.tif,"[6361.879348754883, 2230.173843383789, 26.330718994140625, 43.652923583984375]",0.7490922212600708,1
9865,230618_4-0-2.tif,"[7611.176300048828, 9228.593505859375, 18.6231689453125, 40.5670166015625]",0.7486161589622498,1
9866,230618_4-0-2.tif,"[9369.429396629333, 7123.605438232422, 31.486214637756348, 20.9664306640625]",0.7479059100151062,1
9867,230618_4-0-2.tif,"[5118.630340576172, 2174.7402420043945, 33.243581771850586, 39.14043426513672]",0.7470679879188538,1
9868,230618_4-0-2.tif,"[2752.6263732910156, 1301.7618103027344, 29.112945556640625, 52.59271240234375]",0.7467925548553467,1
9869,230618_4-0-2.tif,"[5720.517578125, 682.7914886474609, 28.886184692382812, 44.394775390625]",0.74591463804245,1
9870,230618_4-0-2.tif,"[6622.382629394531, 4148.667816162109, 31.93133544921875, 24.214996337890625]",0.7458370327949524,1
9871,230618_4-0-2.tif,"[5250.858947753906, 4713.2239990234375, 37.971771240234375, 22.307464599609375]",0.7450116276741028,1
9872,230618_4-0-2.tif,"[7338.457901000977, 1358.6775512695312, 15.189208984375, 33.7039794921875]",0.7447256445884705,1
9873,230618_4-0-2.tif,"[7896.755859375, 8975.396606445312, 32.98486328125, 24.35888671875]",0.7446220517158508,1
9874,230618_4-0-2.tif,"[8984.879211425781, 2965.159393310547, 18.0845947265625, 34.040283203125]",0.7441785931587219,1
9875,230618_4-0-2.tif,"[7048.4073486328125, 2061.9646530151367, 36.10406494140625, 27.646236419677734]",0.7440866827964783,1
9876,230618_4-0-2.tif,"[4929.925231933594, 7788.428756713867, 25.793212890625, 44.733123779296875]",0.7437735199928284,1
9877,230618_4-0-2.tif,"[2834.6390075683594, 876.2940063476562, 33.18585205078125, 43.6297607421875]",0.7436639070510864,1
9878,230618_4-0-2.tif,"[9946.962768554688, 6727.752395629883, 25.087890625, 42.97993469238281]",0.7434511184692383,1
9879,230618_4-0-2.tif,"[2878.941680908203, 1533.7986145019531, 31.1651611328125, 45.002410888671875]",0.7429294586181641,1
9880,230618_4-0-2.tif,"[9625.684783935547, 1703.9998779296875, 38.55657958984375, 19.22503662109375]",0.7428985238075256,1
9881,230618_4-0-2.tif,"[8101.957763671875, 8890.183135986328, 17.875732421875, 37.35675048828125]",0.7408491373062134,1
9882,230618_4-0-2.tif,"[9732.805786132812, 2098.869483947754, 34.6683349609375, 21.890586853027344]",0.7404447793960571,1
9883,230618_4-0-2.tif,"[6234.254150390625, 2454.4878540039062, 29.535354614257812, 19.8006591796875]",0.7402488589286804,1
9884,230618_4-0-2.tif,"[4501.3004150390625, 122.74459075927734, 44.238037109375, 38.46417999267578]",0.740232527256012,1
9885,230618_4-0-2.tif,"[9516.12646484375, 4686.339004516602, 19.365234375, 35.7779541015625]",0.7402268052101135,1
9886,230618_4-0-2.tif,"[8328.787582397461, 8927.226501464844, 36.31951904296875, 18.273101806640625]",0.739874541759491,1
9887,230618_4-0-2.tif,"[5003.065612792969, 3391.131103515625, 22.72119140625, 47.2528076171875]",0.7393995523452759,1
9888,230618_4-0-2.tif,"[6662.06987285614, 7678.613830566406, 31.216626167297363, 47.37646484375]",0.7393378615379333,1
9889,230618_4-0-2.tif,"[9439.93522644043, 7765.322204589844, 27.099258422851562, 31.886245727539062]",0.7390533089637756,1
9890,230618_4-0-2.tif,"[8422.933502197266, 8394.839935302734, 28.899261474609375, 27.53985595703125]",0.7387434244155884,1
9891,230618_4-0-2.tif,"[6473.915710449219, 1666.6988983154297, 32.4208984375, 17.150360107421875]",0.7384052276611328,1
9892,230618_4-0-2.tif,"[4058.3518676757812, 2657.9579315185547, 29.818603515625, 29.277938842773438]",0.737991213798523,1
9893,230618_4-0-2.tif,"[9519.415710449219, 4619.415771484375, 48.7381591796875, 21.673828125]",0.7364529371261597,1
9894,230618_4-0-2.tif,"[7992.5531005859375, 5475.024230957031, 19.250732421875, 34.1678466796875]",0.7361698746681213,1
9895,230618_4-0-2.tif,"[2707.7423095703125, 1169.2552185058594, 38.57208251953125, 39.0284423828125]",0.7360438704490662,1
9896,230618_4-0-2.tif,"[7411.966735839844, 9875.752197265625, 21.34320068359375, 34.6671142578125]",0.7356292009353638,1
9897,230618_4-0-2.tif,"[4313.251846313477, 214.05203247070312, 24.74237060546875, 49.233978271484375]",0.7349463105201721,1
9898,230618_4-0-2.tif,"[8417.756546020508, 9354.423934936523, 26.937652587890625, 38.8879508972168]",0.7346405982971191,1
9899,230618_4-0-2.tif,"[9441.155090332031, 4576.841857910156, 36.330108642578125, 19.581298828125]",0.7345474362373352,1
9900,230618_4-0-2.tif,"[3834.219757080078, 4635.371900558472, 39.600250244140625, 42.84758186340332]",0.7344189286231995,1
9901,230618_4-0-2.tif,"[8582.195373535156, 6740.968223571777, 35.2869873046875, 19.023109436035156]",0.7340817451477051,1
9902,230618_4-0-2.tif,"[3074.566162109375, 2006.23828125, 30.930908203125, 32.5413818359375]",0.7337452173233032,1
9903,230618_4-0-2.tif,"[8538.71957397461, 9438.585525512695, 34.620880126953125, 39.11604309082031]",0.7330765128135681,1
9904,230618_4-0-2.tif,"[3983.830780029297, 3253.601593017578, 18.38446044921875, 39.604583740234375]",0.7327229380607605,1
9905,230618_4-0-2.tif,"[4253.4921875, 7166.891204833984, 33.484222412109375, 39.38008499145508]",0.7325109243392944,1
9906,230618_4-0-2.tif,"[8060.9273681640625, 8808.045288085938, 21.0035400390625, 34.21714782714844]",0.7320786118507385,1
9907,230618_4-0-2.tif,"[9923.591186523438, 460.4825744628906, 37.431884765625, 19.78375244140625]",0.7319153547286987,1
9908,230618_4-0-2.tif,"[6685.248313903809, 3096.1254272460938, 36.387916564941406, 36.7481689453125]",0.7307573556900024,1
9909,230618_4-0-2.tif,"[9338.726776123047, 9264.383361816406, 24.512527465820312, 20.102462768554688]",0.7301170229911804,1
9910,230618_4-0-2.tif,"[8637.829528808594, 7988.337677001953, 18.58837890625, 41.18902587890625]",0.729254961013794,1
9911,230618_4-0-2.tif,"[8101.828063964844, 9275.45291519165, 31.74774169921875, 19.19845199584961]",0.7292308211326599,1
9912,230618_4-0-2.tif,"[4949.331726074219, 2502.106170654297, 30.2276611328125, 51.1533203125]",0.7291485071182251,1
9913,230618_4-0-2.tif,"[4320.688171386719, 1810.78466796875, 21.53668212890625, 32.50347900390625]",0.7279182076454163,1
9914,230618_4-0-2.tif,"[4678.439758300781, 1952.3052978515625, 17.84130859375, 34.19921875]",0.7277815341949463,1
9915,230618_4-0-2.tif,"[5044.08642578125, 5901.524261474609, 42.48681640625, 19.4779052734375]",0.7273913025856018,1
9916,230618_4-0-2.tif,"[9120.904052734375, 7240.616271972656, 16.220458984375, 33.64947509765625]",0.727236807346344,1
9917,230618_4-0-2.tif,"[4577.4532470703125, 7050.8328857421875, 32.2886962890625, 44.0029296875]",0.7271240949630737,1
9918,230618_4-0-2.tif,"[7958.54248046875, 9664.363220214844, 21.062744140625, 32.0115966796875]",0.7266769409179688,1
9919,230618_4-0-2.tif,"[7887.340591430664, 9820.477172851562, 31.85137939453125, 23.72607421875]",0.7266436219215393,1
9920,230618_4-0-2.tif,"[9271.74377822876, 8984.871826171875, 31.507930755615234, 20.34466552734375]",0.7264981865882874,1
9921,230618_4-0-2.tif,"[8305.320449829102, 7028.450500488281, 34.547637939453125, 37.0548095703125]",0.7261099219322205,1
9922,230618_4-0-2.tif,"[4750.819610595703, 6396.185958862305, 43.57757568359375, 32.70399475097656]",0.7260114550590515,1
9923,230618_4-0-2.tif,"[6335.055267333984, 2653.767837524414, 33.8409423828125, 23.157333374023438]",0.7251468896865845,1
9924,230618_4-0-2.tif,"[9163.661071777344, 7050.883544921875, 16.69915771484375, 35.7984619140625]",0.7251271605491638,1
9925,230618_4-0-2.tif,"[2670.7859954833984, 1743.735595703125, 28.82208251953125, 49.986968994140625]",0.7250102758407593,1
9926,230618_4-0-2.tif,"[7937.893493652344, 5700.184265136719, 16.669921875, 39.73826599121094]",0.7249583005905151,1
9927,230618_4-0-2.tif,"[9588.533630371094, 6373.603302001953, 43.3333740234375, 24.69073486328125]",0.7245537638664246,1
9928,230618_4-0-2.tif,"[8923.392517089844, 6314.869567871094, 37.27288818359375, 17.978515625]",0.724315881729126,1
9929,230618_4-0-2.tif,"[8414.519561767578, 6789.721282958984, 18.4278564453125, 33.43011474609375]",0.7242924571037292,1
9930,230618_4-0-2.tif,"[8293.257049560547, 9313.322021484375, 31.353469848632812, 37.61634826660156]",0.7242779731750488,1
9931,230618_4-0-2.tif,"[8646.965209960938, 9972.958068847656, 16.77154541015625, 26.8172607421875]",0.723318338394165,1
9932,230618_4-0-2.tif,"[9874.2763671875, 4615.892852783203, 23.6240234375, 45.96067810058594]",0.7232168912887573,1
9933,230618_4-0-2.tif,"[2831.4681396484375, 1049.2080078125, 31.2529296875, 40.2701416015625]",0.7228620648384094,1
9934,230618_4-0-2.tif,"[4093.661865234375, 2143.57373046875, 21.7283935546875, 33.544830322265625]",0.7226327061653137,1
9935,230618_4-0-2.tif,"[2706.3084106445312, 920.15087890625, 40.213043212890625, 30.4013671875]",0.7220489382743835,1
9936,230618_4-0-2.tif,"[7233.958435058594, 1612.4866943359375, 17.5498046875, 34.16009521484375]",0.7220112681388855,1
9937,230618_4-0-2.tif,"[9785.421875, 381.49322509765625, 36.56182861328125, 18.759033203125]",0.7214300036430359,1
9938,230618_4-0-2.tif,"[4103.111389160156, 2553.3184204101562, 42.23291015625, 28.614238739013672]",0.7214048504829407,1
9939,230618_4-0-2.tif,"[9604.922760009766, 2981.8060913085938, 38.10791015625, 17.7587890625]",0.7212991118431091,1
9940,230618_4-0-2.tif,"[9669.062866210938, 6640.329895019531, 29.8392333984375, 26.74519157409668]",0.7212812304496765,1
9941,230618_4-0-2.tif,"[9714.44091796875, 6795.451019287109, 18.18072509765625, 29.78558349609375]",0.7210767865180969,1
9942,230618_4-0-2.tif,"[8843.901596069336, 7139.614929199219, 40.157806396484375, 19.59619140625]",0.7205206751823425,1
9943,230618_4-0-2.tif,"[5485.113830566406, 0.0, 32.5869140625, 34.59053039550781]",0.719067394733429,1
9944,230618_4-0-2.tif,"[6196.10661315918, 1443.76220703125, 19.765029907226562, 35.4075927734375]",0.718622088432312,1
9945,230618_4-0-2.tif,"[4204.864608764648, 384.07635498046875, 35.0484619140625, 38.9454345703125]",0.7178963422775269,1
9946,230618_4-0-2.tif,"[6110.995910644531, 1912.593505859375, 38.890380859375, 18.92431640625]",0.7170884609222412,1
9947,230618_4-0-2.tif,"[9674.155303955078, 2598.6837463378906, 19.4232177734375, 33.91986846923828]",0.7168652415275574,1
9948,230618_4-0-2.tif,"[9435.426818847656, 2646.210433959961, 37.728912353515625, 24.814605712890625]",0.7157838344573975,1
9949,230618_4-0-2.tif,"[7727.811767578125, 8148.387176513672, 21.202392578125, 31.97412109375]",0.7154673337936401,1
9950,230618_4-0-2.tif,"[5526.302673339844, 5276.102294921875, 24.8551025390625, 41.9981689453125]",0.7143362164497375,1
9951,230618_4-0-2.tif,"[4845.256988525391, 7465.118591308594, 27.899169921875, 52.940185546875]",0.7141221165657043,1
9952,230618_4-0-2.tif,"[5734.154159545898, 1880.8514709472656, 19.373565673828125, 44.47015380859375]",0.7138640880584717,1
9953,230618_4-0-2.tif,"[4326.349517822266, 2894.3636169433594, 29.691986083984375, 26.43804931640625]",0.7137601971626282,1
9954,230618_4-0-2.tif,"[4428.688293457031, 2478.1720581054688, 24.58013916015625, 38.139404296875]",0.7135229110717773,1
9955,230618_4-0-2.tif,"[4409.412292480469, 714.4886169433594, 35.5235595703125, 19.68487548828125]",0.7133429050445557,1
9956,230618_4-0-2.tif,"[5607.551177978516, 6450.8404541015625, 18.91436767578125, 40.0386962890625]",0.712873101234436,1
9957,230618_4-0-2.tif,"[3024.2315673828125, 1526.271240234375, 23.21270751953125, 48.36126708984375]",0.7126820087432861,1
9958,230618_4-0-2.tif,"[5235.566352844238, 4848.607147216797, 31.79076385498047, 25.25848388671875]",0.7118567228317261,1
9959,230618_4-0-2.tif,"[4938.4859619140625, 2267.2376556396484, 22.9864501953125, 29.33734130859375]",0.7113679051399231,1
9960,230618_4-0-2.tif,"[5501.79443359375, 215.50643920898438, 40.5316162109375, 39.86968994140625]",0.7112983465194702,1
9961,230618_4-0-2.tif,"[4391.799285888672, 986.6096801757812, 31.18841552734375, 40.93170166015625]",0.7112226486206055,1
9962,230618_4-0-2.tif,"[6974.982452392578, 6933.777648925781, 25.6522216796875, 44.4278564453125]",0.7111692428588867,1
9963,230618_4-0-2.tif,"[4161.32373046875, 6056.1024169921875, 23.559326171875, 44.75042724609375]",0.7103558778762817,1
9964,230618_4-0-2.tif,"[7015.550048828125, 3444.687042236328, 25.7452392578125, 54.4058837890625]",0.710138201713562,1
9965,230618_4-0-2.tif,"[8268.727867126465, 9262.013778686523, 33.63139343261719, 18.928237915039062]",0.7099875807762146,1
9966,230618_4-0-2.tif,"[8086.7569580078125, 9228.6240234375, 36.462890625, 18.0009765625]",0.7093862891197205,1
9967,230618_4-0-2.tif,"[5326.5997314453125, 2596.156982421875, 33.09381103515625, 16.622314453125]",0.7089189291000366,1
9968,230618_4-0-2.tif,"[8417.967102050781, 6477.744567871094, 30.676727294921875, 25.3330078125]",0.7085362672805786,1
9969,230618_4-0-2.tif,"[8366.799041748047, 9388.666610717773, 37.946533203125, 22.485565185546875]",0.707901656627655,1
9970,230618_4-0-2.tif,"[3760.4815979003906, 1680.773178100586, 33.952911376953125, 16.422515869140625]",0.7078573703765869,1
9971,230618_4-0-2.tif,"[9363.763458251953, 9500.728515625, 34.845550537109375, 26.15625]",0.7074498534202576,1
9972,230618_4-0-2.tif,"[5254.019958496094, 1440.7357482910156, 34.48590087890625, 53.14862060546875]",0.707442581653595,1
9973,230618_4-0-2.tif,"[9250.127723693848, 7507.8060302734375, 27.414703369140625, 26.53460693359375]",0.7073548436164856,1
9974,230618_4-0-2.tif,"[9027.817138671875, 8029.8321533203125, 16.7635498046875, 32.6741943359375]",0.7070431709289551,1
9975,230618_4-0-2.tif,"[3002.7679138183594, 1973.2288208007812, 38.8314208984375, 25.2349853515625]",0.7067616581916809,1
9976,230618_4-0-2.tif,"[8417.624298095703, 9200.379974365234, 21.883941650390625, 35.194854736328125]",0.705980658531189,1
9977,230618_4-0-2.tif,"[6682.8535232543945, 5182.305244445801, 32.13267517089844, 27.30108642578125]",0.7058145999908447,1
9978,230618_4-0-2.tif,"[5299.856109619141, 25.886978149414062, 20.8441162109375, 43.18475341796875]",0.7048707604408264,1
9979,230618_4-0-2.tif,"[9221.570133209229, 1779.9724426269531, 47.65545654296875, 27.120025634765625]",0.7046207785606384,1
9980,230618_4-0-2.tif,"[9452.137680053711, 7712.331840515137, 40.429473876953125, 16.945541381835938]",0.7036685943603516,1
9981,230618_4-0-2.tif,"[6120.0723876953125, 1212.5315856933594, 34.0728759765625, 18.63818359375]",0.7033330798149109,1
9982,230618_4-0-2.tif,"[9319.42399597168, 5718.560485839844, 32.78392028808594, 20.324905395507812]",0.702569305896759,1
9983,230618_4-0-2.tif,"[6258.1700439453125, 1253.9672241210938, 35.229644775390625, 31.9776611328125]",0.7019835114479065,1
9984,230618_4-0-2.tif,"[9603.087463378906, 4773.547882080078, 18.1307373046875, 37.43792724609375]",0.7014092803001404,1
9985,230618_4-0-2.tif,"[9564.392578125, 1462.70849609375, 43.412353515625, 29.9459228515625]",0.7013718485832214,1
9986,230618_4-0-2.tif,"[8566.380798339844, 9082.0546875, 38.8997802734375, 24.5601806640625]",0.701064944267273,1
9987,230618_4-0-2.tif,"[8585.392272949219, 9865.112091064453, 16.29486083984375, 32.441375732421875]",0.7008787989616394,1
9988,230618_4-0-2.tif,"[9674.390625, 308.53131103515625, 16.0880126953125, 38.9610595703125]",0.7004431486129761,1
9989,230618_4-0-2.tif,"[9977.015869140625, 7064.1646728515625, 22.984130859375, 17.9071044921875]",0.7001757025718689,1
9990,230618_4-0-2.tif,"[9635.033752441406, 5487.675872802734, 28.802337646484375, 25.6895751953125]",0.6993187069892883,1
9991,230618_4-0-2.tif,"[8610.043090820312, 6598.0999755859375, 17.721435546875, 35.8402099609375]",0.6985963582992554,1
9992,230618_4-0-2.tif,"[4690.277877807617, 7460.460693359375, 29.666168212890625, 26.54638671875]",0.6981975436210632,1
9993,230618_4-0-2.tif,"[6582.837982177734, 3100.757667541504, 24.122314453125, 41.80438995361328]",0.6978759169578552,1
9994,230618_4-0-2.tif,"[4908.124694824219, 4047.872314453125, 34.5155029296875, 41.0806884765625]",0.6976869702339172,1
9995,230618_4-0-2.tif,"[6198.0816650390625, 1590.0595703125, 28.26934814453125, 44.444427490234375]",0.697258710861206,1
9996,230618_4-0-2.tif,"[2784.8905029296875, 975.4729309082031, 36.635467529296875, 45.5234375]",0.6958999633789062,1
9997,230618_4-0-2.tif,"[9796.471069335938, 6055.018005371094, 44.26776123046875, 18.717529296875]",0.6956577897071838,1
9998,230618_4-0-2.tif,"[8443.689819335938, 9823.394287109375, 25.9097900390625, 44.929931640625]",0.6954843997955322,1
9999,230618_4-0-2.tif,"[8150.3985595703125, 8944.00390625, 22.6390380859375, 44.91925048828125]",0.6954113245010376,1
10000,230618_4-0-2.tif,"[8214.893249511719, 4794.387359619141, 34.826904296875, 36.835235595703125]",0.6945083141326904,1
10001,230618_4-0-2.tif,"[8179.336486816406, 9428.512710571289, 37.65911865234375, 22.073516845703125]",0.6937704682350159,1
10002,230618_4-0-2.tif,"[5014.042175292969, 3831.318893432617, 31.082275390625, 38.74635314941406]",0.6933162212371826,1
10003,230618_4-0-2.tif,"[9373.238220214844, 4875.7432861328125, 33.580299377441406, 28.0615234375]",0.6930357217788696,1
10004,230618_4-0-2.tif,"[5180.916301727295, 6270.191009521484, 42.82223892211914, 18.304779052734375]",0.6926509141921997,1
10005,230618_4-0-2.tif,"[5001.111145019531, 7711.7764892578125, 21.3892822265625, 36.95654296875]",0.691819965839386,1
10006,230618_4-0-2.tif,"[8012.095397949219, 6593.531982421875, 29.4666748046875, 45.5323486328125]",0.6914567351341248,1
10007,230618_4-0-2.tif,"[5681.3939208984375, 434.1413269042969, 41.709716796875, 22.286865234375]",0.6911611557006836,1
10008,230618_4-0-2.tif,"[9833.185974121094, 228.64437866210938, 41.08111572265625, 20.3226318359375]",0.6905313730239868,1
10009,230618_4-0-2.tif,"[3891.833953857422, 2450.6707458496094, 36.12860107421875, 19.1883544921875]",0.6901664137840271,1
10010,230618_4-0-2.tif,"[6130.938049316406, 1369.25390625, 43.4537353515625, 26.5263671875]",0.690102219581604,1
10011,230618_4-0-2.tif,"[9910.456909179688, 9985.78125, 44.0263671875, 14.113037109375]",0.6900151968002319,1
10012,230618_4-0-2.tif,"[8553.303283691406, 8460.5634765625, 39.6019287109375, 42.12225341796875]",0.6890797019004822,1
10013,230618_4-0-2.tif,"[9165.475280761719, 7491.166442871094, 42.66021728515625, 17.5814208984375]",0.6882321238517761,1
10014,230618_4-0-2.tif,"[2941.6771240234375, 1969.0285034179688, 30.8997802734375, 44.90673828125]",0.6877041459083557,1
10015,230618_4-0-2.tif,"[9195.268432617188, 1625.0213088989258, 41.322998046875, 27.74420166015625]",0.6876223087310791,1
10016,230618_4-0-2.tif,"[2714.573486328125, 1934.4114379882812, 32.87457275390625, 41.051025390625]",0.687494695186615,1
10017,230618_4-0-2.tif,"[9828.381286621094, 2131.0799407958984, 23.7225341796875, 38.91184997558594]",0.6872826814651489,1
10018,230618_4-0-2.tif,"[4245.457382202148, 2880.7808532714844, 29.42449951171875, 44.71636962890625]",0.6869063377380371,1
10019,230618_4-0-2.tif,"[9737.580322265625, 7508.3699951171875, 27.994873046875, 26.1942138671875]",0.6867232322692871,1
10020,230618_4-0-2.tif,"[6952.736511230469, 8089.692810058594, 40.7742919921875, 20.40484619140625]",0.6866315007209778,1
10021,230618_4-0-2.tif,"[3883.5951232910156, 1602.112060546875, 39.215423583984375, 33.389404296875]",0.6863598823547363,1
10022,230618_4-0-2.tif,"[3714.8912658691406, 1498.9178771972656, 42.31048583984375, 27.3076171875]",0.6854874491691589,1
10023,230618_4-0-2.tif,"[3471.7075805664062, 3651.8967895507812, 19.3876953125, 37.8695068359375]",0.6844344139099121,1
10024,230618_4-0-2.tif,"[4782.262145996094, 2263.9859466552734, 17.283447265625, 39.17454528808594]",0.6842285394668579,1
10025,230618_4-0-2.tif,"[4352.946929931641, 4406.404541015625, 34.058349609375, 21.5799560546875]",0.6836305260658264,1
10026,230618_4-0-2.tif,"[5006.0179443359375, 4403.563232421875, 25.28857421875, 49.8778076171875]",0.6829633116722107,1
10027,230618_4-0-2.tif,"[2898.7391967773438, 1279.716552734375, 19.0985107421875, 44.458251953125]",0.6826177835464478,1
10028,230618_4-0-2.tif,"[7198.865692138672, 8245.840286254883, 22.839202880859375, 48.2506103515625]",0.6810029745101929,1
10029,230618_4-0-2.tif,"[9083.365112304688, 7883.0931396484375, 41.56689453125, 32.2542724609375]",0.6809517741203308,1
10030,230618_4-0-2.tif,"[3692.4756927490234, 1573.4899291992188, 40.027862548828125, 41.95330810546875]",0.6801144480705261,1
10031,230618_4-0-2.tif,"[5385.516448974609, 4776.16780090332, 42.91851806640625, 18.272003173828125]",0.6799711585044861,1
10032,230618_4-0-2.tif,"[8947.122329711914, 6881.724304199219, 26.434799194335938, 32.644989013671875]",0.6795232892036438,1
10033,230618_4-0-2.tif,"[7282.296340942383, 8228.465698242188, 24.3927001953125, 39.4642333984375]",0.6787117123603821,1
10034,230618_4-0-2.tif,"[4244.034210205078, 2539.2094116210938, 28.62225341796875, 34.4542236328125]",0.678358793258667,1
10035,230618_4-0-2.tif,"[6765.77783203125, 1509.840576171875, 32.51300048828125, 21.49847412109375]",0.6781169772148132,1
10036,230618_4-0-2.tif,"[4651.29150390625, 6978.1627197265625, 53.13224792480469, 31.417266845703125]",0.6778256893157959,1
10037,230618_4-0-2.tif,"[3082.6571884155273, 1717.750015258789, 35.38751983642578, 43.69520568847656]",0.6770692467689514,1
10038,230618_4-0-2.tif,"[4211.989105224609, 2623.7182540893555, 36.774749755859375, 21.922119140625]",0.6762779355049133,1
10039,230618_4-0-2.tif,"[9893.870544433594, 3133.697235107422, 39.1781005859375, 39.54718017578125]",0.6761254668235779,1
10040,230618_4-0-2.tif,"[4146.8741455078125, 234.58706665039062, 57.35400390625, 27.382568359375]",0.675861656665802,1
10041,230618_4-0-2.tif,"[9151.311218261719, 6475.305755615234, 23.323974609375, 28.48846435546875]",0.6755194664001465,1
10042,230618_4-0-2.tif,"[9025.714050292969, 6527.097686767578, 20.8736572265625, 50.7503662109375]",0.6750520467758179,1
10043,230618_4-0-2.tif,"[8913.311767578125, 2635.619384765625, 39.763885498046875, 25.64892578125]",0.674660861492157,1
10044,230618_4-0-2.tif,"[5602.442199707031, 959.1434936523438, 32.5277099609375, 46.93701171875]",0.6731889247894287,1
10045,230618_4-0-2.tif,"[3310.97314453125, 3237.0326538085938, 36.2855224609375, 28.644195556640625]",0.6724048256874084,1
10046,230618_4-0-2.tif,"[8769.668334960938, 9540.375610351562, 17.696746826171875, 37.6326904296875]",0.6723973155021667,1
10047,230618_4-0-2.tif,"[6135.9359130859375, 2111.552291870117, 38.42950439453125, 40.59272766113281]",0.6713787317276001,1
10048,230618_4-0-2.tif,"[8793.080581665039, 8551.033172607422, 40.359344482421875, 34.52960205078125]",0.6712915301322937,1
10049,230618_4-0-2.tif,"[4226.145401000977, 2744.1432037353516, 24.423065185546875, 42.399322509765625]",0.6700717210769653,1
10050,230618_4-0-2.tif,"[4549.27490234375, 945.1221923828125, 32.8231201171875, 37.94482421875]",0.6698811054229736,1
10051,230618_4-0-2.tif,"[8297.775085449219, 9176.422241210938, 35.292755126953125, 22.0159912109375]",0.6698576807975769,1
10052,230618_4-0-2.tif,"[4356.382263183594, 734.4005126953125, 17.19610595703125, 35.865631103515625]",0.6697884798049927,1
10053,230618_4-0-2.tif,"[9017.727416992188, 7575.2479248046875, 32.4034423828125, 24.478271484375]",0.669712245464325,1
10054,230618_4-0-2.tif,"[9573.125991821289, 2624.43896484375, 37.445404052734375, 21.445838928222656]",0.6694299578666687,1
10055,230618_4-0-2.tif,"[5410.056701660156, 1953.8778686523438, 34.3170166015625, 37.9378662109375]",0.6691190600395203,1
10056,230618_4-0-2.tif,"[4921.575378417969, 169.73013305664062, 35.203125, 39.545257568359375]",0.6688739061355591,1
10057,230618_4-0-2.tif,"[8557.638427734375, 9296.1332321167, 51.8302001953125, 25.3953857421875]",0.6674045324325562,1
10058,230618_4-0-2.tif,"[2816.3717651367188, 1472.7774047851562, 28.37359619140625, 40.852294921875]",0.6672965288162231,1
10059,230618_4-0-2.tif,"[8986.652374267578, 4751.244979858398, 15.3148193359375, 33.62530517578125]",0.6671832203865051,1
10060,230618_4-0-2.tif,"[3971.432342529297, 2794.052032470703, 23.59442138671875, 32.93463134765625]",0.6668574810028076,1
10061,230618_4-0-2.tif,"[8296.951110839844, 9106.969421386719, 43.041748046875, 23.3853759765625]",0.6667991876602173,1
10062,230618_4-0-2.tif,"[8500.262268066406, 9768.319274902344, 31.2432861328125, 17.8758544921875]",0.6667252779006958,1
10063,230618_4-0-2.tif,"[8320.292495727539, 8622.097961425781, 33.19830322265625, 20.4761962890625]",0.6661741733551025,1
10064,230618_4-0-2.tif,"[4020.59521484375, 2754.3779907226562, 35.431884765625, 19.990234375]",0.6648529767990112,1
10065,230618_4-0-2.tif,"[7847.912811279297, 7490.2830810546875, 21.81585693359375, 32.3814697265625]",0.664699137210846,1
10066,230618_4-0-2.tif,"[8792.636047363281, 2595.5028762817383, 40.451629638671875, 20.00695037841797]",0.66456538438797,1
10067,230618_4-0-2.tif,"[7104.7373046875, 4601.491302490234, 31.872802734375, 48.493309020996094]",0.66425621509552,1
10068,230618_4-0-2.tif,"[2868.1798706054688, 970.4172668457031, 37.5657958984375, 27.8917236328125]",0.6638956069946289,1
10069,230618_4-0-2.tif,"[5013.592498779297, 4288.814544677734, 31.2877197265625, 24.9908447265625]",0.6633539199829102,1
10070,230618_4-0-2.tif,"[4314.662506103516, 6365.81103515625, 41.580230712890625, 42.01983642578125]",0.6632317900657654,1
10071,230618_4-0-2.tif,"[8406.804107666016, 9452.78662109375, 23.410186767578125, 43.776824951171875]",0.6631661653518677,1
10072,230618_4-0-2.tif,"[3930.868896484375, 1667.8722229003906, 40.2054443359375, 27.3868408203125]",0.6628047823905945,1
10073,230618_4-0-2.tif,"[9279.711784362793, 4904.8629150390625, 35.55999755859375, 30.74993896484375]",0.6627939343452454,1
10074,230618_4-0-2.tif,"[8038.512023925781, 9433.872802734375, 18.8167724609375, 27.655517578125]",0.6627342104911804,1
10075,230618_4-0-2.tif,"[6286.301712036133, 1329.6489562988281, 17.069549560546875, 32.667724609375]",0.6624736189842224,1
10076,230618_4-0-2.tif,"[6130.581207275391, 2036.1099853515625, 43.936248779296875, 27.1556396484375]",0.6622063517570496,1
10077,230618_4-0-2.tif,"[3425.312744140625, 3501.4440002441406, 22.3470458984375, 46.0653076171875]",0.662169337272644,1
10078,230618_4-0-2.tif,"[4009.0845947265625, 3043.2512817382812, 43.0389404296875, 33.2645263671875]",0.6619414687156677,1
10079,230618_4-0-2.tif,"[9507.096893310547, 5903.568176269531, 27.210693359375, 27.3375244140625]",0.6615242958068848,1
10080,230618_4-0-2.tif,"[9706.192749023438, 2575.629108428955, 38.8189697265625, 18.07335662841797]",0.6613302826881409,1
10081,230618_4-0-2.tif,"[7772.798141479492, 8907.428619384766, 33.3724365234375, 40.920562744140625]",0.6610727310180664,1
10082,230618_4-0-2.tif,"[9763.704223632812, 6744.4031982421875, 39.89300537109375, 20.1240234375]",0.6606886386871338,1
10083,230618_4-0-2.tif,"[8181.069396972656, 9171.959228515625, 28.10420036315918, 38.4613037109375]",0.660650372505188,1
10084,230618_4-0-2.tif,"[9689.132751464844, 2394.991973876953, 26.238739013671875, 26.979278564453125]",0.6604654788970947,1
10085,230618_4-0-2.tif,"[5238.350067138672, 2049.6588745117188, 22.701934814453125, 53.2945556640625]",0.6603785753250122,1
10086,230618_4-0-2.tif,"[8005.730712890625, 7497.680023193359, 29.5443115234375, 26.02197265625]",0.6599895358085632,1
10087,230618_4-0-2.tif,"[9763.918701171875, 2196.1092834472656, 44.5054931640625, 27.33709716796875]",0.65963214635849,1
10088,230618_4-0-2.tif,"[5135.4189453125, 7568.187713623047, 20.045516967773438, 43.55816650390625]",0.6594257950782776,1
10089,230618_4-0-2.tif,"[4612.8587646484375, 2400.855987548828, 19.61505889892578, 43.831787109375]",0.6590211987495422,1
10090,230618_4-0-2.tif,"[4635.897399902344, 7247.510681152344, 21.99530029296875, 47.9764404296875]",0.6586941480636597,1
10091,230618_4-0-2.tif,"[9210.723388671875, 9929.990600585938, 26.3048095703125, 35.1243896484375]",0.6580091118812561,1
10092,230618_4-0-2.tif,"[9300.072578430176, 9586.72592163086, 43.29369354248047, 26.47222900390625]",0.6572561860084534,1
10093,230618_4-0-2.tif,"[9789.043151855469, 5452.597717285156, 20.41900634765625, 42.099151611328125]",0.6566821336746216,1
10094,230618_4-0-2.tif,"[6077.366149902344, 1998.4910888671875, 20.152099609375, 29.744873046875]",0.6566478610038757,1
10095,230618_4-0-2.tif,"[8338.793914794922, 9625.588989257812, 26.5926513671875, 22.9869384765625]",0.6563817262649536,1
10096,230618_4-0-2.tif,"[9265.236534118652, 6214.8175048828125, 18.085853576660156, 39.916114807128906]",0.6562238335609436,1
10097,230618_4-0-2.tif,"[8599.236511230469, 9915.530517578125, 30.3780517578125, 21.937744140625]",0.6559599041938782,1
10098,230618_4-0-2.tif,"[9905.931518554688, 2180.8798217773438, 32.896484375, 24.80084228515625]",0.6558452844619751,1
10099,230618_4-0-2.tif,"[9722.953491210938, 5310.874450683594, 16.92926025390625, 36.56263732910156]",0.6555522680282593,1
10100,230618_4-0-2.tif,"[3902.6329345703125, 4381.078063964844, 35.5775146484375, 39.9664306640625]",0.6551718711853027,1
10101,230618_4-0-2.tif,"[5666.762046813965, 5932.042205810547, 34.175697326660156, 54.4266357421875]",0.654911994934082,1
10102,230618_4-0-2.tif,"[4311.258026123047, 2788.6802368164062, 26.17401123046875, 45.326934814453125]",0.6547181606292725,1
10103,230618_4-0-2.tif,"[8062.506500244141, 8853.366561889648, 29.11077880859375, 17.683807373046875]",0.6543434262275696,1
10104,230618_4-0-2.tif,"[4262.261566162109, 6404.3333740234375, 38.60504150390625, 46.1890869140625]",0.6532115936279297,1
10105,230618_4-0-2.tif,"[4818.574951171875, 7618.844543457031, 38.893798828125, 46.574951171875]",0.6526927351951599,1
10106,230618_4-0-2.tif,"[3044.7679443359375, 1426.5943603515625, 36.92962646484375, 31.5723876953125]",0.6526520848274231,1
10107,230618_4-0-2.tif,"[9624.380737304688, 2108.5888671875, 40.9674072265625, 27.107505798339844]",0.6523281335830688,1
10108,230618_4-0-2.tif,"[9536.394775390625, 7010.327392578125, 39.1434326171875, 17.41717529296875]",0.6518102884292603,1
10109,230618_4-0-2.tif,"[5701.171142578125, 2086.0126190185547, 25.7891845703125, 43.62178039550781]",0.6510604619979858,1
10110,230618_4-0-2.tif,"[9851.711975097656, 4900.900573730469, 26.001220703125, 50.372802734375]",0.6508195400238037,1
10111,230618_4-0-2.tif,"[9830.632507324219, 5886.940826416016, 20.6632080078125, 41.58740234375]",0.6505430340766907,1
10112,230618_4-0-2.tif,"[5621.300811767578, 2632.6777954101562, 36.610015869140625, 45.56268310546875]",0.649223804473877,1
10113,230618_4-0-2.tif,"[2966.326690673828, 1742.5949096679688, 50.1995849609375, 26.63739013671875]",0.6489511728286743,1
10114,230618_4-0-2.tif,"[4829.742340087891, 7415.321243286133, 41.36572265625, 40.27183532714844]",0.6483389735221863,1
10115,230618_4-0-2.tif,"[2985.4733276367188, 2043.3890380859375, 19.63836669921875, 44.023681640625]",0.6473016142845154,1
10116,230618_4-0-2.tif,"[4304.3768310546875, 1420.6431274414062, 17.27496337890625, 39.0338134765625]",0.6467679142951965,1
10117,230618_4-0-2.tif,"[4582.471374511719, 3842.4566650390625, 23.51611328125, 51.290283203125]",0.645976185798645,1
10118,230618_4-0-2.tif,"[4846.513427734375, 7790.096282958984, 57.95977783203125, 20.891098022460938]",0.6455689668655396,1
10119,230618_4-0-2.tif,"[8899.173309326172, 3716.265899658203, 58.43841552734375, 22.66583251953125]",0.6448513269424438,1
10120,230618_4-0-2.tif,"[8417.248413085938, 9910.885131835938, 18.79815673828125, 37.178466796875]",0.6446291208267212,1
10121,230618_4-0-2.tif,"[4931.595520019531, 7696.013687133789, 31.47064208984375, 41.342735290527344]",0.6443269848823547,1
10122,230618_4-0-2.tif,"[9565.020446777344, 2504.1466064453125, 26.292999267578125, 31.19580078125]",0.6442524194717407,1
10123,230618_4-0-2.tif,"[4537.407653808594, 2065.6571044921875, 32.6536865234375, 42.899742126464844]",0.6437302827835083,1
10124,230618_4-0-2.tif,"[8610.473754882812, 8345.242782592773, 21.9078369140625, 30.0081787109375]",0.6433977484703064,1
10125,230618_4-0-2.tif,"[8825.94497680664, 7916.753875732422, 42.84881591796875, 20.5535888671875]",0.6426364183425903,1
10126,230618_4-0-2.tif,"[4050.591552734375, 2116.508255004883, 37.8974609375, 23.922271728515625]",0.6420720219612122,1
10127,230618_4-0-2.tif,"[6904.714172363281, 2884.4796142578125, 20.61029052734375, 38.42236328125]",0.6418497562408447,1
10128,230618_4-0-2.tif,"[4953.622222900391, 7263.194519042969, 48.45965576171875, 39.74847412109375]",0.6407841444015503,1
10129,230618_4-0-2.tif,"[8218.969970703125, 9472.23388671875, 23.487060546875, 43.00848388671875]",0.6406410932540894,1
10130,230618_4-0-2.tif,"[4977.682678222656, 7784.791458129883, 24.04718017578125, 45.47734069824219]",0.6396015286445618,1
10131,230618_4-0-2.tif,"[8950.343353271484, 9209.53662109375, 38.45855712890625, 27.75998306274414]",0.6382427215576172,1
10132,230618_4-0-2.tif,"[9856.048156738281, 5784.709625244141, 19.05841064453125, 25.9078369140625]",0.6369181275367737,1
10133,230618_4-0-2.tif,"[4977.0732421875, 6385.47624206543, 27.1702880859375, 49.71791076660156]",0.6364365816116333,1
10134,230618_4-0-2.tif,"[4531.978363037109, 6686.1181640625, 40.23944091796875, 44.389892578125]",0.6359933018684387,1
10135,230618_4-0-2.tif,"[4830.606414794922, 7737.1241455078125, 40.41888427734375, 19.851318359375]",0.6357682943344116,1
10136,230618_4-0-2.tif,"[3080.623779296875, 1577.5484619140625, 30.762939453125, 41.6883544921875]",0.6355387568473816,1
10137,230618_4-0-2.tif,"[3068.1892700195312, 3054.6588745117188, 36.3721923828125, 40.77935791015625]",0.6346545219421387,1
10138,230618_4-0-2.tif,"[8206.582275390625, 9228.289489746094, 42.143310546875, 26.28363037109375]",0.6346514225006104,1
10139,230618_4-0-2.tif,"[3886.2108764648438, 2597.6929321289062, 35.906494140625, 17.2943115234375]",0.6330822110176086,1
10140,230618_4-0-2.tif,"[7021.820373535156, 2147.6072387695312, 41.79315185546875, 26.6318359375]",0.6330310702323914,1
10141,230618_4-0-2.tif,"[8012.610046386719, 9313.208709716797, 33.2523193359375, 19.411224365234375]",0.6329787373542786,1
10142,230618_4-0-2.tif,"[5337.250457763672, 6258.24609375, 45.041534423828125, 31.3924560546875]",0.6328101754188538,1
10143,230618_4-0-2.tif,"[9663.588256835938, 5388.612945556641, 25.607818603515625, 28.35650634765625]",0.632472813129425,1
10144,230618_4-0-2.tif,"[4708.696960449219, 7051.288116455078, 39.387237548828125, 29.53851318359375]",0.6323419213294983,1
10145,230618_4-0-2.tif,"[9971.463256835938, 804.260498046875, 19.15869140625, 42.35491943359375]",0.630249559879303,1
10146,230618_4-0-2.tif,"[5069.371337890625, 7470.83056640625, 31.4708251953125, 44.1826171875]",0.6299099922180176,1
10147,230618_4-0-2.tif,"[3927.8368530273438, 3918.2923583984375, 42.0850830078125, 21.01171875]",0.6296568512916565,1
10148,230618_4-0-2.tif,"[4632.756744384766, 7449.404602050781, 21.97796630859375, 34.74407958984375]",0.6295858025550842,1
10149,230618_4-0-2.tif,"[6868.132293701172, 2385.725311279297, 35.44000244140625, 21.5352783203125]",0.6295055150985718,1
10150,230618_4-0-2.tif,"[3274.938201904297, 3621.2420654296875, 31.56854248046875, 57.588623046875]",0.6294878721237183,1
10151,230618_4-0-2.tif,"[3729.6524963378906, 1640.3350830078125, 47.01202392578125, 22.46923828125]",0.6292872428894043,1
10152,230618_4-0-2.tif,"[8670.711120605469, 6812.394760131836, 26.7802734375, 26.986724853515625]",0.6290367841720581,1
10153,230618_4-0-2.tif,"[5061.808746337891, 3525.94384765625, 21.6087646484375, 60.41107177734375]",0.62901371717453,1
10154,230618_4-0-2.tif,"[9429.96371459961, 5143.352485656738, 25.709304809570312, 30.95526885986328]",0.628301739692688,1
10155,230618_4-0-2.tif,"[6854.7425537109375, 3689.2969970703125, 40.46844482421875, 28.569839477539062]",0.6282804608345032,1
10156,230618_4-0-2.tif,"[8286.902267456055, 9221.290771484375, 35.096649169921875, 45.369384765625]",0.6277927756309509,1
10157,230618_4-0-2.tif,"[5321.351959228516, 3820.8041076660156, 42.94049072265625, 23.870269775390625]",0.6274809837341309,1
10158,230618_4-0-2.tif,"[3367.952880859375, 3617.96875, 21.0960693359375, 49.39794921875]",0.6271045207977295,1
10159,230618_4-0-2.tif,"[9346.907440185547, 5013.859558105469, 26.18890380859375, 41.80419921875]",0.6270712614059448,1
10160,230618_4-0-2.tif,"[3158.5489807128906, 2021.48193359375, 32.080902099609375, 24.86444091796875]",0.6254233121871948,1
10161,230618_4-0-2.tif,"[9556.397216796875, 7361.6876220703125, 29.332763671875, 21.984222412109375]",0.6253440976142883,1
10162,230618_4-0-2.tif,"[8382.592803955078, 9675.500732421875, 43.64166259765625, 29.250732421875]",0.6245200037956238,1
10163,230618_4-0-2.tif,"[5449.894775390625, 5638.780774116516, 57.19903564453125, 23.911131858825684]",0.6243755221366882,1
10164,230618_4-0-2.tif,"[4884.518493652344, 3103.6815700531006, 41.846435546875, 21.899080276489258]",0.6241530179977417,1
10165,230618_4-0-2.tif,"[3823.6676330566406, 2665.4160079956055, 18.88134765625, 46.23236846923828]",0.6237193942070007,1
10166,230618_4-0-2.tif,"[5248.2139892578125, 5741.124572753906, 52.51298522949219, 20.587158203125]",0.6235161423683167,1
10167,230618_4-0-2.tif,"[7867.072616577148, 5437.989074707031, 35.309967041015625, 40.2137451171875]",0.6234930753707886,1
10168,230618_4-0-2.tif,"[8227.883110046387, 9186.437744140625, 40.93364715576172, 18.391143798828125]",0.6232494711875916,1
10169,230618_4-0-2.tif,"[4817.307373046875, 7119.1717529296875, 31.378143310546875, 52.80078125]",0.6231192946434021,1
10170,230618_4-0-2.tif,"[8903.566589355469, 7008.7735595703125, 36.793792724609375, 20.660400390625]",0.6229417324066162,1
10171,230618_4-0-2.tif,"[9133.239562988281, 8903.117218017578, 33.08984375, 26.067626953125]",0.6207726001739502,1
10172,230618_4-0-2.tif,"[9503.315124511719, 4394.660339355469, 41.384674072265625, 37.4681396484375]",0.6204624772071838,1
10173,230618_4-0-2.tif,"[7870.443054199219, 8915.288116455078, 30.537384033203125, 41.48333740234375]",0.6204246878623962,1
10174,230618_4-0-2.tif,"[9933.201232910156, 7345.0931396484375, 18.6591796875, 41.20965576171875]",0.6202874183654785,1
10175,230618_4-0-2.tif,"[3778.967987060547, 1437.1010131835938, 30.051300048828125, 39.7520751953125]",0.6201936602592468,1
10176,230618_4-0-2.tif,"[3163.1735229492188, 3308.1686401367188, 20.989654541015625, 51.94342041015625]",0.6200639009475708,1
10177,230618_4-0-2.tif,"[5063.567047119141, 1786.7494506835938, 18.62994384765625, 43.02117919921875]",0.619714617729187,1
10178,230618_4-0-2.tif,"[4502.277984619141, 7311.44026184082, 39.48394775390625, 24.672088623046875]",0.6197097301483154,1
10179,230618_4-0-2.tif,"[8819.747863769531, 3091.6103134155273, 45.75103759765625, 18.906410217285156]",0.6188427805900574,1
10180,230618_4-0-2.tif,"[4236.128616333008, 44.58903503417969, 37.03619384765625, 33.902099609375]",0.6188204884529114,1
10181,230618_4-0-2.tif,"[4612.4705810546875, 2205.0475158691406, 38.580162048339844, 44.05902099609375]",0.6187745928764343,1
10182,230618_4-0-2.tif,"[4470.60107421875, 7182.022735595703, 44.096923828125, 46.16302490234375]",0.6178344488143921,1
10183,230618_4-0-2.tif,"[6618.4193115234375, 2979.9105224609375, 43.31146240234375, 21.14154052734375]",0.6164588332176208,1
10184,230618_4-0-2.tif,"[9548.172668457031, 7047.775146484375, 23.957275390625, 31.0096435546875]",0.6161399483680725,1
10185,230618_4-0-2.tif,"[4895.943420410156, 7482.6461181640625, 28.47613525390625, 46.91790771484375]",0.6156663298606873,1
10186,230618_4-0-2.tif,"[4179.589447021484, 7201.6424560546875, 25.77374267578125, 44.0546875]",0.6154043674468994,1
10187,230618_4-0-2.tif,"[4756.829132080078, 3039.1126098632812, 34.3095703125, 57.1915283203125]",0.6152474880218506,1
10188,230618_4-0-2.tif,"[3676.281982421875, 3863.4558715820312, 46.852569580078125, 25.6029052734375]",0.6149893999099731,1
10189,230618_4-0-2.tif,"[4237.927703857422, 6447.139892578125, 36.574981689453125, 21.44818115234375]",0.6141786575317383,1
10190,230618_4-0-2.tif,"[7927.644714355469, 7735.493949890137, 20.50079345703125, 44.322235107421875]",0.614010751247406,1
10191,230618_4-0-2.tif,"[9730.602233886719, 1162.8443298339844, 33.09033203125, 18.6971435546875]",0.6137469410896301,1
10192,230618_4-0-2.tif,"[6504.298400878906, 1610.4659118652344, 27.05615234375, 39.318115234375]",0.6135597229003906,1
10193,230618_4-0-2.tif,"[8275.686172485352, 6984.3392333984375, 49.455474853515625, 23.42022705078125]",0.612515389919281,1
10194,230618_4-0-2.tif,"[9781.027282714844, 4515.531707763672, 21.89178466796875, 44.3594970703125]",0.6124346256256104,1
10195,230618_4-0-2.tif,"[9050.843139648438, 7650.5328369140625, 26.95355224609375, 36.6036376953125]",0.611668586730957,1
10196,230618_4-0-2.tif,"[4621.041572570801, 1704.3951416015625, 35.12353515625, 39.1116943359375]",0.611491858959198,1
10197,230618_4-0-2.tif,"[7110.2816162109375, 2592.69677734375, 39.45672607421875, 28.9893798828125]",0.6111263632774353,1
10198,230618_4-0-2.tif,"[8517.198791503906, 9670.780395507812, 34.3724365234375, 42.813446044921875]",0.6105877161026001,1
10199,230618_4-0-2.tif,"[8890.116485595703, 7326.942321777344, 18.5615234375, 43.96197509765625]",0.6104196906089783,1
10200,230618_4-0-2.tif,"[2692.121307373047, 990.7223510742188, 18.65277099609375, 47.8673095703125]",0.6103909015655518,1
10201,230618_4-0-2.tif,"[5344.980041503906, 6488.425537109375, 50.605712890625, 50.7552490234375]",0.6101840138435364,1
10202,230618_4-0-2.tif,"[8854.80029296875, 3039.3338623046875, 44.96710205078125, 27.1099853515625]",0.609790563583374,1
10203,230618_4-0-2.tif,"[5487.2301025390625, 169.00631713867188, 38.86669921875, 29.2357177734375]",0.6095985770225525,1
10204,230618_4-0-2.tif,"[4001.7333984375, 319.86810302734375, 32.67529296875, 41.90087890625]",0.6090853214263916,1
10205,230618_4-0-2.tif,"[9882.548156738281, 9328.356079101562, 27.59344482421875, 31.826934814453125]",0.6090710163116455,1
10206,230618_4-0-2.tif,"[4871.839172363281, 7585.189636230469, 61.92022705078125, 25.1397705078125]",0.6081939339637756,1
10207,230618_4-0-2.tif,"[6597.178375244141, 7620.267822265625, 40.7498779296875, 30.4398193359375]",0.6078959703445435,1
10208,230618_4-0-2.tif,"[3857.2171020507812, 1687.7832946777344, 23.7154541015625, 44.9158935546875]",0.6078122854232788,1
10209,230618_4-0-2.tif,"[5207.440216064453, 77.11331939697266, 46.3812255859375, 22.298187255859375]",0.6071571111679077,1
10210,230618_4-0-2.tif,"[9905.689575195312, 3411.0333251953125, 21.9892578125, 35.74951171875]",0.6058571338653564,1
10211,230618_4-0-2.tif,"[8639.16146850586, 8127.296936035156, 46.21630859375, 18.794677734375]",0.6056917905807495,1
10212,230618_4-0-2.tif,"[4645.029094696045, 6888.069427490234, 55.89023208618164, 34.2974853515625]",0.6048956513404846,1
10213,230618_4-0-2.tif,"[9286.876007080078, 7566.789764404297, 38.78839111328125, 21.516510009765625]",0.60479736328125,1
10214,230618_4-0-2.tif,"[9324.26382446289, 2569.849609375, 41.285919189453125, 41.035400390625]",0.6040607690811157,1
10215,230618_4-0-2.tif,"[4605.223693847656, 6924.410949707031, 49.441650390625, 24.77984619140625]",0.6035014986991882,1
10216,230618_4-0-2.tif,"[3930.9580993652344, 2503.121795654297, 35.81097412109375, 31.312255859375]",0.6027829051017761,1
10217,230618_4-0-2.tif,"[8291.128692626953, 9879.440734863281, 27.204437255859375, 46.1864013671875]",0.6026148200035095,1
10218,230618_4-0-2.tif,"[6240.764495849609, 1412.099365234375, 33.58233642578125, 41.8427734375]",0.601494550704956,1
10219,230618_4-0-2.tif,"[2981.5478515625, 1922.9420166015625, 48.19970703125, 19.817138671875]",0.6002352237701416,1
10220,230618_4-0-2.tif,"[9537.577667236328, 5518.8507080078125, 23.49169921875, 41.96710205078125]",0.6000929474830627,1
10221,230618_4-0-2.tif,"[9326.7280960083, 6899.881103515625, 46.59081268310547, 20.328338623046875]",0.5999182462692261,1
10222,230618_4-0-2.tif,"[4400.179504394531, 6475.017883300781, 25.8287353515625, 51.5020751953125]",0.5984540581703186,1
10223,230618_4-0-2.tif,"[9645.881713867188, 679.0744018554688, 34.6279296875, 27.2838134765625]",0.5983889698982239,1
10224,230618_4-0-2.tif,"[2958.218505859375, 3173.190414428711, 35.578857421875, 31.60107421875]",0.5975895524024963,1
10225,230618_4-0-2.tif,"[9579.375350952148, 916.6615600585938, 36.10247802734375, 32.64227294921875]",0.5973237156867981,1
10226,230618_4-0-2.tif,"[4535.144836425781, 7343.103698730469, 42.3458251953125, 19.69671630859375]",0.5972902178764343,1
10227,230618_4-0-2.tif,"[9647.958740234375, 3044.3756713867188, 42.329833984375, 34.35943603515625]",0.5970327258110046,1
10228,230618_4-0-2.tif,"[7230.583190917969, 8188.866149902344, 38.650146484375, 36.0679931640625]",0.5967119932174683,1
10229,230618_4-0-2.tif,"[4458.0374755859375, 2125.719482421875, 30.27984619140625, 38.66162109375]",0.5965997576713562,1
10230,230618_4-0-2.tif,"[9276.047973632812, 8439.987579345703, 31.3291015625, 33.80767822265625]",0.5956968665122986,1
10231,230618_4-0-2.tif,"[8286.671859741211, 8084.444885253906, 38.19664001464844, 36.393798828125]",0.5952127575874329,1
10232,230618_4-0-2.tif,"[9862.93212890625, 3218.981658935547, 47.55615234375, 28.097808837890625]",0.5949297547340393,1
10233,230618_4-0-2.tif,"[7947.649230957031, 7415.683288574219, 32.1090087890625, 20.2147216796875]",0.5944620370864868,1
10234,230618_4-0-2.tif,"[8580.671752929688, 8818.353775024414, 44.472900390625, 29.76922607421875]",0.5940948724746704,1
10235,230618_4-0-2.tif,"[8917.415740966797, 8224.8056640625, 35.20361328125, 34.93017578125]",0.5938558578491211,1
10236,230618_4-0-2.tif,"[8592.3388671875, 6135.577819824219, 22.01641845703125, 43.332763671875]",0.5935690999031067,1
10237,230618_4-0-2.tif,"[8731.091396331787, 9908.693237304688, 22.38333511352539, 44.164306640625]",0.5931301712989807,1
10238,230618_4-0-2.tif,"[7822.9019775390625, 8552.371765136719, 41.07501220703125, 22.904052734375]",0.5930889844894409,1
10239,230618_4-0-2.tif,"[7184.511291503906, 2209.1849365234375, 19.5142822265625, 39.4508056640625]",0.5921123027801514,1
10240,230618_4-0-2.tif,"[3968.388671875, 2579.72501373291, 21.0521240234375, 40.646080017089844]",0.5912188291549683,1
10241,230618_4-0-2.tif,"[8106.169128417969, 8988.819702148438, 29.28271484375, 25.5711669921875]",0.5892457962036133,1
10242,230618_4-0-2.tif,"[9169.0068359375, 6373.3837890625, 23.4759521484375, 34.393707275390625]",0.5885850191116333,1
10243,230618_4-0-2.tif,"[5187.204696655273, 2695.699188232422, 33.13165283203125, 46.688690185546875]",0.5865741968154907,1
10244,230618_4-0-2.tif,"[6556.2806396484375, 1661.0684661865234, 38.6602783203125, 25.296173095703125]",0.5863330960273743,1
10245,230618_4-0-2.tif,"[5059.0882568359375, 783.2592163085938, 53.463623046875, 23.807861328125]",0.5861601233482361,1
10246,230618_4-0-2.tif,"[9110.822509765625, 3804.989990234375, 48.87945556640625, 19.932342529296875]",0.5856101512908936,1
10247,230618_4-0-2.tif,"[4337.049102783203, 6650.147521972656, 47.87872314453125, 42.5587158203125]",0.5847575664520264,1
10248,230618_4-0-2.tif,"[4397.846618652344, 271.79351806640625, 18.5689697265625, 43.4739990234375]",0.5840923190116882,1
10249,230618_4-0-2.tif,"[4587.380584716797, 7365.428619384766, 52.453453063964844, 44.8626708984375]",0.5840302109718323,1
10250,230618_4-0-2.tif,"[9653.767456054688, 6091.245178222656, 21.8575439453125, 46.760467529296875]",0.5834407210350037,1
10251,230618_4-0-2.tif,"[5726.146408081055, 5759.879859924316, 42.521881103515625, 48.72917938232422]",0.5828864574432373,1
10252,230618_4-0-2.tif,"[4650.265075683594, 4331.284210205078, 23.25823974609375, 54.2999267578125]",0.5824787616729736,1
10253,230618_4-0-2.tif,"[7870.130432128906, 7529.675445556641, 40.7828369140625, 25.67462158203125]",0.5815830230712891,1
10254,230618_4-0-2.tif,"[3908.1439819335938, 1781.9207763671875, 20.72869873046875, 42.11529541015625]",0.5813541412353516,1
10255,230618_4-0-2.tif,"[6563.062744140625, 1430.6791687011719, 35.8148193359375, 31.2047119140625]",0.5808817744255066,1
10256,230618_4-0-2.tif,"[9002.222839355469, 7210.412536621094, 45.6727294921875, 19.26791763305664]",0.5802302360534668,1
10257,230618_4-0-2.tif,"[9360.287353515625, 2101.31201171875, 24.154296875, 38.64599609375]",0.5800895690917969,1
10258,230618_4-0-2.tif,"[3867.045654296875, 2827.9426879882812, 37.57666015625, 25.6927490234375]",0.5798313617706299,1
10259,230618_4-0-2.tif,"[4081.2863159179688, 1441.9059448242188, 50.1597900390625, 30.34368896484375]",0.5790151357650757,1
10260,230618_4-0-2.tif,"[6859.498382568359, 8183.825256347656, 40.356414794921875, 31.11614990234375]",0.5783019065856934,1
10261,230618_4-0-2.tif,"[4963.332275390625, 7484.731506347656, 41.679931640625, 20.2520751953125]",0.5771667957305908,1
10262,230618_4-0-2.tif,"[4782.089202880859, 7242.85009765625, 36.490478515625, 42.787078857421875]",0.5761890411376953,1
10263,230618_4-0-2.tif,"[4321.826446533203, 4638.013488769531, 38.913360595703125, 22.84326171875]",0.5761829018592834,1
10264,230618_4-0-2.tif,"[7092.757537841797, 8249.911682128906, 30.04443359375, 43.54248046875]",0.5760484933853149,1
10265,230618_4-0-2.tif,"[8939.64111328125, 9905.81201171875, 37.605621337890625, 24.6285400390625]",0.5758647322654724,1
10266,230618_4-0-2.tif,"[3262.9563751220703, 3048.0458068847656, 30.530853271484375, 49.63291549682617]",0.5754587054252625,1
10267,230618_4-0-2.tif,"[8499.60903930664, 7762.6767578125, 15.88336181640625, 19.75341796875]",0.5745250582695007,1
10268,230618_4-0-2.tif,"[8351.960052490234, 5352.704299926758, 34.49005126953125, 22.409576416015625]",0.5744870901107788,1
10269,230618_4-0-2.tif,"[8490.985626220703, 8786.434448242188, 40.456787109375, 24.100341796875]",0.5743856430053711,1
10270,230618_4-0-2.tif,"[4648.05615234375, 250.07852172851562, 24.9864501953125, 51.781951904296875]",0.574089765548706,1
10271,230618_4-0-2.tif,"[5176.9759521484375, 4292.285675048828, 39.204833984375, 27.48046875]",0.5735666751861572,1
10272,230618_4-0-2.tif,"[9394.407249450684, 6959.912292480469, 35.832000732421875, 17.712127685546875]",0.5734180808067322,1
10273,230618_4-0-2.tif,"[2975.6124877929688, 1417.4424133300781, 41.11029052734375, 26.2186279296875]",0.5727885961532593,1
10274,230618_4-0-2.tif,"[7640.541442871094, 7491.863830566406, 45.6324462890625, 22.7135009765625]",0.5724279880523682,1
10275,230618_4-0-2.tif,"[8837.786071777344, 8695.389129638672, 31.863525390625, 40.444854736328125]",0.5709054470062256,1
10276,230618_4-0-2.tif,"[4219.582168579102, 6952.748962402344, 41.721435546875, 36.303466796875]",0.569043755531311,1
10277,230618_4-0-2.tif,"[9758.373352050781, 429.79254150390625, 34.1607666015625, 44.71600341796875]",0.5684691667556763,1
10278,230618_4-0-2.tif,"[9935.045043945312, 4692.2882080078125, 39.91552734375, 18.260498046875]",0.568035364151001,1
10279,230618_4-0-2.tif,"[6438.20166015625, 2124.188735961914, 39.19879150390625, 37.75437927246094]",0.56803297996521,1
10280,230618_4-0-2.tif,"[8118.172546386719, 5773.641250610352, 23.521728515625, 48.597869873046875]",0.5662387013435364,1
10281,230618_4-0-2.tif,"[9380.096160888672, 5941.946105957031, 44.79388427734375, 30.3988037109375]",0.5659838318824768,1
10282,230618_4-0-2.tif,"[6259.334274291992, 1193.3079223632812, 37.8077392578125, 31.07080078125]",0.565686821937561,1
10283,230618_4-0-2.tif,"[7182.554870605469, 2124.6070556640625, 25.326171875, 43.080810546875]",0.5655768513679504,1
10284,230618_4-0-2.tif,"[8656.549194335938, 8860.895751953125, 34.2899169921875, 34.2987060546875]",0.5654820203781128,1
10285,230618_4-0-2.tif,"[8054.51318359375, 9728.27734375, 26.102630615234375, 42.35980224609375]",0.5651984214782715,1
10286,230618_4-0-2.tif,"[4663.869430541992, 7302.0970458984375, 35.416473388671875, 33.8751220703125]",0.5646675229072571,1
10287,230618_4-0-2.tif,"[5165.116394042969, 702.3700866699219, 24.74755859375, 40.64697265625]",0.5643273591995239,1
10288,230618_4-0-2.tif,"[2955.75537109375, 3093.6219482421875, 43.86962890625, 23.6492919921875]",0.5642234683036804,1
10289,230618_4-0-2.tif,"[4978.04248046875, 1853.4267883300781, 39.1595458984375, 27.4716796875]",0.5626407861709595,1
10290,230618_4-0-2.tif,"[4443.35107421875, 6144.7222900390625, 53.159088134765625, 34.14794921875]",0.5624532103538513,1
10291,230618_4-0-2.tif,"[3538.9995727539062, 3440.232147216797, 23.800537109375, 52.46807861328125]",0.5613914132118225,1
10292,230618_4-0-2.tif,"[5127.463439941406, 1066.000732421875, 23.301433563232422, 49.301025390625]",0.5611317157745361,1
10293,230618_4-0-2.tif,"[9939.481567382812, 5610.16357421875, 37.576171875, 32.684326171875]",0.5607666373252869,1
10294,230618_4-0-2.tif,"[6623.379211425781, 1705.681640625, 32.80950927734375, 30.55621337890625]",0.560441792011261,1
10295,230618_4-0-2.tif,"[8237.911865234375, 4887.2633056640625, 30.2197265625, 43.945068359375]",0.5603631734848022,1
10296,230618_4-0-2.tif,"[7377.793426513672, 5287.826675415039, 43.444549560546875, 53.798095703125]",0.5585651993751526,1
10297,230618_4-0-2.tif,"[8207.707580566406, 8128.866058349609, 43.69970703125, 34.6109619140625]",0.558485209941864,1
10298,230618_4-0-2.tif,"[9601.825500488281, 2839.5567016601562, 27.5850830078125, 40.4620361328125]",0.5577890872955322,1
10299,230618_4-0-2.tif,"[4452.225555419922, 7291.9600830078125, 31.86029052734375, 44.18841552734375]",0.5574634671211243,1
10300,230618_4-0-2.tif,"[4667.6534423828125, 5777.097930908203, 26.93377685546875, 46.373626708984375]",0.5556835532188416,1
10301,230618_4-0-2.tif,"[8578.694610595703, 8183.218688964844, 44.5029296875, 28.1156005859375]",0.5554893612861633,1
10302,230618_4-0-2.tif,"[6590.588806152344, 1742.5192260742188, 35.300537109375, 34.45458984375]",0.5546231269836426,1
10303,230618_4-0-2.tif,"[7088.040100097656, 6278.401885986328, 34.036376953125, 25.68414306640625]",0.5538960099220276,1
10304,230618_4-0-2.tif,"[5477.743957519531, 2177.9393310546875, 26.965087890625, 45.49346923828125]",0.5537002086639404,1
10305,230618_4-0-2.tif,"[7948.232482910156, 8899.58853149414, 33.6986083984375, 20.04510498046875]",0.5535709261894226,1
10306,230618_4-0-2.tif,"[3393.23583984375, 3666.3028564453125, 22.6544189453125, 39.765625]",0.552975594997406,1
10307,230618_4-0-2.tif,"[9759.997985839844, 3625.2378540039062, 42.09619140625, 31.975723266601562]",0.5524489283561707,1
10308,230618_4-0-2.tif,"[2994.9524536132812, 1182.525390625, 36.557373046875, 32.5274658203125]",0.5523258447647095,1
10309,230618_4-0-2.tif,"[8257.951171875, 8649.25131225586, 30.97491455078125, 19.017303466796875]",0.5520635843276978,1
10310,230618_4-0-2.tif,"[7785.6649169921875, 7732.205505371094, 26.553680419921875, 36.1668701171875]",0.551913857460022,1
10311,230618_4-0-2.tif,"[6913.082611083984, 7539.684967041016, 36.82379150390625, 55.59735107421875]",0.5508556365966797,1
10312,230618_4-0-2.tif,"[4791.918212890625, 1155.7729187011719, 42.222686767578125, 21.893798828125]",0.550646185874939,1
10313,230618_4-0-2.tif,"[4260.878570556641, 6977.177978515625, 35.77691650390625, 51.83642578125]",0.5505340099334717,1
10314,230618_4-0-2.tif,"[9075.058685302734, 6279.2591552734375, 24.916748046875, 39.47637939453125]",0.5503720045089722,1
10315,230618_4-0-2.tif,"[8205.994506835938, 9038.067504882812, 30.51727294921875, 42.20355224609375]",0.5492377281188965,1
10316,230618_4-0-2.tif,"[9033.731231689453, 3237.7645263671875, 29.49139404296875, 29.5052490234375]",0.5473679304122925,1
10317,230618_4-0-2.tif,"[8060.854675292969, 9130.287170410156, 39.1514892578125, 28.3929443359375]",0.547015368938446,1
10318,230618_4-0-2.tif,"[8074.385070800781, 7387.45866394043, 34.4703369140625, 19.754730224609375]",0.5469661951065063,1
10319,230618_4-0-2.tif,"[8110.047912597656, 9374.619323730469, 25.7667236328125, 43.371826171875]",0.5464557409286499,1
10320,230618_4-0-2.tif,"[8897.553680419922, 4731.525314331055, 47.94354248046875, 33.135406494140625]",0.5458446145057678,1
10321,230618_4-0-2.tif,"[9643.998992919922, 1494.8259887695312, 36.0511474609375, 40.827972412109375]",0.5453425645828247,1
10322,230618_4-0-2.tif,"[5226.178237915039, 4610.1787109375, 55.1214599609375, 26.472412109375]",0.544968843460083,1
10323,230618_4-0-2.tif,"[6430.699645996094, 3798.1217346191406, 32.0943603515625, 30.07684326171875]",0.5449584126472473,1
10324,230618_4-0-2.tif,"[6984.086608886719, 8177.9486083984375, 48.7574462890625, 35.5255126953125]",0.5448288321495056,1
10325,230618_4-0-2.tif,"[9595.829223632812, 5996.822448730469, 33.02978515625, 40.425628662109375]",0.5445933938026428,1
10326,230618_4-0-2.tif,"[8427.044860839844, 8287.478439331055, 29.544921875, 43.290863037109375]",0.5426545739173889,1
10327,230618_4-0-2.tif,"[4789.9200439453125, 7485.6051025390625, 25.9482421875, 50.939453125]",0.542492151260376,1
10328,230618_4-0-2.tif,"[3951.9735412597656, 1000.1509399414062, 19.5357666015625, 45.53570556640625]",0.5423058867454529,1
10329,230618_4-0-2.tif,"[3858.9768676757812, 2549.1644287109375, 23.00164794921875, 41.76040458679199]",0.5419861078262329,1
10330,230618_4-0-2.tif,"[8738.401405334473, 8757.460327148438, 38.166893005371094, 46.23291015625]",0.5415726900100708,1
10331,230618_4-0-2.tif,"[4567.371276855469, 7229.176223754883, 47.9803466796875, 24.418869018554688]",0.5414597392082214,1
10332,230618_4-0-2.tif,"[5346.643615722656, 6845.302703857422, 20.20123291015625, 36.7777099609375]",0.5409446954727173,1
10333,230618_4-0-2.tif,"[4495.36328125, 7240.913108825684, 46.516357421875, 38.495941162109375]",0.5401230454444885,1
10334,230618_4-0-2.tif,"[9628.564270019531, 7309.57893371582, 37.692138671875, 42.162689208984375]",0.5399278998374939,1
10335,230618_4-0-2.tif,"[7141.6331787109375, 8173.578674316406, 32.21710205078125, 49.3304443359375]",0.5397144556045532,1
10336,230618_4-0-2.tif,"[9223.478881835938, 8369.172241210938, 31.024169921875, 40.274749755859375]",0.5395480990409851,1
10337,230618_4-0-2.tif,"[2822.4224243164062, 1303.8013305664062, 22.8067626953125, 31.93096923828125]",0.5386173129081726,1
10338,230618_4-0-2.tif,"[4738.214706420898, 7173.092178344727, 28.254150390625, 41.29692077636719]",0.5383809804916382,1
10339,230618_4-0-2.tif,"[9727.704040527344, 5646.543601989746, 27.79498291015625, 37.699249267578125]",0.5383656024932861,1
10340,230618_4-0-2.tif,"[9529.21450805664, 2177.880172729492, 41.6229248046875, 38.90283203125]",0.5380821228027344,1
10341,230618_4-0-2.tif,"[5072.8642578125, 1498.6516418457031, 21.73974609375, 28.32379150390625]",0.5379577875137329,1
10342,230618_4-0-2.tif,"[7975.473876953125, 8981.61669921875, 20.57464599609375, 42.3800048828125]",0.536961555480957,1
10343,230618_4-0-2.tif,"[3560.6302490234375, 3160.5712890625, 37.3985595703125, 36.281005859375]",0.535785436630249,1
10344,230618_4-0-2.tif,"[4530.825378417969, 7104.184753417969, 54.15093994140625, 26.76904296875]",0.5357121229171753,1
10345,230618_4-0-2.tif,"[7566.670227050781, 5672.608154296875, 33.0546875, 43.168113708496094]",0.5343467593193054,1
10346,230618_4-0-2.tif,"[7807.273651123047, 7646.718322753906, 30.22412109375, 21.106689453125]",0.5339848399162292,1
10347,230618_4-0-2.tif,"[4439.2503662109375, 6265.661468505859, 36.61602783203125, 27.10430908203125]",0.5339143872261047,1
10348,230618_4-0-2.tif,"[5308.224822998047, 3286.120147705078, 37.248382568359375, 44.811737060546875]",0.5326941013336182,1
10349,230618_4-0-2.tif,"[8944.462646484375, 7343.143203735352, 43.21746826171875, 19.9793701171875]",0.5320430994033813,1
10350,230618_4-0-2.tif,"[4879.1939697265625, 7852.057342529297, 37.99591064453125, 47.84698486328125]",0.5317438244819641,1
10351,230618_4-0-2.tif,"[9673.319946289062, 5820.369445800781, 44.586639404296875, 21.801361083984375]",0.5316819548606873,1
10352,230618_4-0-2.tif,"[7610.132629394531, 5550.666961669922, 59.49072265625, 28.42755126953125]",0.5316552519798279,1
10353,230618_4-0-2.tif,"[5064.0860595703125, 3323.306884765625, 45.5447998046875, 31.95635986328125]",0.5314517617225647,1
10354,230618_4-0-2.tif,"[9797.722961425781, 3442.9690856933594, 32.2838134765625, 33.4288330078125]",0.5310372114181519,1
10355,230618_4-0-2.tif,"[7994.8560791015625, 8723.708618164062, 45.6229248046875, 21.732646942138672]",0.5310015678405762,1
10356,230618_4-0-2.tif,"[7080.701232910156, 2410.730224609375, 38.3583984375, 27.672119140625]",0.5307322144508362,1
10357,230618_4-0-2.tif,"[5084.7431640625, 4398.239227294922, 22.23779296875, 53.7969970703125]",0.5305991172790527,1
10358,230618_4-0-2.tif,"[4247.266296386719, 1961.4909973144531, 32.09375, 30.423583984375]",0.530476987361908,1
10359,230618_4-0-2.tif,"[8528.39321899414, 7452.820953369141, 34.90496826171875, 20.74652099609375]",0.5302513241767883,1
10360,230618_4-0-2.tif,"[3188.2748260498047, 3051.5400390625, 38.906463623046875, 37.75848388671875]",0.5300052165985107,1
10361,230618_4-0-2.tif,"[2996.7635498046875, 1467.9489135742188, 39.16943359375, 36.69293212890625]",0.5297155380249023,1
10362,230618_4-0-2.tif,"[9083.534729003906, 6495.968597412109, 25.0555419921875, 37.2177734375]",0.5288842916488647,1
10363,230618_4-0-2.tif,"[9132.006744384766, 4962.939514160156, 23.80560302734375, 30.954345703125]",0.5287646055221558,1
10364,230618_4-0-2.tif,"[6676.350929260254, 7414.656890869141, 45.815345764160156, 41.60784912109375]",0.52786785364151,1
10365,230618_4-0-2.tif,"[9330.921737670898, 8109.803375244141, 31.72027587890625, 37.83673095703125]",0.5274684429168701,1
10366,230618_4-0-2.tif,"[3611.9826049804688, 3433.44189453125, 42.834228515625, 24.13330078125]",0.5271211266517639,1
10367,230618_4-0-2.tif,"[8724.6138381958, 7743.486484527588, 38.579071044921875, 21.98446273803711]",0.5269066691398621,1
10368,230618_4-0-2.tif,"[9391.869102478027, 7722.2318115234375, 48.87134552001953, 28.17724609375]",0.5261587500572205,1
10369,230618_4-0-2.tif,"[9389.919342041016, 6730.029243469238, 21.192138671875, 42.45234680175781]",0.5258301496505737,1
10370,230618_4-0-2.tif,"[8935.933197021484, 9070.007202148438, 28.690582275390625, 42.2060546875]",0.5251672863960266,1
10371,230618_4-0-2.tif,"[9348.877090454102, 1587.3720245361328, 43.3521728515625, 20.00567626953125]",0.5247858166694641,1
10372,230618_4-0-2.tif,"[7149.211120605469, 2290.512680053711, 28.3482666015625, 37.60975646972656]",0.5247607231140137,1
10373,230618_4-0-2.tif,"[2724.112548828125, 1068.3199462890625, 18.33477783203125, 45.6494140625]",0.5247424244880676,1
10374,230618_4-0-2.tif,"[7527.0545654296875, 5243.305358886719, 26.1397705078125, 37.677093505859375]",0.5245686769485474,1
10375,230618_4-0-2.tif,"[9763.912719726562, 4871.6671142578125, 28.6143798828125, 48.6563720703125]",0.523503839969635,1
10376,230618_4-0-2.tif,"[4608.0, 7137.139465332031, 24.270917892456055, 37.31646728515625]",0.5232959389686584,1
10377,230618_4-0-2.tif,"[5382.136871337891, 4726.44157409668, 39.796295166015625, 40.394927978515625]",0.5230724215507507,1
10378,230618_4-0-2.tif,"[4307.152038574219, 6744.168029785156, 57.871734619140625, 48.069915771484375]",0.5228458046913147,1
10379,230618_4-0-2.tif,"[9411.583644866943, 6254.776580810547, 34.516605377197266, 39.259307861328125]",0.5226568579673767,1
10380,230618_4-0-2.tif,"[9547.017028808594, 6737.901763916016, 29.3154296875, 45.003753662109375]",0.5224432349205017,1
10381,230618_4-0-2.tif,"[7939.8338623046875, 8795.633987426758, 31.1375732421875, 17.02435302734375]",0.5222492814064026,1
10382,230618_4-0-2.tif,"[8969.538757324219, 7815.096588134766, 28.0029296875, 25.46527099609375]",0.521875262260437,1
10383,230618_4-0-2.tif,"[8789.508041381836, 2474.6441040039062, 44.525665283203125, 37.794189453125]",0.5213136672973633,1
10384,230618_4-0-2.tif,"[6915.731140136719, 7144.338562011719, 42.08392333984375, 44.02178955078125]",0.5199538469314575,1
10385,230618_4-0-2.tif,"[8789.886642456055, 4158.633361816406, 48.745025634765625, 23.984466552734375]",0.5198714733123779,1
10386,230618_4-0-2.tif,"[4852.709930419922, 3513.6278076171875, 40.7279052734375, 25.7479248046875]",0.5189099311828613,1
10387,230618_4-0-2.tif,"[9000.193359375, 4543.053283691406, 22.3226318359375, 40.6553955078125]",0.517645537853241,1
10388,230618_4-0-2.tif,"[9899.559448242188, 7837.781066894531, 25.128662109375, 45.208740234375]",0.5173293948173523,1
10389,230618_4-0-2.tif,"[7066.569091796875, 7246.946731567383, 40.3028564453125, 40.13725280761719]",0.5170616507530212,1
10390,230618_4-0-2.tif,"[8996.497985839844, 7497.6290283203125, 37.88104248046875, 27.692626953125]",0.5167345404624939,1
10391,230618_4-0-2.tif,"[8256.765045166016, 9947.4716796875, 36.118560791015625, 32.4822998046875]",0.5166533589363098,1
10392,230618_4-0-2.tif,"[8304.86890411377, 9382.175756454468, 30.95012664794922, 32.3358097076416]",0.5164318680763245,1
10393,230618_4-0-2.tif,"[4169.1787109375, 7095.647216796875, 22.63836669921875, 48.1097412109375]",0.5158279538154602,1
10394,230618_4-0-2.tif,"[5393.31884765625, 1441.0428466796875, 24.3961181640625, 25.4080810546875]",0.5155898928642273,1
10395,230618_4-0-2.tif,"[2990.802734375, 1625.444595336914, 41.008544921875, 23.381072998046875]",0.5148710012435913,1
10396,230618_4-0-2.tif,"[8710.523071289062, 9394.487197875977, 38.83744812011719, 32.566871643066406]",0.5142021179199219,1
10397,230618_4-0-2.tif,"[4363.7821044921875, 5889.726837158203, 45.249267578125, 45.67926025390625]",0.5141921043395996,1
10398,230618_4-0-2.tif,"[4139.905685424805, 4269.0589599609375, 20.498077392578125, 45.186676025390625]",0.5138667821884155,1
10399,230618_4-0-2.tif,"[5328.332977294922, 5441.584442138672, 60.364105224609375, 53.5625]",0.5130671858787537,1
10400,230618_4-0-2.tif,"[9508.950698852539, 7366.927032470703, 22.718246459960938, 25.83111572265625]",0.5129515528678894,1
10401,230618_4-0-2.tif,"[8368.642837524414, 9894.448669433594, 23.316680908203125, 42.9384765625]",0.5127766728401184,1
10402,230618_4-0-2.tif,"[8731.936264038086, 8651.016357421875, 53.567901611328125, 27.2271728515625]",0.5126428008079529,1
10403,230618_4-0-2.tif,"[4912.927154541016, 583.6915283203125, 26.4295654296875, 43.328857421875]",0.5102478265762329,1
10404,230618_4-0-2.tif,"[6605.74072265625, 3285.29150390625, 19.3798828125, 37.218994140625]",0.5101981163024902,1
10405,230618_4-0-2.tif,"[4708.182861328125, 1717.8695678710938, 35.669708251953125, 43.524932861328125]",0.509881854057312,1
10406,230618_4-0-2.tif,"[9943.755615234375, 5978.305969238281, 30.6376953125, 34.5838623046875]",0.50849449634552,1
10407,230618_4-0-2.tif,"[8902.952438354492, 7488.9920654296875, 43.362548828125, 28.403076171875]",0.508283793926239,1
10408,230618_4-0-2.tif,"[4859.689407348633, 7209.702934265137, 37.01170349121094, 42.686248779296875]",0.5076962113380432,1
10409,230618_4-0-2.tif,"[9509.763549804688, 4182.293067932129, 54.21527099609375, 34.990379333496094]",0.5075306296348572,1
10410,230618_4-0-2.tif,"[4327.833526611328, 6992.358215332031, 41.4202880859375, 28.0460205078125]",0.5068700909614563,1
10411,230618_4-0-2.tif,"[8960.2958984375, 8621.669921875, 30.1593017578125, 25.73486328125]",0.5068382620811462,1
10412,230618_4-0-2.tif,"[6973.548980712891, 9690.084228515625, 25.39849853515625, 31.917236328125]",0.5066279172897339,1
10413,230618_4-0-2.tif,"[5467.594909667969, 1552.3185119628906, 40.134765625, 37.563499450683594]",0.5066090822219849,1
10414,230618_4-0-2.tif,"[9783.453002929688, 497.10498046875, 53.521240234375, 27.157958984375]",0.5051736235618591,1
10415,230618_4-0-2.tif,"[8699.640411376953, 7360.176010131836, 55.259246826171875, 21.01751708984375]",0.5040598511695862,1
10416,230618_4-0-2.tif,"[9498.368896484375, 2029.7700805664062, 27.285400390625, 41.47857666015625]",0.5038444399833679,1
10417,230618_4-0-2.tif,"[5052.710266113281, 326.174072265625, 36.6094970703125, 47.5367431640625]",0.5026550889015198,1
10418,230618_4-0-2.tif,"[7128.210754394531, 8396.20751953125, 25.5850830078125, 50.1041259765625]",0.502336859703064,1
10419,230618_4-0-2.tif,"[4649.462760925293, 7212.941539764404, 29.35462188720703, 42.05482864379883]",0.5018864870071411,1
10420,230618_4-0-2.tif,"[4851.831329345703, 7265.853103637695, 56.011138916015625, 26.630416870117188]",0.5007888078689575,1
10421,230618_4-0-2.tif,"[9873.453002929688, 7033.504333496094, 29.947509765625, 33.317626953125]",0.49971750378608704,1
10422,230618_4-0-2.tif,"[3969.241455078125, 3764.3355407714844, 37.0791015625, 36.10699462890625]",0.4994179904460907,1
10423,230618_4-0-2.tif,"[5139.668594360352, 3442.064453125, 18.82491683959961, 49.3206787109375]",0.49923762679100037,1
10424,230618_4-0-2.tif,"[8223.765014648438, 8958.583557128906, 27.691650390625, 46.92529296875]",0.49845778942108154,1
10425,230618_4-0-2.tif,"[4998.402679443359, 1013.5799560546875, 21.102325439453125, 41.44303321838379]",0.49799036979675293,1
10426,230618_4-0-2.tif,"[6270.63720703125, 2007.3622436523438, 35.72589111328125, 33.4462890625]",0.4960821270942688,1
10427,230618_4-0-2.tif,"[4612.9797649383545, 5917.28125, 26.973445892333984, 42.4781494140625]",0.4957932233810425,1
10428,230618_4-0-2.tif,"[8780.917388916016, 7861.679260253906, 35.67448425292969, 38.05487060546875]",0.49571099877357483,1
10429,230618_4-0-2.tif,"[9440.166931152344, 2946.3195190429688, 20.657958984375, 41.98388671875]",0.49565067887306213,1
10430,230618_4-0-2.tif,"[3527.0911254882812, 3631.92765045166, 37.52685546875, 29.123558044433594]",0.49361804127693176,1
10431,230618_4-0-2.tif,"[9989.11083984375, 2046.6306762695312, 10.8104248046875, 31.1131591796875]",0.49280235171318054,1
10432,230618_4-0-2.tif,"[9609.17221069336, 5696.4422607421875, 26.52545166015625, 47.7681884765625]",0.49119967222213745,1
10433,230618_4-0-2.tif,"[3901.690673828125, 1505.0762329101562, 43.79833984375, 32.178466796875]",0.4910581111907959,1
10434,230618_4-0-2.tif,"[5470.281188964844, 2497.3201293945312, 19.87451171875, 37.2744140625]",0.4903399348258972,1
10435,230618_4-0-2.tif,"[9130.095886230469, 7345.598541259766, 23.54205322265625, 52.068817138671875]",0.4893508553504944,1
10436,230618_4-0-2.tif,"[4173.185775756836, 6174.096611022949, 38.33753967285156, 27.38654327392578]",0.4886106848716736,1
10437,230618_4-0-2.tif,"[9038.949096679688, 7401.742645263672, 33.33154296875, 24.11090087890625]",0.4882059097290039,1
10438,230618_4-0-2.tif,"[9743.628601074219, 2454.8381958007812, 40.0440673828125, 37.0635986328125]",0.4877389073371887,1
10439,230618_4-0-2.tif,"[4844.241027832031, 4126.04150390625, 32.03125, 46.345703125]",0.4865165650844574,1
10440,230618_4-0-2.tif,"[8356.077514648438, 9024.076538085938, 27.60211181640625, 45.9320068359375]",0.4857926368713379,1
10441,230618_4-0-2.tif,"[6489.622222900391, 2456.4944458007812, 30.95001220703125, 25.1292724609375]",0.48539668321609497,1
10442,230618_4-0-2.tif,"[8333.280395507812, 9486.560157775879, 47.745758056640625, 38.30907440185547]",0.48507389426231384,1
10443,230618_4-0-2.tif,"[9717.108917236328, 1487.7859497070312, 24.485809326171875, 23.215087890625]",0.48420044779777527,1
10444,230618_4-0-2.tif,"[8855.275451660156, 9873.9296875, 32.60125732421875, 33.889404296875]",0.48367077112197876,1
10445,230618_4-0-2.tif,"[7814.048004150391, 9276.726806640625, 33.3109130859375, 38.73095703125]",0.4836190342903137,1
10446,230618_4-0-2.tif,"[3670.4087677001953, 2799.0381774902344, 25.981857299804688, 48.65252685546875]",0.48322343826293945,1
10447,230618_4-0-2.tif,"[9058.688446044922, 4689.134033203125, 20.73333740234375, 43.162353515625]",0.4830778241157532,1
10448,230618_4-0-2.tif,"[4305.976013183594, 7134.7890625, 44.39013671875, 40.90618896484375]",0.4828009307384491,1
10449,230618_4-0-2.tif,"[5074.103576660156, 7346.5216064453125, 32.62255859375, 29.16015625]",0.4827286899089813,1
10450,230618_4-0-2.tif,"[3016.7421875, 3116.42529296875, 21.05078125, 45.331787109375]",0.4825727343559265,1
10451,230618_4-0-2.tif,"[7869.872100830078, 9051.843994140625, 35.504150390625, 24.0958251953125]",0.4820055067539215,1
10452,230618_4-0-2.tif,"[7188.260818481445, 3633.562484741211, 24.828102111816406, 44.43092346191406]",0.4819744825363159,1
10453,230618_4-0-2.tif,"[4349.958557128906, 7216.2010498046875, 32.17181396484375, 43.216552734375]",0.4818442761898041,1
10454,230618_4-0-2.tif,"[9724.953125, 7757.3790283203125, 66.34228515625, 26.135498046875]",0.4818376302719116,1
10455,230618_4-0-2.tif,"[5594.483642578125, 6008.1474609375, 46.38861083984375, 23.1563720703125]",0.48118290305137634,1
10456,230618_4-0-2.tif,"[9023.276062011719, 8638.495544433594, 19.1343994140625, 35.12908935546875]",0.48058295249938965,1
10457,230618_4-0-2.tif,"[8465.392486572266, 9707.171264648438, 20.10986328125, 50.11810302734375]",0.4803128242492676,1
10458,230618_4-0-2.tif,"[4931.258972167969, 2855.1666870117188, 38.8287353515625, 35.085693359375]",0.4798702597618103,1
10459,230618_4-0-2.tif,"[7062.9910888671875, 8077.4884033203125, 44.200439453125, 47.1431884765625]",0.47970131039619446,1
10460,230618_4-0-2.tif,"[3799.6070251464844, 1091.4415130615234, 23.9200439453125, 46.549652099609375]",0.47908833622932434,1
10461,230618_4-0-2.tif,"[8825.551879882812, 4349.676712036133, 23.100189208984375, 49.48887634277344]",0.4779079854488373,1
10462,230618_4-0-2.tif,"[9053.087890625, 4275.375946044922, 37.32177734375, 26.76953125]",0.47653329372406006,1
10463,230618_4-0-2.tif,"[9206.420837402344, 5334.960998535156, 39.846012115478516, 40.783477783203125]",0.4759088456630707,1
10464,230618_4-0-2.tif,"[4391.803283691406, 7189.919662475586, 35.37469482421875, 43.41493225097656]",0.4753548502922058,1
10465,230618_4-0-2.tif,"[9620.95132446289, 4431.576721191406, 17.2261962890625, 23.572265625]",0.47483208775520325,1
10466,230618_4-0-2.tif,"[4077.1104736328125, 6121.061584472656, 56.748046875, 32.72705078125]",0.47456154227256775,1
10467,230618_4-0-2.tif,"[8477.622924804688, 9063.675659179688, 24.938232421875, 41.98193359375]",0.47350504994392395,1
10468,230618_4-0-2.tif,"[6511.50244140625, 1262.0448913574219, 35.009765625, 33.975311279296875]",0.4725366234779358,1
10469,230618_4-0-2.tif,"[5435.7860107421875, 6468.2869873046875, 45.3427734375, 49.35467529296875]",0.47243449091911316,1
10470,230618_4-0-2.tif,"[2826.925262451172, 2026.3441162109375, 15.3636474609375, 29.1290283203125]",0.4708767831325531,1
10471,230618_4-0-2.tif,"[7124.844970703125, 5587.631164550781, 47.97021484375, 37.6322021484375]",0.4699428677558899,1
10472,230618_4-0-2.tif,"[5312.484680175781, 3104.2354736328125, 22.239715576171875, 50.480712890625]",0.4688919484615326,1
10473,230618_4-0-2.tif,"[9227.816162109375, 6825.593032836914, 43.14483642578125, 37.48561096191406]",0.46873053908348083,1
10474,230618_4-0-2.tif,"[4893.834503173828, 1645.1964874267578, 32.2657470703125, 41.183380126953125]",0.46678104996681213,1
10475,230618_4-0-2.tif,"[8624.022338867188, 9421.028991699219, 43.8121337890625, 32.42718505859375]",0.46429094672203064,1
10476,230618_4-0-2.tif,"[7144.789733886719, 7892.111175537109, 37.28741455078125, 24.8978271484375]",0.4640609920024872,1
10477,230618_4-0-2.tif,"[8982.878234863281, 6480.571350097656, 37.690673828125, 38.7685546875]",0.4633159637451172,1
10478,230618_4-0-2.tif,"[8820.062629699707, 7485.01171875, 24.95952606201172, 45.2645263671875]",0.46224474906921387,1
10479,230618_4-0-2.tif,"[8246.350086212158, 8009.331115722656, 44.60738754272461, 22.277099609375]",0.4617457985877991,1
10480,230618_4-0-2.tif,"[9139.796142578125, 8171.000061035156, 48.150787353515625, 47.47685432434082]",0.4608561098575592,1
10481,230618_4-0-2.tif,"[4573.850830078125, 7296.9700927734375, 43.936279296875, 32.38714599609375]",0.4599672257900238,1
10482,230618_4-0-2.tif,"[8552.691467285156, 9153.756042480469, 29.56201171875, 49.3673095703125]",0.45994195342063904,1
10483,230618_4-0-2.tif,"[4664.597373962402, 1271.8021697998047, 43.01966857910156, 41.24855041503906]",0.45969831943511963,1
10484,230618_4-0-2.tif,"[8626.16244506836, 9753.213256835938, 32.94366455078125, 36.2041015625]",0.4592798054218292,1
10485,230618_4-0-2.tif,"[5136.824188232422, 1792.4747314453125, 25.101272583007812, 56.4407958984375]",0.4574926793575287,1
10486,230618_4-0-2.tif,"[8622.583099365234, 3868.753662109375, 64.7991943359375, 37.1605224609375]",0.45685839653015137,1
10487,230618_4-0-2.tif,"[7266.2001953125, 2325.173828125, 25.2135009765625, 25.81646728515625]",0.45590871572494507,1
10488,230618_4-0-2.tif,"[5183.5419921875, 5048.8621826171875, 25.07421875, 43.2431640625]",0.45575717091560364,1
10489,230618_4-0-2.tif,"[9838.735107421875, 4247.023773193359, 46.7054443359375, 38.206756591796875]",0.45444709062576294,1
10490,230618_4-0-2.tif,"[9872.696716308594, 6029.474700927734, 34.1187744140625, 38.680419921875]",0.45396551489830017,1
10491,230618_4-0-2.tif,"[4738.290252685547, 2505.9124755859375, 30.0244140625, 40.1636962890625]",0.45233604311943054,1
10492,230618_4-0-2.tif,"[5138.250160217285, 5989.606872558594, 24.978023529052734, 60.412109375]",0.4515819549560547,1
10493,230618_4-0-2.tif,"[4990.92919921875, 1412.9979553222656, 19.77508544921875, 45.600830078125]",0.45014432072639465,1
10494,230618_4-0-2.tif,"[3900.5101928710938, 1039.85400390625, 37.028076171875, 39.38540267944336]",0.45011070370674133,1
10495,230618_4-0-2.tif,"[8086.231201171875, 9085.030700683594, 43.6761474609375, 26.134521484375]",0.44827231764793396,1
10496,230618_4-0-2.tif,"[9554.055358886719, 2931.7254333496094, 25.0638427734375, 43.938720703125]",0.44695353507995605,1
10497,230618_4-0-2.tif,"[8620.200622558594, 8572.000427246094, 36.6417236328125, 18.582275390625]",0.44668659567832947,1
10498,230618_4-0-2.tif,"[5233.45817565918, 4483.685852050781, 24.535293579101562, 43.32666015625]",0.44665205478668213,1
10499,230618_4-0-2.tif,"[8579.36441040039, 7924.730545043945, 30.4598388671875, 47.15904235839844]",0.4459899067878723,1
10500,230618_4-0-2.tif,"[5392.208404541016, 5023.808898925781, 28.028564453125, 48.59521484375]",0.4428660273551941,1
10501,230618_4-0-2.tif,"[9184.197448730469, 3067.261444091797, 24.88214111328125, 41.944122314453125]",0.44129428267478943,1
10502,230618_4-0-2.tif,"[8485.619384765625, 6717.556121826172, 40.03326416015625, 33.06105041503906]",0.4409591257572174,1
10503,230618_4-0-2.tif,"[4893.1461181640625, 5579.347106933594, 30.54742431640625, 50.528564453125]",0.44081902503967285,1
10504,230618_4-0-2.tif,"[9289.222045898438, 5496.849060058594, 48.3115234375, 35.2862548828125]",0.4404456615447998,1
10505,230618_4-0-2.tif,"[8966.507263183594, 9984.693725585938, 33.5406494140625, 15.137939453125]",0.437824010848999,1
10506,230618_4-0-2.tif,"[9177.536193847656, 6945.02392578125, 37.882080078125, 26.51983642578125]",0.4372667670249939,1
10507,230618_4-0-2.tif,"[8329.523345947266, 9547.594696044922, 26.312530517578125, 39.0130615234375]",0.4371165633201599,1
10508,230618_4-0-2.tif,"[6685.640846252441, 7608.0718994140625, 48.022422790527344, 35.85693359375]",0.43529802560806274,1
10509,230618_4-0-2.tif,"[8125.115753173828, 7644.708068847656, 33.89971923828125, 28.1580810546875]",0.4348401427268982,1
10510,230618_4-0-2.tif,"[4756.253204345703, 1660.5460357666016, 24.0860595703125, 49.4208984375]",0.43473759293556213,1
10511,230618_4-0-2.tif,"[3810.814453125, 4778.707870483398, 29.680999755859375, 37.09796142578125]",0.4344160556793213,1
10512,230618_4-0-2.tif,"[7977.751525878906, 8933.594177246094, 55.297607421875, 24.72039794921875]",0.43172937631607056,1
10513,230618_4-0-2.tif,"[4301.655334472656, 6481.767425537109, 40.632568359375, 39.022216796875]",0.43136534094810486,1
10514,230618_4-0-2.tif,"[8837.78254699707, 4918.899871826172, 38.9329833984375, 39.06695556640625]",0.4310706853866577,1
10515,230618_4-0-2.tif,"[9989.638671875, 5792.45768737793, 10.332275390625, 30.2906494140625]",0.4309898018836975,1
10516,230618_4-0-2.tif,"[9516.886047363281, 4837.619079589844, 23.3990478515625, 43.56982421875]",0.43074658513069153,1
10517,230618_4-0-2.tif,"[8860.476806640625, 8397.490966796875, 41.34088134765625, 29.64324951171875]",0.43068811297416687,1
10518,230618_4-0-2.tif,"[9130.335540771484, 6611.798889160156, 27.771728515625, 29.88134765625]",0.4302138686180115,1
10519,230618_4-0-2.tif,"[9404.662628173828, 4773.264251708984, 41.9254150390625, 21.66766357421875]",0.4297623932361603,1
10520,230618_4-0-2.tif,"[5211.011154174805, 5637.7498779296875, 63.07267761230469, 42.03070068359375]",0.42839476466178894,1
10521,230618_4-0-2.tif,"[4400.62255859375, 7095.168792724609, 32.67791748046875, 38.96209716796875]",0.42761892080307007,1
10522,230618_4-0-2.tif,"[8192.137817382812, 7111.647277832031, 33.361976623535156, 32.5888671875]",0.42561548948287964,1
10523,230618_4-0-2.tif,"[8249.704498291016, 8794.513122558594, 39.389556884765625, 26.364593505859375]",0.42427724599838257,1
10524,230618_4-0-2.tif,"[7162.168914794922, 7024.562438964844, 25.86254119873047, 65.6346435546875]",0.42357611656188965,1
10525,230618_4-0-2.tif,"[8784.951675415039, 8861.669647216797, 31.550765991210938, 44.038787841796875]",0.4235004186630249,1
10526,230618_4-0-2.tif,"[7054.023040771484, 2690.1317443847656, 23.20599365234375, 52.926300048828125]",0.42266470193862915,1
10527,230618_4-0-2.tif,"[5135.9365234375, 7646.717529296875, 27.074462890625, 41.184326171875]",0.42264264822006226,1
10528,230618_4-0-2.tif,"[5748.498870849609, 5677.083557128906, 28.99066162109375, 44.818389892578125]",0.4221062958240509,1
10529,230618_4-0-2.tif,"[9918.61865234375, 2478.613037109375, 37.005615234375, 46.54827880859375]",0.42130720615386963,1
10530,230618_4-0-2.tif,"[8368.882781982422, 9552.402893066406, 33.908935546875, 35.1783447265625]",0.421170711517334,1
10531,230618_4-0-2.tif,"[4740.537994384766, 3842.77880859375, 25.25445556640625, 42.7384033203125]",0.41912394762039185,1
10532,230618_4-0-2.tif,"[4791.349884033203, 798.0804443359375, 24.57916259765625, 52.7127685546875]",0.4189499616622925,1
10533,230618_4-0-2.tif,"[9268.138854980469, 9272.603576660156, 35.8023681640625, 15.895263671875]",0.4184321165084839,1
10534,230618_4-0-2.tif,"[9128.377990722656, 8798.615219116211, 24.900146484375, 43.043914794921875]",0.4174182713031769,1
10535,230618_4-0-2.tif,"[6863.320739746094, 7123.629638671875, 28.02374267578125, 47.33123779296875]",0.4168843924999237,1
10536,230618_4-0-2.tif,"[8265.762329101562, 7309.931427001953, 22.432373046875, 47.11463928222656]",0.4160943925380707,1
10537,230618_4-0-2.tif,"[9289.096252441406, 2372.75634765625, 47.4351806640625, 26.736328125]",0.41565191745758057,1
10538,230618_4-0-2.tif,"[8192.185258865356, 4688.083679199219, 19.52678871154785, 41.13330078125]",0.415299654006958,1
10539,230618_4-0-2.tif,"[8866.32290649414, 6983.3341064453125, 23.712982177734375, 52.6402587890625]",0.414127916097641,1
10540,230618_4-0-2.tif,"[8005.772003173828, 6431.545257568359, 46.23004150390625, 23.142822265625]",0.41296517848968506,1
10541,230618_4-0-2.tif,"[5790.6767578125, 5889.937805175781, 26.23809814453125, 40.988037109375]",0.41102108359336853,1
10542,230618_4-0-2.tif,"[5806.480041503906, 650.2636108398438, 30.14251708984375, 37.872802734375]",0.40860119462013245,1
10543,230618_4-0-2.tif,"[6891.52099609375, 2674.038505554199, 22.3096923828125, 46.89691925048828]",0.40857699513435364,1
10544,230618_4-0-2.tif,"[4384.325988769531, 6955.4862060546875, 33.493408203125, 46.18450927734375]",0.4081744849681854,1
10545,230618_4-0-2.tif,"[8892.632446289062, 8587.636108398438, 34.534149169921875, 28.7640380859375]",0.4079294800758362,1
10546,230618_4-0-2.tif,"[4534.700500488281, 7591.930725097656, 24.026123046875, 37.37091064453125]",0.40643224120140076,1
10547,230618_4-0-2.tif,"[8444.165130615234, 9948.1962890625, 33.52093505859375, 34.0947265625]",0.40641075372695923,1
10548,230618_4-0-2.tif,"[9489.671966552734, 5797.308929443359, 23.8291015625, 49.7564697265625]",0.406080961227417,1
10549,230618_4-0-2.tif,"[4483.117492675781, 1419.5916748046875, 22.1470947265625, 45.1004638671875]",0.4031696915626526,1
10550,230618_4-0-2.tif,"[8652.232055664062, 7151.949035644531, 39.75244140625, 30.7359619140625]",0.40163540840148926,1
10551,230618_4-0-2.tif,"[5289.030456542969, 6579.235778808594, 45.166259765625, 35.5517578125]",0.40137407183647156,1
10552,230618_4-0-2.tif,"[9991.303588867188, 2298.2743225097656, 8.684814453125, 26.80364990234375]",0.40022093057632446,1
10553,230618_4-0-2.tif,"[9724.981964111328, 4625.706623077393, 31.0556640625, 43.20323944091797]",0.39950835704803467,1
10554,230618_4-0-2.tif,"[9125.247924804688, 6855.072448730469, 39.10760498046875, 32.89739990234375]",0.39511048793792725,1
10555,230618_4-0-2.tif,"[4630.662082672119, 7016.920928955078, 41.86025619506836, 60.15625]",0.39457106590270996,1
10556,230618_4-0-2.tif,"[7039.4539794921875, 2873.2500610351562, 30.8834228515625, 53.6209716796875]",0.3942335247993469,1
10557,230618_4-0-2.tif,"[8489.354919433594, 9483.456260681152, 42.2855224609375, 30.26367950439453]",0.3939669728279114,1
10558,230618_4-0-2.tif,"[5444.8802490234375, 820.0169677734375, 27.55810546875, 50.562255859375]",0.3931315541267395,1
10559,230618_4-0-2.tif,"[8453.808898925781, 7234.4368896484375, 36.04034423828125, 18.72314453125]",0.3926444947719574,1
10560,230618_4-0-2.tif,"[9422.488677978516, 2890.3198852539062, 31.085556030273438, 30.9461669921875]",0.39234089851379395,1
10561,230618_4-0-2.tif,"[5439.495178222656, 6305.357086181641, 27.12591552734375, 42.8087158203125]",0.39133548736572266,1
10562,230618_4-0-2.tif,"[5757.33708190918, 52.79644775390625, 37.415985107421875, 29.174758911132812]",0.386782705783844,1
10563,230618_4-0-2.tif,"[5430.721405029297, 5841.79768371582, 34.3994140625, 33.79766845703125]",0.3867156207561493,1
10564,230618_4-0-2.tif,"[4231.528533935547, 6784.761672973633, 25.233551025390625, 55.875579833984375]",0.3855014145374298,1
10565,230618_4-0-2.tif,"[5055.4283447265625, 5434.4451904296875, 46.9912109375, 37.598876953125]",0.3815169930458069,1
10566,230618_4-0-2.tif,"[4950.2423095703125, 6541.28173828125, 38.243896484375, 37.265380859375]",0.3813932538032532,1
10567,230618_4-0-2.tif,"[5802.275192260742, 6202.1419677734375, 38.7252197265625, 20.692138671875]",0.3789757192134857,1
10568,230618_4-0-2.tif,"[8095.034606933594, 8704.0, 21.552490234375, 34.42037582397461]",0.3789224624633789,1
10569,230618_4-0-2.tif,"[4106.033611297607, 4209.681640625, 24.358142852783203, 14.318359375]",0.3769034743309021,1
10570,230618_4-0-2.tif,"[9981.80517578125, 3899.0982971191406, 17.9736328125, 20.775634765625]",0.3768201768398285,1
10571,230618_4-0-2.tif,"[5243.81982421875, 307.965576171875, 24.1787109375, 40.552978515625]",0.3745565414428711,1
10572,230618_4-0-2.tif,"[9037.024597167969, 8731.751430511475, 30.4422607421875, 28.17959976196289]",0.37432733178138733,1
10573,230618_4-0-2.tif,"[8134.1544189453125, 9027.387878417969, 38.438720703125, 36.3707275390625]",0.36954039335250854,1
10574,230618_4-0-2.tif,"[9266.212345123291, 3029.68115234375, 74.21236801147461, 53.18719482421875]",0.3692135810852051,1
10575,230618_4-0-2.tif,"[8549.244506835938, 8933.121673583984, 36.5208740234375, 38.2744140625]",0.36825937032699585,1
10576,230618_4-0-2.tif,"[9055.878051757812, 7280.727569580078, 31.8922119140625, 41.209014892578125]",0.36603057384490967,1
10577,230618_4-0-2.tif,"[9736.814086914062, 1796.5488586425781, 28.2171630859375, 38.43988037109375]",0.3647274672985077,1
10578,230618_4-0-2.tif,"[8551.878692626953, 7814.975845336914, 59.5369873046875, 24.0931396484375]",0.3629392087459564,1
10579,230618_4-0-2.tif,"[3969.504638671875, 3552.8360595703125, 39.0841064453125, 34.25616455078125]",0.36180341243743896,1
10580,230618_4-0-2.tif,"[3349.9209594726562, 3502.6842651367188, 27.94317626953125, 47.331787109375]",0.36047881841659546,1
10581,230618_4-0-2.tif,"[9216.185440063477, 4096.737964630127, 36.602867126464844, 26.32040786743164]",0.35914307832717896,1
10582,230618_4-0-2.tif,"[8867.095581054688, 6597.700500488281, 39.92474365234375, 33.8560791015625]",0.3552074432373047,1
10583,230618_4-0-2.tif,"[7961.757141113281, 8595.069030761719, 10.6827392578125, 23.5301513671875]",0.3547363579273224,1
10584,230618_4-0-2.tif,"[7099.340393066406, 6896.111709594727, 53.33416748046875, 39.43431091308594]",0.3541950285434723,1
10585,230618_4-0-2.tif,"[4682.901763916016, 7212.543151855469, 53.11834716796875, 46.19427490234375]",0.35228461027145386,1
10586,230618_4-0-2.tif,"[9317.488891601562, 6750.602996826172, 52.87457275390625, 56.393524169921875]",0.34811246395111084,1
10587,230618_4-0-2.tif,"[9092.038787841797, 9064.794525146484, 34.1151123046875, 42.467529296875]",0.34683677554130554,1
10588,230618_4-0-2.tif,"[9896.275634765625, 5125.964096069336, 29.3125, 42.970863342285156]",0.34539374709129333,1
10589,230618_4-0-2.tif,"[4730.5262451171875, 2952.638946533203, 33.910064697265625, 46.48834228515625]",0.34530866146087646,1
10590,230618_4-0-2.tif,"[9146.099792480469, 7568.3167724609375, 39.610107421875, 18.9296875]",0.33729007840156555,1
10591,230618_4-0-2.tif,"[9175.44677734375, 7609.3380126953125, 30.468017578125, 39.166259765625]",0.3371506631374359,1
10592,230618_4-0-2.tif,"[9895.88671875, 6253.39501953125, 20.037109375, 18.5107421875]",0.32970884442329407,1
10593,230618_4-0-2.tif,"[8414.103057861328, 9521.745910644531, 41.8253173828125, 24.3330078125]",0.3278784453868866,1
10594,230618_4-0-2.tif,"[8192.080810546875, 9044.667114257812, 27.26611328125, 22.40911865234375]",0.3259478509426117,1
10595,230618_4-0-2.tif,"[8189.362548828125, 4417.067565917969, 50.6380615234375, 52.015869140625]",0.3245018720626831,1
10596,230618_4-0-2.tif,"[5774.642501831055, 5478.860809326172, 42.679901123046875, 31.29986572265625]",0.32131147384643555,1
10597,230618_4-0-2.tif,"[6989.142272949219, 7808.752227783203, 30.02435302734375, 36.34844970703125]",0.3211350739002228,1
10598,230618_4-0-2.tif,"[9261.009399414062, 7672.639068603516, 44.527587890625, 23.684783935546875]",0.31906068325042725,1
10599,230618_4-0-2.tif,"[7763.5009765625, 4491.8824462890625, 55.70304870605469, 46.1007080078125]",0.3178594410419464,1
10600,230618_4-0-2.tif,"[9617.669982910156, 3220.263397216797, 29.6273193359375, 31.87811279296875]",0.31423220038414,1
10601,230618_4-0-2.tif,"[9182.547180175781, 5204.7330322265625, 29.18798828125, 29.26806640625]",0.3085174858570099,1
10602,230618_4-0-2.tif,"[8459.608612060547, 9440.078659057617, 44.6328125, 23.767181396484375]",0.3072090148925781,1
10603,230618_4-0-2.tif,"[7379.226119995117, 5658.028884887695, 16.47479248046875, 41.871917724609375]",0.3048943281173706,1
10604,230618_4-0-2.tif,"[9360.333061218262, 3960.1021728515625, 33.00091552734375, 47.35919189453125]",0.30439504981040955,1
10605,230618_4-0-2.tif,"[8290.0458984375, 9412.697731018066, 29.1614990234375, 21.448638916015625]",0.2987987995147705,1
10606,230618_4-0-2.tif,"[4930.225250244141, 7314.56396484375, 46.27435302734375, 30.6883544921875]",0.2979598641395569,1
10607,230618_4-0-2.tif,"[9323.727722167969, 4709.476898193359, 49.23382568359375, 24.57598876953125]",0.29364001750946045,1
10608,230618_4-0-2.tif,"[6688.48046875, 7765.778076171875, 60.6632080078125, 35.049560546875]",0.29320403933525085,1
10609,230618_4-0-2.tif,"[9122.745544433594, 9705.080383300781, 38.6951904296875, 20.70684814453125]",0.2902604937553406,1
10610,230618_4-0-2.tif,"[9990.811401367188, 5667.8961181640625, 9.133056640625, 36.48779296875]",0.2868500053882599,1
10611,230618_4-0-2.tif,"[8086.2830810546875, 7041.749206542969, 37.5413818359375, 46.8914794921875]",0.2815285623073578,1
10612,230618_4-0-2.tif,"[4940.226318359375, 1389.6500854492188, 43.3397216796875, 31.0230712890625]",0.2721189856529236,1
10613,230618_4-0-2.tif,"[4516.965515136719, 5809.640823364258, 25.5816650390625, 47.840911865234375]",0.27089253067970276,1
10614,230618_4-0-2.tif,"[4625.170057296753, 6119.152099609375, 44.23330879211426, 47.923583984375]",0.26870766282081604,1
10615,230618_4-0-2.tif,"[8840.913940429688, 8313.41748046875, 45.763641357421875, 6.483154296875]",0.26769503951072693,1
10616,230618_4-0-2.tif,"[9160.193481445312, 4173.999885559082, 65.6944580078125, 35.38299560546875]",0.2656785547733307,1
10617,230618_4-0-2.tif,"[9256.026237487793, 2355.368408203125, 41.84172058105469, 31.54449462890625]",0.26292794942855835,1
10618,230618_4-0-2.tif,"[7307.42985534668, 7301.820770263672, 28.49029541015625, 60.05029296875]",0.2627532482147217,1
10619,230618_4-0-2.tif,"[8358.869201660156, 3960.5784606933594, 50.783447265625, 48.870361328125]",0.2590112090110779,1
10620,230618_4-0-2.tif,"[9872.476379394531, 7391.4356689453125, 17.93896484375, 36.3646240234375]",0.25877323746681213,1
10621,230618_4-0-2.tif,"[9006.021606445312, 8955.837707519531, 22.326171875, 42.5789794921875]",0.2577895224094391,1
10622,230618_4-0-2.tif,"[9929.085327148438, 6589.262145996094, 18.2623291015625, 38.21417236328125]",0.25531211495399475,1
10623,230618_4-0-2.tif,"[4981.608215332031, 7333.7725830078125, 20.88623046875, 46.56048583984375]",0.252877414226532,1
10624,230618_4-0-2.tif,"[9851.595458984375, 2572.868682861328, 30.9515380859375, 21.89242172241211]",0.25236478447914124,1
10625,230618_4-0-2.tif,"[9326.941596984863, 4663.141059875488, 44.01604461669922, 22.637649536132812]",0.25102150440216064,1
10626,230618_4-1-4.tif,"[9084.376403808594, 3476.0266723632812, 91.4642333984375, 142.0030517578125]",0.6100561022758484,0
10627,230618_4-1-4.tif,"[2946.2249450683594, 4710.4476318359375, 14.61627197265625, 38.52958679199219]",0.7467101216316223,1
10628,230618_4-1-4.tif,"[2937.0740966796875, 4613.040260314941, 37.6749267578125, 52.306419372558594]",0.5356997847557068,1
10629,230618_4-1-4.tif,"[2095.0157470703125, 4722.870361328125, 28.515380859375, 12.983642578125]",0.29109451174736023,1
10630,230618_4-1-4.tif,"[144.73480224609375, 270.9200439453125, 15.35980224609375, 32.8927001953125]",0.28027671575546265,1
10631,230618_4-1-4.tif,"[3208.839324951172, 4782.081115722656, 31.404052734375, 24.8802490234375]",0.27577418088912964,1
10632,230618_4-2-3.tif,"[5174.528015136719, 778.1282043457031, 66.28955078125, 95.38153076171875]",0.752224326133728,0
10633,230618_4-2-3.tif,"[1449.14501953125, 324.546875, 60.05902099609375, 94.398193359375]",0.716667115688324,0
10634,230618_4-2-3.tif,"[22.762359619140625, 1325.0789184570312, 112.20870971679688, 74.93121337890625]",0.6644956469535828,0
10635,230618_4-2-3.tif,"[917.5536499023438, 9084.032043457031, 106.37103271484375, 59.27001953125]",0.4967530369758606,0
10636,230618_4-2-3.tif,"[7736.050109863281, 3426.385498046875, 71.94989013671875, 98.28662109375]",0.45516741275787354,0
10637,230618_4-2-3.tif,"[9938.430297851562, 4218.442047119141, 61.5697021484375, 64.26333618164062]",0.39885786175727844,0
10638,230618_4-2-3.tif,"[7204.513427734375, 3921.6615600585938, 91.486572265625, 81.619140625]",0.28521180152893066,0
10639,230618_4-2-3.tif,"[1207.1669006347656, 622.6771850585938, 35.65936279296875, 20.320266723632812]",0.8209097385406494,1
10640,230618_4-2-3.tif,"[1059.8666534423828, 91.61512756347656, 21.9346923828125, 26.5474853515625]",0.8207395076751709,1
10641,230618_4-2-3.tif,"[1097.018783569336, 60.709197998046875, 32.23158264160156, 17.920326232910156]",0.7920309901237488,1
10642,230618_4-2-3.tif,"[165.18609619140625, 150.5153350830078, 34.6221923828125, 16.32025146484375]",0.7866686582565308,1
10643,230618_4-2-3.tif,"[1261.3794250488281, 796.1756591796875, 17.8360595703125, 42.2132568359375]",0.7861652970314026,1
10644,230618_4-2-3.tif,"[111.36471557617188, 240.5980224609375, 35.97686767578125, 16.64044189453125]",0.782384991645813,1
10645,230618_4-2-3.tif,"[929.638427734375, 622.3136291503906, 30.17413330078125, 23.942474365234375]",0.7799133658409119,1
10646,230618_4-2-3.tif,"[749.7671966552734, 1669.8742980957031, 39.34523010253906, 18.99908447265625]",0.7697076201438904,1
10647,230618_4-2-3.tif,"[161.74896240234375, 391.671875, 33.49609375, 19.4822998046875]",0.7684943675994873,1
10648,230618_4-2-3.tif,"[202.06771850585938, 201.20159912109375, 34.01312255859375, 18.69403076171875]",0.7680838704109192,1
10649,230618_4-2-3.tif,"[1047.299949645996, 320.987060546875, 25.874122619628906, 19.5184326171875]",0.7628349661827087,1
10650,230618_4-2-3.tif,"[940.0790405273438, 543.3023681640625, 21.3983154296875, 37.33454132080078]",0.7360212802886963,1
10651,230618_4-2-3.tif,"[837.2593994140625, 517.4358062744141, 37.1710205078125, 17.589828491210938]",0.7274590134620667,1
10652,230618_4-2-3.tif,"[38.81842803955078, 1158.2190246582031, 14.2838134765625, 28.03753662109375]",0.7236616611480713,1
10653,230618_4-2-3.tif,"[794.8470764160156, 100.12612915039062, 32.81829833984375, 42.171417236328125]",0.7148129343986511,1
10654,230618_4-2-3.tif,"[0.24377059936523438, 1080.2262954711914, 21.00171661376953, 18.788352966308594]",0.6822773218154907,1
10655,230618_4-2-3.tif,"[778.7455444335938, 835.6460571289062, 32.424072265625, 37.70703125]",0.6812893748283386,1
10656,230618_4-2-3.tif,"[1979.882568359375, 2603.2512817382812, 16.123046875, 27.29833984375]",0.6760267615318298,1
10657,230618_4-2-3.tif,"[3818.3827209472656, 1381.3999633789062, 27.30963134765625, 20.6514892578125]",0.6640880107879639,1
10658,230618_4-2-3.tif,"[1205.0574340820312, 0.6496944427490234, 21.5242919921875, 26.083189010620117]",0.6568573117256165,1
10659,230618_4-2-3.tif,"[645.3072509765625, 1385.83251953125, 35.5732421875, 17.1966552734375]",0.6465669870376587,1
10660,230618_4-2-3.tif,"[2967.0953979492188, 2310.3458251953125, 30.82135009765625, 43.0755615234375]",0.6430541276931763,1
10661,230618_4-2-3.tif,"[214.47906494140625, 358.78973388671875, 24.302978515625, 26.324462890625]",0.641204833984375,1
10662,230618_4-2-3.tif,"[993.3401489257812, 1766.5780334472656, 28.6375732421875, 39.57958984375]",0.6280577182769775,1
10663,230618_4-2-3.tif,"[586.4993896484375, 2146.4430923461914, 37.767822265625, 28.468841552734375]",0.618752658367157,1
10664,230618_4-2-3.tif,"[430.0836181640625, 1147.2638473510742, 19.17816162109375, 40.37860870361328]",0.6161928772926331,1
10665,230618_4-2-3.tif,"[652.8487854003906, 4456.9490966796875, 33.2886962890625, 23.2557373046875]",0.6136193871498108,1
10666,230618_4-2-3.tif,"[182.83738708496094, 524.630126953125, 24.775360107421875, 36.518798828125]",0.6128450036048889,1
10667,230618_4-2-3.tif,"[145.17605590820312, 672.1462097167969, 34.8082275390625, 16.39739990234375]",0.6127495765686035,1
10668,230618_4-2-3.tif,"[259.8772888183594, 191.470703125, 28.162841796875, 33.134735107421875]",0.600618302822113,1
10669,230618_4-2-3.tif,"[936.0761108398438, 302.56695556640625, 19.5447998046875, 43.8282470703125]",0.5827426910400391,1
10670,230618_4-2-3.tif,"[766.7195434570312, 1121.9821166992188, 21.29058837890625, 49.203582763671875]",0.5545921325683594,1
10671,230618_4-2-3.tif,"[9835.681274414062, 1272.0718536376953, 20.3187255859375, 18.750473022460938]",0.5431289672851562,1
10672,230618_4-2-3.tif,"[607.1349411010742, 2193.1818237304688, 24.16034698486328, 41.23089599609375]",0.5290817618370056,1
10673,230618_4-2-3.tif,"[1553.9371337890625, 0.0526123046875, 21.804443359375, 13.487418174743652]",0.5024966597557068,1
10674,230618_4-2-3.tif,"[3607.2500610351562, 1583.8358154296875, 16.548095703125, 16.3997802734375]",0.48760849237442017,1
10675,230618_4-2-3.tif,"[27.207504272460938, 1522.8363037109375, 42.376731872558594, 29.5233154296875]",0.454460084438324,1
10676,230618_4-2-3.tif,"[1122.259536743164, 2368.0723876953125, 25.636566162109375, 53.52679443359375]",0.4531182050704956,1
10677,230618_4-2-3.tif,"[886.8663024902344, 248.1722412109375, 36.16766357421875, 41.55322265625]",0.4522658884525299,1
10678,230618_4-2-3.tif,"[765.0536499023438, 336.8876953125, 18.06201171875, 32.131591796875]",0.4240948557853699,1
10679,230618_4-2-3.tif,"[1375.8919677734375, 2445.6140747070312, 31.1416015625, 50.5523681640625]",0.4084274470806122,1
10680,230618_4-2-3.tif,"[9946.036071777344, 4207.631042480469, 39.9532470703125, 16.2349853515625]",0.3708563446998596,1
10681,230618_4-2-3.tif,"[28.15072250366211, 1271.414306640625, 32.36610412597656, 17.9779052734375]",0.35575151443481445,1
10682,230618_4-2-3.tif,"[4487.6085205078125, 3072.081216812134, 29.40460205078125, 8.439750671386719]",0.34375929832458496,1
10683,230618_4-2-3.tif,"[1777.4248352050781, 2520.6433715820312, 22.155914306640625, 26.9781494140625]",0.33730053901672363,1
10684,230618_4-2-3.tif,"[2071.357177734375, 5241.13232421875, 160.03125, 173.23291015625]",0.3337622880935669,1
10685,230618_4-2-3.tif,"[3696.841796875, 1381.7130737304688, 14.914794921875, 19.4127197265625]",0.33233070373535156,1
10686,230618_4-2-3.tif,"[1024.0, 501.05987548828125, 18.655445098876953, 15.2049560546875]",0.3219906687736511,1
10687,230618_4-2-3.tif,"[353.3688659667969, 3035.6670532226562, 17.003173828125, 40.176513671875]",0.3217681646347046,1
10688,230618_4-2-3.tif,"[1359.0217590332031, 2679.8358154296875, 29.39794921875, 8.15966796875]",0.32049357891082764,1
10689,230618_4-2-3.tif,"[1657.275634765625, 4527.8062744140625, 6.724365234375, 36.33038330078125]",0.30959928035736084,1
10690,230618_4-2-3.tif,"[726.2076568603516, 2632.4540405273438, 37.02714538574219, 17.44684600830078]",0.303384006023407,1
10691,230618_4-2-3.tif,"[224.47161865234375, 590.4156494140625, 31.689971923828125, 17.905838012695312]",0.2993083596229553,1
10692,230618_4-2-3.tif,"[92.27033996582031, 1235.4530944824219, 20.433624267578125, 24.16424560546875]",0.28375861048698425,1
10693,230618_4-2-3.tif,"[168.21682739257812, 966.2319946289062, 18.9393310546875, 19.7398681640625]",0.27557843923568726,1
10694,230618_4-2-3.tif,"[5484.37158203125, 5579.75439453125, 130.6689453125, 140.68017578125]",0.2602533996105194,1
10695,230618_4-2-3.tif,"[9914.000671386719, 1259.3684997558594, 19.099365234375, 10.875]",0.2520553469657898,1
10696,230618_4-3-2.tif,"[1841.54931640625, 5379.960388183594, 93.1790771484375, 52.39892578125]",0.7302460074424744,0
10697,230618_4-3-2.tif,"[199.37460327148438, 7472.6517333984375, 86.603271484375, 75.3812255859375]",0.6817293167114258,0
10698,230618_4-3-2.tif,"[1014.0555419921875, 4758.562774658203, 50.2359619140625, 81.7127685546875]",0.5193624496459961,0
10699,230618_4-3-2.tif,"[201.244384765625, 3086.002265930176, 28.5338134765625, 28.34874725341797]",0.8123865127563477,1
10700,230618_4-3-2.tif,"[2529.7760620117188, 2647.50439453125, 24.625030517578125, 35.229736328125]",0.8117650747299194,1
10701,230618_4-3-2.tif,"[160.06417846679688, 3323.647918701172, 35.3203125, 20.209716796875]",0.8039132356643677,1
10702,230618_4-3-2.tif,"[2537.301956176758, 2706.2933654785156, 29.461273193359375, 31.27130126953125]",0.791566014289856,1
10703,230618_4-3-2.tif,"[676.0946197509766, 3452.6586303710938, 18.636810302734375, 36.944580078125]",0.7835100293159485,1
10704,230618_4-3-2.tif,"[576.8221435546875, 3806.5656127929688, 18.417434692382812, 33.681671142578125]",0.7801942229270935,1
10705,230618_4-3-2.tif,"[36.59489440917969, 3243.4566802978516, 26.380409240722656, 29.847686767578125]",0.7648308873176575,1
10706,230618_4-3-2.tif,"[856.7630615234375, 3238.732376098633, 32.23956298828125, 38.667236328125]",0.7639244198799133,1
10707,230618_4-3-2.tif,"[2637.68896484375, 2752.3348083496094, 42.796875, 36.14048767089844]",0.7558443546295166,1
10708,230618_4-3-2.tif,"[613.9597778320312, 3750.0030517578125, 35.687591552734375, 37.2655029296875]",0.7449682950973511,1
10709,230618_4-3-2.tif,"[2577.5496368408203, 2859.5723876953125, 39.20306396484375, 44.64013671875]",0.7416132092475891,1
10710,230618_4-3-2.tif,"[430.960693359375, 3339.9810791015625, 41.51666259765625, 30.0257568359375]",0.6982840895652771,1
10711,230618_4-3-2.tif,"[498.163330078125, 3390.197509765625, 24.2288818359375, 46.527587890625]",0.696930468082428,1
10712,230618_4-3-2.tif,"[310.15093994140625, 3483.631622314453, 18.1815185546875, 40.03607177734375]",0.6948716640472412,1
10713,230618_4-3-2.tif,"[417.8677978515625, 3136.98095703125, 29.7000732421875, 53.31044006347656]",0.6891990303993225,1
10714,230618_4-3-2.tif,"[2427.79638671875, 2767.352005004883, 38.07373046875, 20.9232177734375]",0.6868211030960083,1
10715,230618_4-3-2.tif,"[727.2643737792969, 3058.2139892578125, 43.27471923828125, 21.1998291015625]",0.6722597479820251,1
10716,230618_4-3-2.tif,"[725.2812194824219, 3246.959213256836, 41.0623779296875, 29.681793212890625]",0.6706764101982117,1
10717,230618_4-3-2.tif,"[403.77752685546875, 3068.6182861328125, 38.3187255859375, 25.7650146484375]",0.6662934422492981,1
10718,230618_4-3-2.tif,"[365.74395751953125, 3475.610107421875, 37.6090087890625, 28.8604736328125]",0.6524899005889893,1
10719,230618_4-3-2.tif,"[622.4633483886719, 3661.87060546875, 49.273406982421875, 24.3525390625]",0.6302722096443176,1
10720,230618_4-3-2.tif,"[364.9331359863281, 3219.4300079345703, 44.5916748046875, 28.828338623046875]",0.6224300861358643,1
10721,230618_4-3-2.tif,"[774.4572143554688, 1167.2008056640625, 50.51812744140625, 24.0247802734375]",0.5943742394447327,1
10722,230618_4-3-2.tif,"[480.3248291015625, 3224.419891357422, 36.91693115234375, 39.26617431640625]",0.5734549760818481,1
10723,230618_4-3-2.tif,"[642.7214660644531, 3355.0682983398438, 22.34161376953125, 33.9368896484375]",0.5714113116264343,1
10724,230618_4-3-2.tif,"[126.88375854492188, 3241.512939453125, 55.941070556640625, 23.12744140625]",0.5487013459205627,1
10725,230618_4-3-2.tif,"[161.74267578125, 3420.3140258789062, 37.581695556640625, 33.3662109375]",0.522153913974762,1
10726,230618_4-3-2.tif,"[1025.95166015625, 4608.478271484375, 47.279701232910156, 22.26678466796875]",0.47944217920303345,1
10727,230618_4-3-2.tif,"[291.66119384765625, 3265.3561248779297, 32.99798583984375, 34.289154052734375]",0.45377469062805176,1
10728,230618_4-3-2.tif,"[75.15324401855469, 1073.4727783203125, 15.481109619140625, 6.033561706542969]",0.2679802477359772,1
10729,230618_4-1-2.tif,"[2323.4347534179688, 7756.268371582031, 77.84454345703125, 58.70491027832031]",0.800866961479187,0
10730,230618_4-1-2.tif,"[4971.653869628906, 5143.575698852539, 102.509521484375, 61.35639953613281]",0.787396252155304,0
10731,230618_4-1-2.tif,"[1513.7171630859375, 9395.04638671875, 92.0096435546875, 54.879478454589844]",0.7818912863731384,0
10732,230618_4-1-2.tif,"[8191.179473876953, 7801.013473510742, 113.42550659179688, 60.30401611328125]",0.7740528583526611,0
10733,230618_4-1-2.tif,"[2168.6940307617188, 2252.527862548828, 105.39144897460938, 56.98162841796875]",0.7732470631599426,0
10734,230618_4-1-2.tif,"[1881.1952514648438, 2965.5745849609375, 94.87969970703125, 92.77447509765625]",0.7716084718704224,0
10735,230618_4-1-2.tif,"[2675.638442993164, 5258.386474609375, 126.00885009765625, 60.965301513671875]",0.7711323499679565,0
10736,230618_4-1-2.tif,"[1590.933120727539, 89.68611145019531, 96.69776916503906, 63.21989440917969]",0.7707067131996155,0
10737,230618_4-1-2.tif,"[6216.57633972168, 1442.0568542480469, 80.78311157226562, 76.939453125]",0.7633593678474426,0
10738,230618_4-1-2.tif,"[1230.6014709472656, 3788.563201904297, 93.45315551757812, 59.593353271484375]",0.754359781742096,0
10739,230618_4-1-2.tif,"[270.34765625, 7467.7138671875, 90.29656982421875, 55.4195556640625]",0.7527185678482056,0
10740,230618_4-1-2.tif,"[5973.3236083984375, 1037.8654708862305, 67.55657958984375, 92.18392181396484]",0.7499253749847412,0
10741,230618_4-1-2.tif,"[4381.858337402344, 9691.410766601562, 57.4774169921875, 69.66726684570312]",0.749826967716217,0
10742,230618_4-1-2.tif,"[8916.323425292969, 7117.550476074219, 68.6400146484375, 53.0234375]",0.7467348575592041,0
10743,230618_4-1-2.tif,"[3578.8384399414062, 4386.8629150390625, 75.32293701171875, 96.77789306640625]",0.7458687424659729,0
10744,230618_4-1-2.tif,"[1608.6053466796875, 4651.0582275390625, 99.65898132324219, 77.3143310546875]",0.7448647618293762,0
10745,230618_4-1-2.tif,"[4384.743469238281, 5045.1959228515625, 73.5321044921875, 62.0968017578125]",0.7379250526428223,0
10746,230618_4-1-2.tif,"[4106.633010864258, 4425.160461425781, 98.92135620117188, 55.40899658203125]",0.7348020672798157,0
10747,230618_4-1-2.tif,"[333.6507263183594, 7661.260345458984, 84.58474731445312, 53.922149658203125]",0.7347438335418701,0
10748,230618_4-1-2.tif,"[7752.818786621094, 2938.071502685547, 100.53359985351562, 68.4342041015625]",0.7328032851219177,0
10749,230618_4-1-2.tif,"[2208.514923095703, 4744.639602661133, 68.43185424804688, 53.9228515625]",0.7324438691139221,0
10750,230618_4-1-2.tif,"[112.86619567871094, 5159.38818359375, 101.21392822265625, 63.934814453125]",0.7323643565177917,0
10751,230618_4-1-2.tif,"[2536.8298950195312, 3970.0696716308594, 66.87751007080078, 63.505767822265625]",0.7316235303878784,0
10752,230618_4-1-2.tif,"[1043.1239013671875, 5101.337951660156, 99.3304443359375, 70.66494750976562]",0.7310658097267151,0
10753,230618_4-1-2.tif,"[1374.5733032226562, 6650.089111328125, 105.3173828125, 54.0057487487793]",0.7308103442192078,0
10754,230618_4-1-2.tif,"[5126.86865234375, 5041.2939453125, 100.39453125, 60.1671142578125]",0.7305096983909607,0
10755,230618_4-1-2.tif,"[7064.409851074219, 121.81845092773438, 67.4066162109375, 49.32073974609375]",0.7303520441055298,0
10756,230618_4-1-2.tif,"[1274.4415283203125, 5006.3203125, 79.89263916015625, 62.0625]",0.7300350666046143,0
10757,230618_4-1-2.tif,"[7614.7158203125, 1541.75537109375, 55.16021728515625, 90.31723022460938]",0.7296929955482483,0
10758,230618_4-1-2.tif,"[2729.3204040527344, 7057.048828125, 98.97711181640625, 53.03045654296875]",0.7293959259986877,0
10759,230618_4-1-2.tif,"[4497.0086669921875, 3574.543487548828, 68.85491943359375, 56.907196044921875]",0.7289031147956848,0
10760,230618_4-1-2.tif,"[1648.057487487793, 5294.425598144531, 114.87000274658203, 61.81146240234375]",0.7282214760780334,0
10761,230618_4-1-2.tif,"[2634.040283203125, 8383.841094970703, 57.73069763183594, 90.345703125]",0.7271350026130676,0
10762,230618_4-1-2.tif,"[2435.2854614257812, 6795.297714233398, 56.6317138671875, 71.611083984375]",0.7240526080131531,0
10763,230618_4-1-2.tif,"[5233.163513183594, 5614.8868408203125, 64.75440979003906, 67.8524169921875]",0.7240333557128906,0
10764,230618_4-1-2.tif,"[2233.449752807617, 1088.4405517578125, 64.68026733398438, 90.3193359375]",0.7236485481262207,0
10765,230618_4-1-2.tif,"[540.1990966796875, 6824.153106689453, 63.89765930175781, 44.74212646484375]",0.7232365608215332,0
10766,230618_4-1-2.tif,"[1668.3319244384766, 5072.4896240234375, 76.76406860351562, 68.7750244140625]",0.721589207649231,0
10767,230618_4-1-2.tif,"[1020.8819274902344, 9913.940490722656, 76.32546997070312, 60.799072265625]",0.7212203145027161,0
10768,230618_4-1-2.tif,"[3651.8101806640625, 6526.294921875, 67.78765869140625, 55.9822998046875]",0.7193189263343811,0
10769,230618_4-1-2.tif,"[4946.396545410156, 4730.391860961914, 55.9366455078125, 60.459716796875]",0.7189704775810242,0
10770,230618_4-1-2.tif,"[252.26426696777344, 6375.221710205078, 74.82752990722656, 47.385040283203125]",0.7184974551200867,0
10771,230618_4-1-2.tif,"[3366.9234008789062, 4447.1256103515625, 67.3450927734375, 77.170166015625]",0.717445433139801,0
10772,230618_4-1-2.tif,"[4302.583190917969, 2466.941162109375, 86.39315795898438, 86.2191162109375]",0.7173705101013184,0
10773,230618_4-1-2.tif,"[230.1131591796875, 3110.3885498046875, 48.858001708984375, 92.02328491210938]",0.7168138027191162,0
10774,230618_4-1-2.tif,"[2635.82177734375, 3878.5150146484375, 74.89474487304688, 64.40264892578125]",0.7164427042007446,0
10775,230618_4-1-2.tif,"[3800.3736267089844, 6917.664855957031, 67.46533203125, 55.8316650390625]",0.7161316871643066,0
10776,230618_4-1-2.tif,"[418.60284423828125, 9852.761169433594, 91.462646484375, 64.4029541015625]",0.7153404951095581,0
10777,230618_4-1-2.tif,"[5094.773773193359, 1028.6527099609375, 93.59207153320312, 79.87750244140625]",0.7151613831520081,0
10778,230618_4-1-2.tif,"[2340.3722229003906, 2232.0559997558594, 68.775634765625, 63.98297119140625]",0.7146830558776855,0
10779,230618_4-1-2.tif,"[3816.5790405273438, 1193.6833801269531, 73.54541015625, 47.7342529296875]",0.7132459282875061,0
10780,230618_4-1-2.tif,"[271.81549072265625, 6614.262451171875, 94.90185546875, 49.7904052734375]",0.7126858234405518,0
10781,230618_4-1-2.tif,"[1693.7996520996094, 7986.952331542969, 94.35260009765625, 58.966796875]",0.7121891975402832,0
10782,230618_4-1-2.tif,"[1490.3636474609375, 7461.025726318359, 56.8160400390625, 64.38507080078125]",0.7118387222290039,0
10783,230618_4-1-2.tif,"[6352.328033447266, 9937.30126953125, 75.6927490234375, 62.559814453125]",0.7111563086509705,0
10784,230618_4-1-2.tif,"[6604.961090087891, 1208.6542053222656, 108.99446868896484, 60.78108215332031]",0.7085332274436951,0
10785,230618_4-1-2.tif,"[551.1036071777344, 3183.168930053711, 59.49580383300781, 80.53997802734375]",0.7072666883468628,0
10786,230618_4-1-2.tif,"[4311.447998046875, 5151.6937255859375, 87.11529541015625, 73.1568603515625]",0.7065469026565552,0
10787,230618_4-1-2.tif,"[9158.004638671875, 898.2171630859375, 59.217529296875, 80.4140625]",0.7064064741134644,0
10788,230618_4-1-2.tif,"[1362.6015625, 4966.927429199219, 101.82763671875, 57.132568359375]",0.7046763300895691,0
10789,230618_4-1-2.tif,"[147.42962646484375, 5552.6719970703125, 70.093505859375, 93.1885986328125]",0.7038325071334839,0
10790,230618_4-1-2.tif,"[1327.9774780273438, 4672.7977294921875, 97.6253662109375, 53.33454132080078]",0.7034286856651306,0
10791,230618_4-1-2.tif,"[4787.36767578125, 2003.6354370117188, 103.40008544921875, 48.15594482421875]",0.7029638290405273,0
10792,230618_4-1-2.tif,"[4025.8819885253906, 2714.0179138183594, 54.385498046875, 84.93392944335938]",0.702569842338562,0
10793,230618_4-1-2.tif,"[1120.3195190429688, 3598.625, 97.44075012207031, 85.34076690673828]",0.7014005780220032,0
10794,230618_4-1-2.tif,"[247.900390625, 785.166015625, 98.68609619140625, 51.8629150390625]",0.7012498378753662,0
10795,230618_4-1-2.tif,"[5309.470764160156, 8775.84213256836, 56.6295166015625, 90.546142578125]",0.7011888027191162,0
10796,230618_4-1-2.tif,"[2040.4874267578125, 7279.487274169922, 56.44279861450195, 72.23208618164062]",0.70060133934021,0
10797,230618_4-1-2.tif,"[1446.6950073242188, 5191.413330078125, 67.953369140625, 56.888458251953125]",0.6998618841171265,0
10798,230618_4-1-2.tif,"[5086.0582275390625, 9359.759796142578, 112.6224365234375, 88.43840026855469]",0.6996389627456665,0
10799,230618_4-1-2.tif,"[2287.976806640625, 4982.366424560547, 67.4168701171875, 51.9892578125]",0.6992865204811096,0
10800,230618_4-1-2.tif,"[2026.2361755371094, 184.76007080078125, 115.75320434570312, 77.32229614257812]",0.6992497444152832,0
10801,230618_4-1-2.tif,"[5805.44677734375, 632.3693084716797, 55.658111572265625, 87.4537353515625]",0.6991898417472839,0
10802,230618_4-1-2.tif,"[2341.9954528808594, 4356.190612792969, 95.180419921875, 52.7120361328125]",0.6991787552833557,0
10803,230618_4-1-2.tif,"[4855.392333984375, 6169.61572265625, 47.171051025390625, 73.1629409790039]",0.6991119980812073,0
10804,230618_4-1-2.tif,"[538.4252014160156, 7812.890075683594, 114.06704711914062, 56.5123291015625]",0.6989387273788452,0
10805,230618_4-1-2.tif,"[1831.2786254882812, 9604.80923461914, 90.1461181640625, 47.718902587890625]",0.6988891363143921,0
10806,230618_4-1-2.tif,"[941.3498229980469, 6425.4580078125, 57.8648681640625, 72.39794921875]",0.698013961315155,0
10807,230618_4-1-2.tif,"[1541.4475555419922, 6556.096984863281, 104.40058898925781, 63.4710693359375]",0.6978946924209595,0
10808,230618_4-1-2.tif,"[5370.6036376953125, 613.233154296875, 73.07797241210938, 50.77471923828125]",0.6962615847587585,0
10809,230618_4-1-2.tif,"[103.74547576904297, 5036.287017822266, 72.33844757080078, 74.1629638671875]",0.6958964467048645,0
10810,230618_4-1-2.tif,"[9719.038665771484, 906.9297485351562, 62.611358642578125, 110.77392578125]",0.6958380341529846,0
10811,230618_4-1-2.tif,"[537.3191757202148, 8539.084777832031, 62.153038024902344, 112.429443359375]",0.6952809691429138,0
10812,230618_4-1-2.tif,"[3370.77392578125, 93.33883666992188, 98.5943603515625, 86.001953125]",0.694770872592926,0
10813,230618_4-1-2.tif,"[379.0460205078125, 6391.68359375, 108.7938232421875, 56.8460693359375]",0.6944831609725952,0
10814,230618_4-1-2.tif,"[1608.2774047851562, 5867.840118408203, 62.39662170410156, 95.5863037109375]",0.6943749189376831,0
10815,230618_4-1-2.tif,"[1510.6751098632812, 4238.6568603515625, 81.05123138427734, 71.98086547851562]",0.6940066814422607,0
10816,230618_4-1-2.tif,"[1971.6310424804688, 618.6286239624023, 76.69854736328125, 73.75067901611328]",0.6914454698562622,0
10817,230618_4-1-2.tif,"[120.8360595703125, 3061.0162353515625, 60.723480224609375, 111.39090728759766]",0.689162015914917,0
10818,230618_4-1-2.tif,"[1373.8379516601562, 5080.247375488281, 79.6912841796875, 80.44942855834961]",0.687850832939148,0
10819,230618_4-1-2.tif,"[7904.446533203125, 7401.273651123047, 89.8785400390625, 94.65740966796875]",0.6868674755096436,0
10820,230618_4-1-2.tif,"[4311.836120605469, 5322.4378662109375, 115.09075927734375, 60.79229736328125]",0.6867853999137878,0
10821,230618_4-1-2.tif,"[4496.964447021484, 3808.3953857421875, 107.21356201171875, 57.99285888671875]",0.6867139935493469,0
10822,230618_4-1-2.tif,"[875.2762145996094, 5601.058074951172, 54.458160400390625, 92.66433334350586]",0.6864252686500549,0
10823,230618_4-1-2.tif,"[285.28741455078125, 5415.455139160156, 87.15545654296875, 53.0797119140625]",0.6861914396286011,0
10824,230618_4-1-2.tif,"[2761.1827239990234, 7890.549789428711, 42.925689697265625, 97.99061584472656]",0.6861428618431091,0
10825,230618_4-1-2.tif,"[235.01358032226562, 6041.471405029297, 93.0889892578125, 56.587646484375]",0.6821821331977844,0
10826,230618_4-1-2.tif,"[2134.4437866210938, 7163.412536621094, 85.1259765625, 58.13554000854492]",0.6819397807121277,0
10827,230618_4-1-2.tif,"[7349.945526123047, 4121.279769897461, 51.44482421875, 114.82743835449219]",0.6815217137336731,0
10828,230618_4-1-2.tif,"[1139.4096984863281, 3675.248115539551, 67.19781494140625, 100.05858612060547]",0.6795941591262817,0
10829,230618_4-1-2.tif,"[2287.6326904296875, 3771.213623046875, 66.7159423828125, 111.87911987304688]",0.6791929602622986,0
10830,230618_4-1-2.tif,"[466.5501708984375, 5762.102188110352, 101.50983428955078, 53.57801818847656]",0.6786624193191528,0
10831,230618_4-1-2.tif,"[3945.2626953125, 1864.0558471679688, 81.233642578125, 86.9190673828125]",0.6785358190536499,0
10832,230618_4-1-2.tif,"[1094.1259765625, 5348.790130615234, 61.35838317871094, 53.865570068359375]",0.6785175204277039,0
10833,230618_4-1-2.tif,"[1931.8822021484375, 4870.19140625, 59.3297119140625, 77.470947265625]",0.6785038113594055,0
10834,230618_4-1-2.tif,"[2856.7310791015625, 7851.102355957031, 46.7890625, 83.83050537109375]",0.6772812008857727,0
10835,230618_4-1-2.tif,"[1027.491943359375, 324.8011169433594, 100.218017578125, 50.22369384765625]",0.6765904426574707,0
10836,230618_4-1-2.tif,"[8145.7479248046875, 6945.079162597656, 97.7436408996582, 56.22760009765625]",0.6760342717170715,0
10837,230618_4-1-2.tif,"[2079.2406005859375, 4209.962493896484, 85.0762939453125, 47.036956787109375]",0.6758254766464233,0
10838,230618_4-1-2.tif,"[2500.8759155273438, 4257.759002685547, 96.0872802734375, 89.4461669921875]",0.6728970408439636,0
10839,230618_4-1-2.tif,"[447.40216064453125, 6603.295593261719, 102.88304901123047, 66.17584228515625]",0.6724767684936523,0
10840,230618_4-1-2.tif,"[9559.175262451172, 7450.571533203125, 76.09542846679688, 82.98583984375]",0.6718237996101379,0
10841,230618_4-1-2.tif,"[596.6727905273438, 7375.906707763672, 82.17436218261719, 69.71926879882812]",0.6712859272956848,0
10842,230618_4-1-2.tif,"[398.37652587890625, 6673.90721321106, 75.144775390625, 53.97230339050293]",0.671255350112915,0
10843,230618_4-1-2.tif,"[4855.733734130859, 3960.4037475585938, 94.7938232421875, 77.585205078125]",0.6712450385093689,0
10844,230618_4-1-2.tif,"[1121.435302734375, 4344.409423828125, 96.14993286132812, 103.12088012695312]",0.6705418229103088,0
10845,230618_4-1-2.tif,"[376.33392333984375, 3432.2423095703125, 73.940673828125, 104.27783203125]",0.6701571941375732,0
10846,230618_4-1-2.tif,"[1832.7305297851562, 9802.56396484375, 66.0123291015625, 39.740478515625]",0.6693621277809143,0
10847,230618_4-1-2.tif,"[1699.3600463867188, 4879.727111816406, 149.11294555664062, 150.05010986328125]",0.6683924198150635,0
10848,230618_4-1-2.tif,"[4445.14208984375, 4894.926452636719, 52.8326416015625, 97.63519287109375]",0.6681587100028992,0
10849,230618_4-1-2.tif,"[617.1614151000977, 6106.516418457031, 84.39257049560547, 46.93243408203125]",0.6677353382110596,0
10850,230618_4-1-2.tif,"[6896.168380737305, 1989.3236083984375, 58.17942810058594, 58.5335693359375]",0.6675556302070618,0
10851,230618_4-1-2.tif,"[8097.674499511719, 6025.205078125, 92.77972412109375, 66.1973876953125]",0.6647158861160278,0
10852,230618_4-1-2.tif,"[2808.1961059570312, 4290.438140869141, 61.4300537109375, 111.98855590820312]",0.6612298488616943,0
10853,230618_4-1-2.tif,"[9659.486267089844, 2156.6856689453125, 59.483184814453125, 68.01519775390625]",0.6602222323417664,0
10854,230618_4-1-2.tif,"[833.6931762695312, 9824.458251953125, 90.77926635742188, 54.11676025390625]",0.6592119336128235,0
10855,230618_4-1-2.tif,"[5815.220626831055, 7847.747100830078, 62.119964599609375, 44.84222412109375]",0.6553337574005127,0
10856,230618_4-1-2.tif,"[1357.06982421875, 6252.706169128418, 60.2021484375, 45.25690460205078]",0.6538514494895935,0
10857,230618_4-1-2.tif,"[5238.858169555664, 8620.241790771484, 53.591033935546875, 74.7303466796875]",0.653743326663971,0
10858,230618_4-1-2.tif,"[2038.8311157226562, 4445.117431640625, 54.181396484375, 85.9429931640625]",0.6528390645980835,0
10859,230618_4-1-2.tif,"[1682.4802551269531, 5683.722972869873, 55.37890625, 67.28998184204102]",0.6525155305862427,0
10860,230618_4-1-2.tif,"[51.22606658935547, 3136.274627685547, 55.75055694580078, 93.85043334960938]",0.6478399038314819,0
10861,230618_4-1-2.tif,"[1638.4414978027344, 5359.638336181641, 120.20294189453125, 73.83575439453125]",0.647442102432251,0
10862,230618_4-1-2.tif,"[8427.978088378906, 7430.400329589844, 70.2615966796875, 50.860107421875]",0.6436325907707214,0
10863,230618_4-1-2.tif,"[4445.274261474609, 5314.267120361328, 108.62554931640625, 63.08673095703125]",0.6422212719917297,0
10864,230618_4-1-2.tif,"[2254.6532287597656, 8642.723815917969, 56.860107421875, 81.122802734375]",0.6420082449913025,0
10865,230618_4-1-2.tif,"[2456.753204345703, 5988.166198730469, 74.32391357421875, 50.6746826171875]",0.6408241987228394,0
10866,230618_4-1-2.tif,"[2653.067138671875, 874.6645202636719, 84.61781311035156, 44.646881103515625]",0.6400623917579651,0
10867,230618_4-1-2.tif,"[3988.0511474609375, 4960.0360107421875, 49.23236083984375, 53.5860595703125]",0.6394879817962646,0
10868,230618_4-1-2.tif,"[7841.027252197266, 5740.471755981445, 89.82888793945312, 52.090667724609375]",0.63758784532547,0
10869,230618_4-1-2.tif,"[1175.5026550292969, 6464.509948730469, 94.415771484375, 48.7974853515625]",0.6345454454421997,0
10870,230618_4-1-2.tif,"[7773.948791503906, 3776.5423583984375, 51.034759521484375, 88.87002563476562]",0.6321483850479126,0
10871,230618_4-1-2.tif,"[5322.76123046875, 2026.7075500488281, 54.158203125, 61.625457763671875]",0.6312229633331299,0
10872,230618_4-1-2.tif,"[7132.761535644531, 1691.7451171875, 54.13067626953125, 44.94586181640625]",0.6298937797546387,0
10873,230618_4-1-2.tif,"[407.622802734375, 3095.294631958008, 80.2615966796875, 113.72981262207031]",0.6287602782249451,0
10874,230618_4-1-2.tif,"[2540.727020263672, 2809.3812255859375, 70.99905395507812, 73.298095703125]",0.622996985912323,0
10875,230618_4-1-2.tif,"[1968.5076293945312, 3297.8182067871094, 58.4986572265625, 49.347198486328125]",0.6212853789329529,0
10876,230618_4-1-2.tif,"[359.1470947265625, 9594.540267944336, 87.264892578125, 55.27259826660156]",0.6199247241020203,0
10877,230618_4-1-2.tif,"[2055.0801010131836, 3742.9876708984375, 61.63426971435547, 78.95474243164062]",0.6019430756568909,0
10878,230618_4-1-2.tif,"[653.5277862548828, 4947.352722167969, 68.68722534179688, 96.01953125]",0.597859799861908,0
10879,230618_4-1-2.tif,"[3304.354949951172, 6574.344421386719, 65.85870361328125, 53.680419921875]",0.5874380469322205,0
10880,230618_4-1-2.tif,"[2646.018943786621, 1819.5615234375, 97.42682647705078, 93.010986328125]",0.586600124835968,0
10881,230618_4-1-2.tif,"[4001.4702758789062, 5023.598876953125, 100.143310546875, 77.93048095703125]",0.585020899772644,0
10882,230618_4-1-2.tif,"[423.7942199707031, 7002.505462646484, 49.82940673828125, 43.9698486328125]",0.571097731590271,0
10883,230618_4-1-2.tif,"[6421.253662109375, 167.67095947265625, 39.972412109375, 49.211151123046875]",0.5695669651031494,0
10884,230618_4-1-2.tif,"[623.86279296875, 5087.862548828125, 63.40240478515625, 93.677734375]",0.559806227684021,0
10885,230618_4-1-2.tif,"[1470.17724609375, 5637.027256011963, 75.056884765625, 49.63558578491211]",0.5571507811546326,0
10886,230618_4-1-2.tif,"[41.042823791503906, 93.40278625488281, 46.34974670410156, 103.55215454101562]",0.5570378303527832,0
10887,230618_4-1-2.tif,"[1706.3919677734375, 4957.322662353516, 105.25140380859375, 73.91009521484375]",0.5555049180984497,0
10888,230618_4-1-2.tif,"[2271.762481689453, 3491.6207580566406, 48.1842041015625, 80.42919921875]",0.5524503588676453,0
10889,230618_4-1-2.tif,"[1150.815299987793, 3120.09765625, 72.87696075439453, 58.7689208984375]",0.5495335459709167,0
10890,230618_4-1-2.tif,"[6047.2786865234375, 6713.795692443848, 40.01397705078125, 42.95738220214844]",0.5487168431282043,0
10891,230618_4-1-2.tif,"[3370.6883544921875, 2611.4769897460938, 72.95867919921875, 136.98548889160156]",0.5484010577201843,0
10892,230618_4-1-2.tif,"[1346.4615478515625, 4178.358108520508, 62.0447998046875, 53.22587585449219]",0.5436877012252808,0
10893,230618_4-1-2.tif,"[798.5066528320312, 9801.3837890625, 56.49957275390625, 45.3916015625]",0.5432743430137634,0
10894,230618_4-1-2.tif,"[850.8803100585938, 4626.825500488281, 64.21734619140625, 62.538330078125]",0.5079694390296936,0
10895,230618_4-1-2.tif,"[1225.1347961425781, 4318.102935791016, 64.4122314453125, 45.77740478515625]",0.5018482208251953,0
10896,230618_4-1-2.tif,"[1810.6045837402344, 6037.383636474609, 58.03204345703125, 62.90399169921875]",0.4961732029914856,0
10897,230618_4-1-2.tif,"[1711.2073364257812, 3181.4301376342773, 78.2945556640625, 97.42102813720703]",0.46288737654685974,0
10898,230618_4-1-2.tif,"[5469.926574707031, 8617.106384277344, 41.45074462890625, 41.9581298828125]",0.4495522975921631,0
10899,230618_4-1-2.tif,"[2860.1004028320312, 3462.2903442382812, 73.355224609375, 52.8636474609375]",0.4390648901462555,0
10900,230618_4-1-2.tif,"[1297.4008178710938, 3908.5111694335938, 57.3582763671875, 56.98345947265625]",0.40121278166770935,0
10901,230618_4-1-2.tif,"[807.2613525390625, 7303.537353515625, 62.69134521484375, 99.54302978515625]",0.3963332772254944,0
10902,230618_4-1-2.tif,"[1247.6716003417969, 4370.5341796875, 102.251708984375, 83.1783447265625]",0.381591260433197,0
10903,230618_4-1-2.tif,"[706.2720642089844, 5610.586608886719, 58.058929443359375, 38.9771728515625]",0.3535160422325134,0
10904,230618_4-1-2.tif,"[21.484024047851562, 3677.9559326171875, 68.43118286132812, 34.0440673828125]",0.33869096636772156,0
10905,230618_4-1-2.tif,"[853.7136840820312, 6031.7103271484375, 51.5130615234375, 79.730712890625]",0.33672094345092773,0
10906,230618_4-1-2.tif,"[0.8811416625976562, 46.05936813354492, 32.326629638671875, 97.06152725219727]",0.3362273871898651,0
10907,230618_4-1-2.tif,"[786.2366943359375, 7558.072326660156, 48.61669921875, 147.07427978515625]",0.30808937549591064,0
10908,230618_4-1-2.tif,"[1602.7523193359375, 2471.6309814453125, 61.2476806640625, 30.754150390625]",0.2661727964878082,0
10909,230618_4-1-2.tif,"[3667.9288635253906, 8150.509948730469, 36.486328125, 22.313232421875]",0.8705890774726868,1
10910,230618_4-1-2.tif,"[1955.9806213378906, 8192.50439453125, 26.33087158203125, 26.0179443359375]",0.8493984341621399,1
10911,230618_4-1-2.tif,"[3734.211151123047, 7669.601379394531, 33.034393310546875, 24.886845588684082]",0.845994234085083,1
10912,230618_4-1-2.tif,"[3588.5697021484375, 9335.405029296875, 33.33447265625, 22.951751708984375]",0.844487190246582,1
10913,230618_4-1-2.tif,"[7779.32177734375, 771.8176574707031, 34.33953857421875, 25.514892578125]",0.8425709009170532,1
10914,230618_4-1-2.tif,"[1916.3932189941406, 5838.866149902344, 34.0908203125, 23.082977294921875]",0.8416703939437866,1
10915,230618_4-1-2.tif,"[8132.5267333984375, 638.4281387329102, 32.63916015625, 23.90819549560547]",0.8411639332771301,1
10916,230618_4-1-2.tif,"[5615.788024902344, 8733.371801376343, 33.19678497314453, 22.999177932739258]",0.8406903743743896,1
10917,230618_4-1-2.tif,"[5266.693740844727, 9289.835693359375, 29.4853515625, 24.982757568359375]",0.8401327729225159,1
10918,230618_4-1-2.tif,"[6154.350273132324, 6950.998107910156, 25.344131469726562, 34.7757568359375]",0.8400379419326782,1
10919,230618_4-1-2.tif,"[6596.417755126953, 3016.7102661132812, 33.71893310546875, 20.5208740234375]",0.8397026658058167,1
10920,230618_4-1-2.tif,"[4443.9810791015625, 3461.5338134765625, 24.2998046875, 29.4698486328125]",0.8396687507629395,1
10921,230618_4-1-2.tif,"[2773.124969482422, 3313.025177001953, 32.93560791015625, 19.4393310546875]",0.8394210338592529,1
10922,230618_4-1-2.tif,"[3000.3997192382812, 2578.21533203125, 25.893310546875, 25.31207275390625]",0.8389467000961304,1
10923,230618_4-1-2.tif,"[3024.9417114257812, 9653.542846679688, 26.1756591796875, 35.76031494140625]",0.8387036323547363,1
10924,230618_4-1-2.tif,"[7447.678558349609, 5663.5323486328125, 28.22430419921875, 29.3946533203125]",0.8384212851524353,1
10925,230618_4-1-2.tif,"[5217.255615234375, 9597.9267578125, 29.73828125, 23.2965087890625]",0.8382841348648071,1
10926,230618_4-1-2.tif,"[7684.322261810303, 427.32537841796875, 33.929325103759766, 16.57476806640625]",0.837775468826294,1
10927,230618_4-1-2.tif,"[9770.446899414062, 433.4136962890625, 35.383544921875, 22.49615478515625]",0.837621808052063,1
10928,230618_4-1-2.tif,"[1818.512451171875, 9028.401672363281, 31.9381103515625, 22.7235107421875]",0.837358832359314,1
10929,230618_4-1-2.tif,"[9210.380432128906, 1440.1964721679688, 31.868610382080078, 30.458251953125]",0.8372145891189575,1
10930,230618_4-1-2.tif,"[3519.2866821289062, 8912.88735961914, 31.2781982421875, 30.18292236328125]",0.8370892405509949,1
10931,230618_4-1-2.tif,"[2884.84814453125, 6901.840774536133, 38.180908203125, 20.366928100585938]",0.8365854620933533,1
10932,230618_4-1-2.tif,"[5721.4761962890625, 808.140625, 40.28962707519531, 20.14776611328125]",0.8361198902130127,1
10933,230618_4-1-2.tif,"[6804.5435791015625, 1277.4548645019531, 32.92645263671875, 22.206787109375]",0.8355819582939148,1
10934,230618_4-1-2.tif,"[9728.302917480469, 1550.0603637695312, 32.6221923828125, 32.8673095703125]",0.8354182243347168,1
10935,230618_4-1-2.tif,"[6664.4317626953125, 1824.6263427734375, 23.799560546875, 33.253173828125]",0.8349252939224243,1
10936,230618_4-1-2.tif,"[2599.765579223633, 6748.426170349121, 29.524581909179688, 27.102272033691406]",0.8348504900932312,1
10937,230618_4-1-2.tif,"[3981.3074951171875, 8680.030151367188, 29.662109375, 24.97711181640625]",0.8346099853515625,1
10938,230618_4-1-2.tif,"[6751.377113342285, 8783.079895019531, 32.487281799316406, 32.91563415527344]",0.834326982498169,1
10939,230618_4-1-2.tif,"[3815.541748046875, 1570.870361328125, 32.967926025390625, 28.07171630859375]",0.833997368812561,1
10940,230618_4-1-2.tif,"[3717.1642150878906, 560.8631591796875, 34.68170166015625, 19.646484375]",0.8338680267333984,1
10941,230618_4-1-2.tif,"[3309.0918884277344, 9120.94711303711, 31.464141845703125, 27.60565185546875]",0.8335943818092346,1
10942,230618_4-1-2.tif,"[7082.818084716797, 5048.0211181640625, 27.74420166015625, 29.7801513671875]",0.8332839608192444,1
10943,230618_4-1-2.tif,"[2096.414840698242, 5870.161773681641, 26.385940551757812, 34.4901123046875]",0.8331958055496216,1
10944,230618_4-1-2.tif,"[3396.737548828125, 7812.749710083008, 32.42431640625, 23.951080322265625]",0.8329018950462341,1
10945,230618_4-1-2.tif,"[3220.3014373779297, 2974.3450927734375, 27.1070556640625, 28.8037109375]",0.8326703310012817,1
10946,230618_4-1-2.tif,"[6598.6453857421875, 4315.842346191406, 34.24072265625, 30.61572265625]",0.8326507210731506,1
10947,230618_4-1-2.tif,"[3563.681884765625, 2916.1910400390625, 38.29819107055664, 20.82281494140625]",0.8323659896850586,1
10948,230618_4-1-2.tif,"[7761.4920654296875, 1521.9620971679688, 27.612823486328125, 19.764540195465088]",0.8321638107299805,1
10949,230618_4-1-2.tif,"[6677.730937957764, 5661.3262939453125, 24.66136932373047, 28.2744140625]",0.8319048285484314,1
10950,230618_4-1-2.tif,"[4872.68310546875, 1167.8437194824219, 28.96063232421875, 29.969940185546875]",0.8312726020812988,1
10951,230618_4-1-2.tif,"[7653.006408691406, 6056.694152832031, 34.04979419708252, 27.69171142578125]",0.8311177492141724,1
10952,230618_4-1-2.tif,"[7877.542205810547, 9348.335083007812, 33.923736572265625, 24.207395553588867]",0.8306405544281006,1
10953,230618_4-1-2.tif,"[2977.3309020996094, 7783.6749267578125, 28.267822265625, 28.4019775390625]",0.8303274512290955,1
10954,230618_4-1-2.tif,"[3081.5450439453125, 8719.335014343262, 25.96673583984375, 36.988311767578125]",0.8302293419837952,1
10955,230618_4-1-2.tif,"[2477.560821533203, 83.99783325195312, 30.45648193359375, 28.549102783203125]",0.8302256464958191,1
10956,230618_4-1-2.tif,"[6657.840270996094, 9059.489807128906, 29.627197265625, 19.0523681640625]",0.8301336169242859,1
10957,230618_4-1-2.tif,"[457.50054931640625, 5467.634002685547, 24.214111328125, 31.00408935546875]",0.8293816447257996,1
10958,230618_4-1-2.tif,"[1529.0235595703125, 7964.474365234375, 33.900390625, 21.1580810546875]",0.8288623690605164,1
10959,230618_4-1-2.tif,"[4517.206237792969, 5715.679779052734, 35.3087158203125, 16.540313720703125]",0.828590989112854,1
10960,230618_4-1-2.tif,"[3908.4794311523438, 7061.5262451171875, 33.4388427734375, 20.0028076171875]",0.828460156917572,1
10961,230618_4-1-2.tif,"[7805.778381347656, 4443.527099609375, 33.297454833984375, 23.9615478515625]",0.828406810760498,1
10962,230618_4-1-2.tif,"[7680.8568115234375, 8233.433853149414, 34.8798828125, 19.540145874023438]",0.8284024596214294,1
10963,230618_4-1-2.tif,"[4558.343811035156, 6536.609283447266, 19.7188720703125, 35.00689697265625]",0.8283081650733948,1
10964,230618_4-1-2.tif,"[5712.525741577148, 6747.130683898926, 33.32362365722656, 24.25725555419922]",0.8282923102378845,1
10965,230618_4-1-2.tif,"[4228.125335693359, 8055.482360839844, 36.48291015625, 18.7752685546875]",0.8278058767318726,1
10966,230618_4-1-2.tif,"[8929.185333251953, 515.621337890625, 23.544952392578125, 32.96202087402344]",0.8277538418769836,1
10967,230618_4-1-2.tif,"[5556.600830078125, 9217.149616241455, 37.59844970703125, 18.699382781982422]",0.8276538848876953,1
10968,230618_4-1-2.tif,"[2562.7215270996094, 619.9088592529297, 32.152244567871094, 25.614044189453125]",0.8275928497314453,1
10969,230618_4-1-2.tif,"[3721.9109802246094, 2555.1598510742188, 37.157135009765625, 16.9923095703125]",0.8275048136711121,1
10970,230618_4-1-2.tif,"[4905.606872558594, 7627.1053466796875, 27.142822265625, 28.0107421875]",0.8274989724159241,1
10971,230618_4-1-2.tif,"[8385.735107421875, 451.0277099609375, 35.3021240234375, 24.08795166015625]",0.8274869918823242,1
10972,230618_4-1-2.tif,"[1172.7949981689453, 1668.666030883789, 30.997467041015625, 17.337066650390625]",0.8272513151168823,1
10973,230618_4-1-2.tif,"[9699.779296875, 7754.4989013671875, 22.26934814453125, 28.614974975585938]",0.8271673917770386,1
10974,230618_4-1-2.tif,"[6958.379455566406, 6970.469177246094, 26.973388671875, 34.854736328125]",0.8271578550338745,1
10975,230618_4-1-2.tif,"[7677.220184326172, 1698.6833038330078, 26.976348876953125, 32.17256164550781]",0.8271051645278931,1
10976,230618_4-1-2.tif,"[5221.510314941406, 2328.3202209472656, 26.880416870117188, 35.131011962890625]",0.8270590901374817,1
10977,230618_4-1-2.tif,"[2698.7630004882812, 5800.396697998047, 26.19024658203125, 34.4840087890625]",0.8270126581192017,1
10978,230618_4-1-2.tif,"[8698.413848876953, 851.3940734863281, 37.758270263671875, 22.904083251953125]",0.8269780278205872,1
10979,230618_4-1-2.tif,"[3005.7994384765625, 8506.98779296875, 30.423095703125, 26.2987060546875]",0.8268928527832031,1
10980,230618_4-1-2.tif,"[6369.82421875, 5067.179260253906, 31.36767578125, 21.8690185546875]",0.8267978429794312,1
10981,230618_4-1-2.tif,"[8506.831115722656, 8783.129577636719, 37.08349609375, 20.8634033203125]",0.8265458345413208,1
10982,230618_4-1-2.tif,"[2994.6209411621094, 1021.5148315429688, 25.759857177734375, 36.018798828125]",0.826366126537323,1
10983,230618_4-1-2.tif,"[5643.159637451172, 8350.528686523438, 37.074005126953125, 20.498641967773438]",0.8263068795204163,1
10984,230618_4-1-2.tif,"[6397.7977294921875, 6989.098388671875, 30.78314208984375, 26.7939453125]",0.8261783123016357,1
10985,230618_4-1-2.tif,"[2930.089569091797, 9489.53695678711, 23.88934326171875, 33.304931640625]",0.8261323571205139,1
10986,230618_4-1-2.tif,"[2010.2055053710938, 7191.923034667969, 24.7496337890625, 28.36791229248047]",0.8260302543640137,1
10987,230618_4-1-2.tif,"[2038.441650390625, 8300.590560913086, 30.908912658691406, 28.79278564453125]",0.8260098099708557,1
10988,230618_4-1-2.tif,"[2068.5270385742188, 6213.5369873046875, 28.9609375, 28.743408203125]",0.8260054588317871,1
10989,230618_4-1-2.tif,"[1933.3240356445312, 9687.136840820312, 29.5660400390625, 28.0517578125]",0.8260015845298767,1
10990,230618_4-1-2.tif,"[1741.3097839355469, 9450.779647827148, 33.6048583984375, 24.790725708007812]",0.8258488178253174,1
10991,230618_4-1-2.tif,"[3987.4722900390625, 8179.995208740234, 28.6097412109375, 26.222481727600098]",0.8258336186408997,1
10992,230618_4-1-2.tif,"[5490.019683837891, 5424.249725341797, 35.17022705078125, 22.9273681640625]",0.8257762789726257,1
10993,230618_4-1-2.tif,"[6656.7266845703125, 9883.310363769531, 28.708345413208008, 29.26806640625]",0.8256949186325073,1
10994,230618_4-1-2.tif,"[7320.252136230469, 8605.607879638672, 26.25628662109375, 30.204345703125]",0.8256224989891052,1
10995,230618_4-1-2.tif,"[4600.2945556640625, 6080.502136230469, 35.693115234375, 19.8463134765625]",0.8255687952041626,1
10996,230618_4-1-2.tif,"[6452.699920654297, 2694.9537048339844, 35.5244140625, 25.1387939453125]",0.8254433274269104,1
10997,230618_4-1-2.tif,"[2165.1199340820312, 7089.4775390625, 36.27186584472656, 22.7213134765625]",0.8254287838935852,1
10998,230618_4-1-2.tif,"[5304.7689208984375, 9737.901672363281, 34.51214599609375, 18.977783203125]",0.8253979086875916,1
10999,230618_4-1-2.tif,"[6017.505676269531, 4758.854934692383, 25.438720703125, 29.81414794921875]",0.8253549933433533,1
11000,230618_4-1-2.tif,"[7054.856506347656, 2379.210205078125, 29.1383056640625, 29.48876953125]",0.825302243232727,1
11001,230618_4-1-2.tif,"[2205.9314880371094, 6232.0323486328125, 23.247955322265625, 32.1875]",0.8252506256103516,1
11002,230618_4-1-2.tif,"[2930.9928283691406, 1.0814743041992188, 20.41424560546875, 33.65240478515625]",0.8252065181732178,1
11003,230618_4-1-2.tif,"[7270.2171630859375, 4424.2337646484375, 20.9736328125, 33.78826904296875]",0.8250141739845276,1
11004,230618_4-1-2.tif,"[5847.804595947266, 9149.828979492188, 31.18206787109375, 29.3323974609375]",0.8249618411064148,1
11005,230618_4-1-2.tif,"[4910.5015869140625, 5111.675994873047, 30.9542236328125, 28.70206069946289]",0.8249607086181641,1
11006,230618_4-1-2.tif,"[7144.881774902344, 4123.075229644775, 27.22955322265625, 31.764732360839844]",0.8249304294586182,1
11007,230618_4-1-2.tif,"[5263.915069580078, 4135.5750732421875, 35.890380859375, 28.759033203125]",0.824924111366272,1
11008,230618_4-1-2.tif,"[6251.7139892578125, 2215.617721557617, 18.965957641601562, 33.83494567871094]",0.8248946070671082,1
11009,230618_4-1-2.tif,"[3313.7994384765625, 3114.9091033935547, 20.999847412109375, 31.92022705078125]",0.8248577117919922,1
11010,230618_4-1-2.tif,"[8379.256134033203, 2558.4154663085938, 19.406661987304688, 35.6131591796875]",0.8247714042663574,1
11011,230618_4-1-2.tif,"[9442.469268798828, 334.1031494140625, 29.4798583984375, 19.784515380859375]",0.8247691988945007,1
11012,230618_4-1-2.tif,"[4492.7940673828125, 3289.464630126953, 29.04547119140625, 26.07379150390625]",0.8243802189826965,1
11013,230618_4-1-2.tif,"[5803.054595947266, 7496.948211669922, 30.92596435546875, 31.6138916015625]",0.8243110775947571,1
11014,230618_4-1-2.tif,"[6731.343338012695, 8873.90347290039, 23.523651123046875, 34.306640625]",0.8242276906967163,1
11015,230618_4-1-2.tif,"[3163.175018310547, 9366.451252937317, 32.184356689453125, 25.557719230651855]",0.824181318283081,1
11016,230618_4-1-2.tif,"[6215.652648925781, 9470.681991577148, 29.09576416015625, 24.05865478515625]",0.8240018486976624,1
11017,230618_4-1-2.tif,"[7194.657653808594, 2011.9541015625, 20.732666015625, 33.8939208984375]",0.8239412903785706,1
11018,230618_4-1-2.tif,"[6683.2780685424805, 5221.396614074707, 38.35856628417969, 20.39330291748047]",0.8238664269447327,1
11019,230618_4-1-2.tif,"[5186.9902267456055, 4690.853851318359, 25.890350341796875, 29.547042846679688]",0.8238512873649597,1
11020,230618_4-1-2.tif,"[5432.545318603516, 6216.906639099121, 29.3538818359375, 28.655105590820312]",0.8238444924354553,1
11021,230618_4-1-2.tif,"[9508.18228149414, 9665.312072753906, 24.3248291015625, 26.0250244140625]",0.8238254189491272,1
11022,230618_4-1-2.tif,"[7146.868408203125, 3399.913818359375, 29.263460159301758, 29.31854248046875]",0.8238113522529602,1
11023,230618_4-1-2.tif,"[3973.5447387695312, 912.75244140625, 28.586181640625, 26.0413818359375]",0.8236895799636841,1
11024,230618_4-1-2.tif,"[7255.404724121094, 6020.713439941406, 31.895782470703125, 29.45458984375]",0.823676586151123,1
11025,230618_4-1-2.tif,"[7447.057678222656, 831.1361694335938, 41.31768798828125, 23.352783203125]",0.8236477971076965,1
11026,230618_4-1-2.tif,"[3293.5675354003906, 8939.867950439453, 39.13519287109375, 21.40277099609375]",0.8236439228057861,1
11027,230618_4-1-2.tif,"[6229.9224853515625, 8620.734130859375, 33.4443359375, 18.94061279296875]",0.8236290812492371,1
11028,230618_4-1-2.tif,"[2659.4957122802734, 6081.682647705078, 30.303146362304688, 30.423736572265625]",0.8235546946525574,1
11029,230618_4-1-2.tif,"[7617.332427978516, 4071.9883422851562, 35.218017578125, 25.390625]",0.8234764337539673,1
11030,230618_4-1-2.tif,"[2040.4030151367188, 4019.1717224121094, 24.440317153930664, 30.68975830078125]",0.8234446048736572,1
11031,230618_4-1-2.tif,"[7852.122253417969, 3089.5220222473145, 35.656585693359375, 18.722484588623047]",0.8234266042709351,1
11032,230618_4-1-2.tif,"[7199.8782958984375, 6741.357177734375, 35.03167724609375, 23.08251953125]",0.8233278393745422,1
11033,230618_4-1-2.tif,"[1287.0255126953125, 1849.0780029296875, 28.7425537109375, 25.2034912109375]",0.8232879042625427,1
11034,230618_4-1-2.tif,"[9051.642944335938, 7830.119522094727, 37.14501953125, 19.33087158203125]",0.8232054114341736,1
11035,230618_4-1-2.tif,"[8499.61978149414, 2001.4841613769531, 31.864990234375, 29.0108642578125]",0.8231832981109619,1
11036,230618_4-1-2.tif,"[6736.428916931152, 9419.650341033936, 27.596961975097656, 32.61641311645508]",0.8231183886528015,1
11037,230618_4-1-2.tif,"[4954.291259765625, 9947.682006835938, 34.7236328125, 17.80908203125]",0.8231146931648254,1
11038,230618_4-1-2.tif,"[3722.572265625, 9526.629821777344, 30.740386962890625, 25.518951416015625]",0.8230887055397034,1
11039,230618_4-1-2.tif,"[3509.5733337402344, 9243.481536865234, 32.0802001953125, 27.83001708984375]",0.8229952454566956,1
11040,230618_4-1-2.tif,"[2414.5072631835938, 7372.629165649414, 30.1298828125, 27.72027587890625]",0.8229681253433228,1
11041,230618_4-1-2.tif,"[4788.510009765625, 1258.777587890625, 31.16650390625, 23.05657958984375]",0.8229203224182129,1
11042,230618_4-1-2.tif,"[8766.142639160156, 1974.7303466796875, 35.755340576171875, 18.137451171875]",0.8228735327720642,1
11043,230618_4-1-2.tif,"[6466.6982421875, 1475.5911865234375, 36.7996826171875, 23.70458984375]",0.8224689364433289,1
11044,230618_4-1-2.tif,"[8850.854904174805, 1801.8330078125, 17.90972900390625, 34.08526611328125]",0.8224493265151978,1
11045,230618_4-1-2.tif,"[2289.8924255371094, 5316.998870849609, 27.620941162109375, 28.027374267578125]",0.8224051594734192,1
11046,230618_4-1-2.tif,"[9080.656555175781, 1930.8037719726562, 28.0885009765625, 31.46533203125]",0.822379469871521,1
11047,230618_4-1-2.tif,"[6047.0562744140625, 1715.2283325195312, 37.88775634765625, 19.4583740234375]",0.8223752975463867,1
11048,230618_4-1-2.tif,"[6444.451690673828, 5870.480056762695, 25.193115234375, 37.13670349121094]",0.8221895098686218,1
11049,230618_4-1-2.tif,"[8259.690299987793, 5681.86083984375, 16.913665771484375, 37.85302734375]",0.8220757246017456,1
11050,230618_4-1-2.tif,"[4545.990447998047, 6868.33137512207, 23.3909912109375, 31.71954345703125]",0.8220736384391785,1
11051,230618_4-1-2.tif,"[7820.501907348633, 678.4109191894531, 19.128387451171875, 38.1683349609375]",0.8219823837280273,1
11052,230618_4-1-2.tif,"[5363.526306152344, 8071.439117431641, 40.2265625, 22.3804931640625]",0.8219028115272522,1
11053,230618_4-1-2.tif,"[4536.137603759766, 6684.8795166015625, 27.766204833984375, 32.5479736328125]",0.8218796849250793,1
11054,230618_4-1-2.tif,"[7557.448272705078, 3333.9014892578125, 32.3798828125, 22.1097412109375]",0.8218562006950378,1
11055,230618_4-1-2.tif,"[801.689208984375, 2828.1045837402344, 33.95458984375, 19.94110107421875]",0.8218148946762085,1
11056,230618_4-1-2.tif,"[6666.9611892700195, 1455.9576721191406, 37.49150848388672, 24.486846923828125]",0.8217329978942871,1
11057,230618_4-1-2.tif,"[424.71124267578125, 4928.124206542969, 24.259765625, 34.91064453125]",0.8215877413749695,1
11058,230618_4-1-2.tif,"[5658.8829345703125, 7856.087020874023, 31.2054443359375, 28.917816162109375]",0.8215293884277344,1
11059,230618_4-1-2.tif,"[1968.7261352539062, 5732.2950439453125, 24.132568359375, 39.76371765136719]",0.8215270042419434,1
11060,230618_4-1-2.tif,"[769.9536743164062, 7391.052581787109, 27.10400390625, 29.429931640625]",0.8215085864067078,1
11061,230618_4-1-2.tif,"[3511.0126342773438, 3064.8482666015625, 20.0322265625, 34.43017578125]",0.8214585185050964,1
11062,230618_4-1-2.tif,"[4630.9862060546875, 8980.779296875, 34.061767578125, 24.3673095703125]",0.8214532136917114,1
11063,230618_4-1-2.tif,"[8684.473815917969, 9784.498352050781, 27.87712287902832, 33.80120849609375]",0.82124924659729,1
11064,230618_4-1-2.tif,"[5670.8529052734375, 5627.439208984375, 20.7296142578125, 34.7169189453125]",0.8212088346481323,1
11065,230618_4-1-2.tif,"[8138.9359130859375, 2963.514434814453, 32.580322265625, 22.26177978515625]",0.8212012648582458,1
11066,230618_4-1-2.tif,"[2850.1278076171875, 8960.358917236328, 29.2647705078125, 31.604248046875]",0.8211331963539124,1
11067,230618_4-1-2.tif,"[7500.0194091796875, 259.2857971191406, 31.0400390625, 21.35064697265625]",0.8211297988891602,1
11068,230618_4-1-2.tif,"[5177.896789550781, 8550.724548339844, 30.90948486328125, 20.938720703125]",0.8210892081260681,1
11069,230618_4-1-2.tif,"[6353.834716796875, 1930.6884765625, 23.95001220703125, 32.3555908203125]",0.8210780024528503,1
11070,230618_4-1-2.tif,"[7424.05078125, 6579.925537109375, 34.0435791015625, 20.78076171875]",0.8210769295692444,1
11071,230618_4-1-2.tif,"[4810.173278808594, 1486.854248046875, 26.2550048828125, 36.693359375]",0.821065366268158,1
11072,230618_4-1-2.tif,"[4468.945495605469, 5807.076461791992, 28.964599609375, 31.2640380859375]",0.8210141062736511,1
11073,230618_4-1-2.tif,"[119.38810729980469, 3362.597412109375, 18.67584228515625, 41.212158203125]",0.8208770155906677,1
11074,230618_4-1-2.tif,"[2752.2838134765625, 7603.518493652344, 32.164703369140625, 22.076171875]",0.8208259344100952,1
11075,230618_4-1-2.tif,"[4776.072814941406, 89.0590591430664, 31.49456787109375, 24.06707763671875]",0.8208248019218445,1
11076,230618_4-1-2.tif,"[5482.620361328125, 1147.796371459961, 25.52777099609375, 40.21685791015625]",0.8207892179489136,1
11077,230618_4-1-2.tif,"[4419.911865234375, 3934.3374938964844, 33.0289306640625, 23.93988037109375]",0.8207221627235413,1
11078,230618_4-1-2.tif,"[8244.528762817383, 2642.2076263427734, 17.781097412109375, 29.836532592773438]",0.8206910490989685,1
11079,230618_4-1-2.tif,"[1185.5769653320312, 6852.239166259766, 23.927734375, 32.67755126953125]",0.8206754326820374,1
11080,230618_4-1-2.tif,"[401.9700927734375, 2628.3521118164062, 35.33599853515625, 23.3211669921875]",0.8206003308296204,1
11081,230618_4-1-2.tif,"[2565.188323020935, 704.9184875488281, 31.93289279937744, 24.114166259765625]",0.8205875754356384,1
11082,230618_4-1-2.tif,"[610.5333251953125, 2571.023193359375, 37.90045166015625, 23.23974609375]",0.8205755949020386,1
11083,230618_4-1-2.tif,"[5364.390594482422, 9785.8330078125, 27.08270263671875, 26.9005126953125]",0.8205309510231018,1
11084,230618_4-1-2.tif,"[6018.445556640625, 7166.214752197266, 33.6143798828125, 23.837615966796875]",0.8205130100250244,1
11085,230618_4-1-2.tif,"[178.59909057617188, 3268.183151245117, 32.70135498046875, 16.317047119140625]",0.8204113841056824,1
11086,230618_4-1-2.tif,"[6228.188613891602, 9875.548706054688, 35.08244323730469, 23.6002197265625]",0.8203853368759155,1
11087,230618_4-1-2.tif,"[2118.679977416992, 9620.712707519531, 35.50811767578125, 23.585693359375]",0.8203591704368591,1
11088,230618_4-1-2.tif,"[1898.7015991210938, 6663.85986328125, 17.02471923828125, 37.510128021240234]",0.8202075362205505,1
11089,230618_4-1-2.tif,"[2408.5782470703125, 7480.896057128906, 29.07861328125, 23.5301513671875]",0.8201334476470947,1
11090,230618_4-1-2.tif,"[7883.665451049805, 3623.6776123046875, 23.921295166015625, 29.0477294921875]",0.820111095905304,1
11091,230618_4-1-2.tif,"[4304.922882080078, 27.583234786987305, 24.20355224609375, 33.16105842590332]",0.8201045989990234,1
11092,230618_4-1-2.tif,"[2832.72412109375, 7504.129119873047, 25.59912109375, 34.082275390625]",0.8200451135635376,1
11093,230618_4-1-2.tif,"[7614.240173339844, 9195.306030273438, 27.69989013671875, 32.07554244995117]",0.8200335502624512,1
11094,230618_4-1-2.tif,"[6627.431701660156, 731.4316711425781, 20.1954345703125, 31.56011962890625]",0.820006787776947,1
11095,230618_4-1-2.tif,"[6113.062713623047, 7389.434631347656, 28.2830810546875, 27.768310546875]",0.8199107646942139,1
11096,230618_4-1-2.tif,"[1073.1554870605469, 9179.382141113281, 34.74192810058594, 17.91595458984375]",0.8198029398918152,1
11097,230618_4-1-2.tif,"[3818.7820739746094, 8901.53823852539, 28.85699462890625, 29.8272705078125]",0.8196264505386353,1
11098,230618_4-1-2.tif,"[6523.7247314453125, 9307.164916992188, 33.70635986328125, 21.3497314453125]",0.8195942044258118,1
11099,230618_4-1-2.tif,"[5503.170806884766, 9664.13330078125, 30.415771484375, 28.5306396484375]",0.819593608379364,1
11100,230618_4-1-2.tif,"[3330.0525817871094, 8854.235443115234, 24.73968505859375, 29.6064453125]",0.8195186257362366,1
11101,230618_4-1-2.tif,"[4829.088928222656, 9732.553833007812, 35.63665771484375, 25.54266357421875]",0.8195184469223022,1
11102,230618_4-1-2.tif,"[6920.870910644531, 1426.8269653320312, 35.13348388671875, 27.22320556640625]",0.8195082545280457,1
11103,230618_4-1-2.tif,"[5616.784423828125, 631.65673828125, 28.14998435974121, 30.6436767578125]",0.8193516135215759,1
11104,230618_4-1-2.tif,"[7082.037139892578, 7756.61376953125, 31.586822509765625, 29.426345825195312]",0.819334089756012,1
11105,230618_4-1-2.tif,"[7333.50309753418, 6342.540191650391, 28.5108642578125, 35.3006591796875]",0.8192731142044067,1
11106,230618_4-1-2.tif,"[4756.477386474609, 8331.093933105469, 37.28961181640625, 17.922607421875]",0.8192522525787354,1
11107,230618_4-1-2.tif,"[2213.787811279297, 649.4359741210938, 27.8057861328125, 29.30853271484375]",0.8192326426506042,1
11108,230618_4-1-2.tif,"[3857.9749145507812, 1322.86328125, 20.7010498046875, 32.923583984375]",0.8192027807235718,1
11109,230618_4-1-2.tif,"[3690.2874145507812, 8262.162719726562, 29.483917236328125, 23.61602783203125]",0.8191646337509155,1
11110,230618_4-1-2.tif,"[8579.719055175781, 8446.233947753906, 16.94970703125, 39.0618896484375]",0.8191573619842529,1
11111,230618_4-1-2.tif,"[7217.584365844727, 4771.28515625, 23.508750915527344, 31.74920654296875]",0.8191080093383789,1
11112,230618_4-1-2.tif,"[8395.853790283203, 7546.611267089844, 17.202392578125, 37.62762451171875]",0.8190428018569946,1
11113,230618_4-1-2.tif,"[3679.127914428711, 5882.368240356445, 31.064834594726562, 19.611312866210938]",0.818952739238739,1
11114,230618_4-1-2.tif,"[4094.948944091797, 2734.3817443847656, 32.88981628417969, 20.282058715820312]",0.8188872933387756,1
11115,230618_4-1-2.tif,"[7452.459655761719, 3116.522705078125, 23.77276611328125, 34.8814697265625]",0.8188797831535339,1
11116,230618_4-1-2.tif,"[4615.491188049316, 59.368778228759766, 34.833396911621094, 22.472896575927734]",0.8188797831535339,1
11117,230618_4-1-2.tif,"[2308.2197265625, 8044.265350341797, 35.6302490234375, 18.44873046875]",0.8188675045967102,1
11118,230618_4-1-2.tif,"[2241.0745391845703, 6336.745880126953, 25.2308349609375, 32.62939453125]",0.8188444972038269,1
11119,230618_4-1-2.tif,"[2481.2772216796875, 3635.0576171875, 30.59674072265625, 28.17840576171875]",0.818760335445404,1
11120,230618_4-1-2.tif,"[2051.4447021484375, 494.654296875, 20.616416931152344, 36.75539779663086]",0.8187435865402222,1
11121,230618_4-1-2.tif,"[5716.966583251953, 4963.162170410156, 35.3443603515625, 16.3177490234375]",0.8187217712402344,1
11122,230618_4-1-2.tif,"[999.6251831054688, 2984.924102783203, 32.98799133300781, 28.201751708984375]",0.8187042474746704,1
11123,230618_4-1-2.tif,"[3030.5791015625, 3299.9317932128906, 29.50653076171875, 25.26702880859375]",0.8186546564102173,1
11124,230618_4-1-2.tif,"[6042.039367675781, 8262.412963867188, 29.01129150390625, 22.79052734375]",0.8186304569244385,1
11125,230618_4-1-2.tif,"[6395.676986694336, 8390.810729980469, 15.161636352539062, 37.06109619140625]",0.8185057044029236,1
11126,230618_4-1-2.tif,"[5287.909240722656, 4636.6981201171875, 27.1163330078125, 28.0943603515625]",0.8184804916381836,1
11127,230618_4-1-2.tif,"[5772.941711425781, 7977.7347412109375, 20.78338623046875, 32.4466552734375]",0.8184796571731567,1
11128,230618_4-1-2.tif,"[4094.8846435546875, 9934.558959960938, 28.001953125, 30.264404296875]",0.8184733390808105,1
11129,230618_4-1-2.tif,"[7085.313903808594, 4755.464218139648, 31.81597900390625, 26.3258056640625]",0.8184394836425781,1
11130,230618_4-1-2.tif,"[5462.119201660156, 1089.6190185546875, 30.007080078125, 30.186279296875]",0.8183479309082031,1
11131,230618_4-1-2.tif,"[5780.437225341797, 8254.405670166016, 30.302337646484375, 24.171722412109375]",0.8183309435844421,1
11132,230618_4-1-2.tif,"[5191.2330322265625, 5652.67403793335, 33.71240234375, 23.223487854003906]",0.8183262944221497,1
11133,230618_4-1-2.tif,"[2550.3345642089844, 8293.904907226562, 34.58816909790039, 21.4605712890625]",0.8182278871536255,1
11134,230618_4-1-2.tif,"[5774.275482177734, 1278.3102111816406, 30.28387451171875, 24.68292236328125]",0.8182136416435242,1
11135,230618_4-1-2.tif,"[2773.0708618164062, 5332.668609619141, 33.49188232421875, 22.56103515625]",0.8181412816047668,1
11136,230618_4-1-2.tif,"[4307.635528564453, 909.00048828125, 27.89666748046875, 24.701904296875]",0.8180862069129944,1
11137,230618_4-1-2.tif,"[3325.074691772461, 2050.878173828125, 36.72999572753906, 18.28515625]",0.8180612921714783,1
11138,230618_4-1-2.tif,"[9058.146484375, 1214.3804016113281, 39.8682861328125, 22.478271484375]",0.8179016709327698,1
11139,230618_4-1-2.tif,"[5908.499267578125, 1294.0840454101562, 24.41650390625, 31.15850830078125]",0.8178656101226807,1
11140,230618_4-1-2.tif,"[5172.723594665527, 3285.2984313964844, 22.973892211914062, 35.5181884765625]",0.8178538084030151,1
11141,230618_4-1-2.tif,"[2027.732177734375, 9947.734313964844, 29.309898376464844, 40.63507080078125]",0.8178520798683167,1
11142,230618_4-1-2.tif,"[5388.329833984375, 1952.9884643554688, 32.09930419921875, 27.20343017578125]",0.817812442779541,1
11143,230618_4-1-2.tif,"[1522.892822265625, 8699.3388671875, 38.130239486694336, 20.161444664001465]",0.8177947998046875,1
11144,230618_4-1-2.tif,"[5241.05419921875, 7891.381698608398, 25.2244873046875, 32.297698974609375]",0.8176628947257996,1
11145,230618_4-1-2.tif,"[6854.212707519531, 4996.933837890625, 22.302337646484375, 33.9632568359375]",0.8176342248916626,1
11146,230618_4-1-2.tif,"[308.12322998046875, 7343.300384521484, 29.53350830078125, 22.14874267578125]",0.817628800868988,1
11147,230618_4-1-2.tif,"[6327.720794677734, 3646.82373046875, 32.589324951171875, 23.712158203125]",0.8176171183586121,1
11148,230618_4-1-2.tif,"[5202.3134765625, 3496.3182983398438, 20.546630859375, 39.82977294921875]",0.8175504207611084,1
11149,230618_4-1-2.tif,"[5660.15869140625, 1174.9356079101562, 16.21240234375, 33.170379638671875]",0.817465603351593,1
11150,230618_4-1-2.tif,"[4629.781187057495, 7017.833068847656, 36.28412055969238, 17.5982666015625]",0.8173691630363464,1
11151,230618_4-1-2.tif,"[5643.7178955078125, 9498.01528930664, 30.8409423828125, 26.8082275390625]",0.8172901272773743,1
11152,230618_4-1-2.tif,"[3303.3736572265625, 1838.3831481933594, 28.373321533203125, 25.9493408203125]",0.8172225952148438,1
11153,230618_4-1-2.tif,"[7490.087097167969, 2260.2351684570312, 35.08319091796875, 18.9228515625]",0.8171787858009338,1
11154,230618_4-1-2.tif,"[4586.207458496094, 3985.000457763672, 20.34326171875, 34.1575927734375]",0.817073404788971,1
11155,230618_4-1-2.tif,"[2608.3442993164062, 9016.64013671875, 35.30572509765625, 19.6146240234375]",0.816983163356781,1
11156,230618_4-1-2.tif,"[8982.832763671875, 8400.557159423828, 33.8438720703125, 18.24578857421875]",0.8169476389884949,1
11157,230618_4-1-2.tif,"[6562.1868896484375, 5622.2965087890625, 29.9322509765625, 28.391849517822266]",0.8169188499450684,1
11158,230618_4-1-2.tif,"[337.5115051269531, 2585.35302734375, 26.09832763671875, 25.975341796875]",0.8168879151344299,1
11159,230618_4-1-2.tif,"[1150.5768280029297, 6376.906890869141, 18.406280517578125, 35.774658203125]",0.816855788230896,1
11160,230618_4-1-2.tif,"[2963.2535095214844, 9778.153198242188, 35.52435302734375, 20.2923583984375]",0.8168365359306335,1
11161,230618_4-1-2.tif,"[5308.072692871094, 8643.242980957031, 38.51214599609375, 17.0819091796875]",0.8168343901634216,1
11162,230618_4-1-2.tif,"[4400.070861816406, 6333.476959228516, 36.482177734375, 17.32806396484375]",0.8167945742607117,1
11163,230618_4-1-2.tif,"[424.05438232421875, 6059.633514404297, 33.494140625, 16.340576171875]",0.8167605400085449,1
11164,230618_4-1-2.tif,"[5455.333557128906, 3228.5401458740234, 30.6087646484375, 28.20782470703125]",0.8167016506195068,1
11165,230618_4-1-2.tif,"[92.3468017578125, 6650.383056640625, 16.805999755859375, 35.003662109375]",0.816683828830719,1
11166,230618_4-1-2.tif,"[6198.589645385742, 4987.460479736328, 33.525421142578125, 16.358917236328125]",0.8166792392730713,1
11167,230618_4-1-2.tif,"[4881.144927978516, 116.88052368164062, 30.34075927734375, 23.16949462890625]",0.8166492581367493,1
11168,230618_4-1-2.tif,"[4713.9482421875, 9509.391784667969, 36.148895263671875, 20.08941650390625]",0.8166486620903015,1
11169,230618_4-1-2.tif,"[2532.2221069335938, 8551.848999023438, 40.97464561462402, 19.521484375]",0.8165304064750671,1
11170,230618_4-1-2.tif,"[5012.4857177734375, 7774.843994140625, 35.647705078125, 20.759002685546875]",0.8165008425712585,1
11171,230618_4-1-2.tif,"[8066.672607421875, 3818.5138549804688, 18.0721435546875, 37.8275146484375]",0.8164322376251221,1
11172,230618_4-1-2.tif,"[5387.350677490234, 7113.087554931641, 20.8819580078125, 31.590087890625]",0.8163912892341614,1
11173,230618_4-1-2.tif,"[2353.7774658203125, 817.6121215820312, 27.47998046875, 23.79638671875]",0.8163904547691345,1
11174,230618_4-1-2.tif,"[9684.050598144531, 7202.8070068359375, 21.962890625, 32.05293273925781]",0.8163755536079407,1
11175,230618_4-1-2.tif,"[5801.893417358398, 5604.848388671875, 26.833389282226562, 35.46450614929199]",0.8162826895713806,1
11176,230618_4-1-2.tif,"[1055.494140625, 8694.735870361328, 23.868236541748047, 30.296247482299805]",0.8162150979042053,1
11177,230618_4-1-2.tif,"[9072.552703857422, 782.4674072265625, 24.8336181640625, 32.084228515625]",0.8161935806274414,1
11178,230618_4-1-2.tif,"[4278.81169128418, 8371.100540161133, 28.73681640625, 29.261322021484375]",0.8161637187004089,1
11179,230618_4-1-2.tif,"[6272.148727416992, 2477.1961364746094, 34.187896728515625, 24.51202392578125]",0.8160740733146667,1
11180,230618_4-1-2.tif,"[5593.226165771484, 7323.928131103516, 35.09619140625, 19.090545654296875]",0.8160561919212341,1
11181,230618_4-1-2.tif,"[6395.909469604492, 9754.430419921875, 25.138565063476562, 33.717529296875]",0.816010057926178,1
11182,230618_4-1-2.tif,"[7371.080596923828, 8172.636535644531, 24.5284423828125, 30.724853515625]",0.8159917593002319,1
11183,230618_4-1-2.tif,"[6076.523712158203, 9292.240478515625, 37.19378662109375, 25.24169921875]",0.8159760236740112,1
11184,230618_4-1-2.tif,"[2325.7926025390625, 542.5704345703125, 35.12506103515625, 17.77808380126953]",0.8159642815589905,1
11185,230618_4-1-2.tif,"[5867.462829589844, 8643.131225585938, 18.77203369140625, 37.452392578125]",0.8157622218132019,1
11186,230618_4-1-2.tif,"[7145.139221191406, 2859.436279296875, 18.9168701171875, 34.2010498046875]",0.8156573176383972,1
11187,230618_4-1-2.tif,"[9791.661071777344, 7499.692718505859, 29.62188720703125, 25.03546142578125]",0.8154977560043335,1
11188,230618_4-1-2.tif,"[4794.698425292969, 6372.7257080078125, 29.8924560546875, 29.063232421875]",0.8154916763305664,1
11189,230618_4-1-2.tif,"[8006.7213134765625, 2729.8206787109375, 31.778564453125, 27.76971435546875]",0.8154758810997009,1
11190,230618_4-1-2.tif,"[6414.3953857421875, 4017.0067443847656, 34.3291015625, 20.92889404296875]",0.8154274821281433,1
11191,230618_4-1-2.tif,"[3687.020751953125, 8363.276763916016, 32.353302001953125, 28.85491943359375]",0.8154155611991882,1
11192,230618_4-1-2.tif,"[6249.471618652344, 267.8896179199219, 25.443389892578125, 32.121002197265625]",0.8153153657913208,1
11193,230618_4-1-2.tif,"[9632.349609375, 6834.990081787109, 40.6790771484375, 17.25006103515625]",0.8153100609779358,1
11194,230618_4-1-2.tif,"[5608.971862792969, 3020.032684326172, 22.813720703125, 33.61065673828125]",0.8152753114700317,1
11195,230618_4-1-2.tif,"[374.74114990234375, 5240.186767578125, 35.313720703125, 32.098968505859375]",0.8150461912155151,1
11196,230618_4-1-2.tif,"[3928.32177734375, 7593.675231933594, 29.3321533203125, 30.46435546875]",0.8150360584259033,1
11197,230618_4-1-2.tif,"[5724.265228271484, 4125.721435546875, 34.584716796875, 34.00439453125]",0.8150039911270142,1
11198,230618_4-1-2.tif,"[8644.597290039062, 2804.601043701172, 39.6624755859375, 22.9217529296875]",0.8149881958961487,1
11199,230618_4-1-2.tif,"[3150.8009490966797, 4889.39208984375, 21.531143188476562, 33.31005859375]",0.8149343132972717,1
11200,230618_4-1-2.tif,"[2976.1084594726562, 215.21920776367188, 28.07421875, 34.0986328125]",0.8149036169052124,1
11201,230618_4-1-2.tif,"[9804.313110351562, 7584.468200683594, 15.8409423828125, 37.5213623046875]",0.8148532509803772,1
11202,230618_4-1-2.tif,"[4162.8460693359375, 5658.4735107421875, 16.166259765625, 29.685501098632812]",0.814768373966217,1
11203,230618_4-1-2.tif,"[6828.659255981445, 7667.936950683594, 35.25386047363281, 20.113149642944336]",0.8147643208503723,1
11204,230618_4-1-2.tif,"[4599.495544433594, 8820.905151367188, 26.770263671875, 37.61387634277344]",0.8147616982460022,1
11205,230618_4-1-2.tif,"[2163.8850860595703, 9924.81591796875, 28.794189453125, 31.62005615234375]",0.8146907091140747,1
11206,230618_4-1-2.tif,"[8146.7724609375, 485.5989990234375, 24.89739990234375, 34.41354560852051]",0.8146897554397583,1
11207,230618_4-1-2.tif,"[2562.5835571289062, 6492.830963134766, 27.39963722229004, 35.23419189453125]",0.8146882057189941,1
11208,230618_4-1-2.tif,"[8476.547607421875, 2471.5267639160156, 27.03466796875, 33.6771240234375]",0.8146738409996033,1
11209,230618_4-1-2.tif,"[8942.216857910156, 942.935791015625, 29.08941650390625, 27.17822265625]",0.8145939707756042,1
11210,230618_4-1-2.tif,"[7788.622985839844, 7226.552284240723, 27.661483764648438, 35.036155700683594]",0.8145595788955688,1
11211,230618_4-1-2.tif,"[4402.791259765625, 8194.267303466797, 21.67828369140625, 36.51678466796875]",0.8145027756690979,1
11212,230618_4-1-2.tif,"[3326.9973754882812, 7646.376892089844, 36.6748046875, 21.23681640625]",0.8144993185997009,1
11213,230618_4-1-2.tif,"[5619.151062011719, 5373.678314208984, 27.381942749023438, 32.276275634765625]",0.8144910931587219,1
11214,230618_4-1-2.tif,"[7608.5751953125, 573.5029907226562, 32.62109375, 19.5047607421875]",0.8143730759620667,1
11215,230618_4-1-2.tif,"[6953.538635253906, 7993.8779296875, 18.7181396484375, 39.928466796875]",0.8143494725227356,1
11216,230618_4-1-2.tif,"[3306.3028259277344, 2613.8666458129883, 21.6820068359375, 35.36418151855469]",0.8143472671508789,1
11217,230618_4-1-2.tif,"[5868.203887939453, 3207.6104583740234, 31.863372802734375, 26.418853759765625]",0.8143125176429749,1
11218,230618_4-1-2.tif,"[4153.1314697265625, 4993.597351074219, 23.863677978515625, 33.08990478515625]",0.8143024444580078,1
11219,230618_4-1-2.tif,"[4095.4563598632812, 8860.237106323242, 24.4119873046875, 36.20069885253906]",0.8142749667167664,1
11220,230618_4-1-2.tif,"[4855.40153503418, 1838.3980712890625, 23.646377563476562, 35.32623291015625]",0.8142735362052917,1
11221,230618_4-1-2.tif,"[8135.643890380859, 2316.4740600585938, 31.682861328125, 28.1083984375]",0.8142644762992859,1
11222,230618_4-1-2.tif,"[6410.326843261719, 9236.761108398438, 25.5635986328125, 36.49951171875]",0.8141985535621643,1
11223,230618_4-1-2.tif,"[9184.758972167969, 154.37673950195312, 28.89111328125, 27.9674072265625]",0.8141618967056274,1
11224,230618_4-1-2.tif,"[5672.6523361206055, 2034.050048828125, 38.41835021972656, 24.78946876525879]",0.8141545653343201,1
11225,230618_4-1-2.tif,"[1354.4107666015625, 9567.999816894531, 34.3411865234375, 21.1240234375]",0.8141360282897949,1
11226,230618_4-1-2.tif,"[8795.056938171387, 2099.861957550049, 23.10492706298828, 37.39768600463867]",0.8140504956245422,1
11227,230618_4-1-2.tif,"[4524.439208984375, 1190.2785186767578, 32.2808837890625, 21.1834716796875]",0.8140393495559692,1
11228,230618_4-1-2.tif,"[2700.035354614258, 7017.348571777344, 31.353271484375, 25.2115478515625]",0.8139863014221191,1
11229,230618_4-1-2.tif,"[343.546630859375, 2890.603759765625, 19.6534423828125, 35.888427734375]",0.8138672709465027,1
11230,230618_4-1-2.tif,"[3624.5371170043945, 1781.1319732666016, 24.77008819580078, 26.980819702148438]",0.8138300180435181,1
11231,230618_4-1-2.tif,"[4660.873626708984, 3305.16015625, 29.620925903320312, 26.591796875]",0.813786506652832,1
11232,230618_4-1-2.tif,"[4288.105010986328, 9124.092590332031, 32.13134765625, 24.3541259765625]",0.8137402534484863,1
11233,230618_4-1-2.tif,"[3717.8360595703125, 2009.0033569335938, 29.91229248046875, 34.04736328125]",0.8136476278305054,1
11234,230618_4-1-2.tif,"[9531.159729003906, 167.17950439453125, 19.352783203125, 36.87274169921875]",0.813622236251831,1
11235,230618_4-1-2.tif,"[3056.7031860351562, 8018.430725097656, 34.116071701049805, 19.0716552734375]",0.8134797215461731,1
11236,230618_4-1-2.tif,"[3734.221710205078, 9639.898986816406, 28.35528564453125, 32.2181396484375]",0.8134443759918213,1
11237,230618_4-1-2.tif,"[7617.785400390625, 8466.446472167969, 23.3267822265625, 35.53704833984375]",0.8134185075759888,1
11238,230618_4-1-2.tif,"[8666.471923828125, 9146.360717773438, 23.9180908203125, 37.933837890625]",0.8134052157402039,1
11239,230618_4-1-2.tif,"[1711.2692260742188, 5595.194030761719, 34.183837890625, 21.92578125]",0.8133648037910461,1
11240,230618_4-1-2.tif,"[2981.60107421875, 8297.944442749023, 19.9822998046875, 38.24371337890625]",0.8131754994392395,1
11241,230618_4-1-2.tif,"[3124.48624420166, 8139.804931640625, 17.960113525390625, 35.178466796875]",0.8131565451622009,1
11242,230618_4-1-2.tif,"[4983.8701171875, 3119.3770751953125, 24.96881103515625, 32.672607421875]",0.8130975365638733,1
11243,230618_4-1-2.tif,"[6238.359802246094, 1696.3369750976562, 21.071319580078125, 35.43560791015625]",0.8130930662155151,1
11244,230618_4-1-2.tif,"[4655.446624755859, 4581.127197265625, 25.91015625, 27.31298828125]",0.81307452917099,1
11245,230618_4-1-2.tif,"[6912.45556640625, 1368.4243469238281, 35.556884765625, 25.36224365234375]",0.8130713105201721,1
11246,230618_4-1-2.tif,"[7842.843460083008, 4615.663818359375, 21.328689575195312, 35.56654739379883]",0.8130172491073608,1
11247,230618_4-1-2.tif,"[6139.549774169922, 7652.608459472656, 20.829259872436523, 33.94144821166992]",0.8130030632019043,1
11248,230618_4-1-2.tif,"[2978.1575317382812, 1191.7074584960938, 34.380615234375, 22.539794921875]",0.8129949569702148,1
11249,230618_4-1-2.tif,"[5694.9874267578125, 1507.63037109375, 30.1304931640625, 34.27048349380493]",0.8129096627235413,1
11250,230618_4-1-2.tif,"[3536.108642578125, 2668.403518676758, 22.4029541015625, 31.481536865234375]",0.8128316402435303,1
11251,230618_4-1-2.tif,"[2595.0710525512695, 319.0549621582031, 22.583847045898438, 33.47015380859375]",0.8127840161323547,1
11252,230618_4-1-2.tif,"[1312.828369140625, 3828.675796508789, 18.74755859375, 35.75645446777344]",0.812771737575531,1
11253,230618_4-1-2.tif,"[4855.192047119141, 5365.76513671875, 24.14996337890625, 33.64794921875]",0.8127707242965698,1
11254,230618_4-1-2.tif,"[2932.8933715820312, 1588.5567321777344, 33.056304931640625, 18.253204345703125]",0.8127641677856445,1
11255,230618_4-1-2.tif,"[781.4260864257812, 8193.956453323364, 32.9969482421875, 28.023283004760742]",0.8127590417861938,1
11256,230618_4-1-2.tif,"[8524.814453125, 8582.266662597656, 28.302734375, 19.84234619140625]",0.8127526640892029,1
11257,230618_4-1-2.tif,"[4481.011657714844, 6787.135345458984, 24.74560546875, 30.51263427734375]",0.8126865029335022,1
11258,230618_4-1-2.tif,"[7555.142517089844, 4895.690979003906, 33.04248046875, 25.752685546875]",0.8126623630523682,1
11259,230618_4-1-2.tif,"[6334.266464233398, 9017.075469970703, 32.6976318359375, 30.0228271484375]",0.8126356601715088,1
11260,230618_4-1-2.tif,"[6266.462829589844, 9379.259643554688, 17.617919921875, 44.57940673828125]",0.8126179575920105,1
11261,230618_4-1-2.tif,"[4178.743728637695, 4050.7367553710938, 17.347747802734375, 37.61639404296875]",0.8126012682914734,1
11262,230618_4-1-2.tif,"[3855.6492309570312, 7756.335388183594, 31.473388671875, 18.796836853027344]",0.8125341534614563,1
11263,230618_4-1-2.tif,"[3067.592010498047, 2713.6961212158203, 37.085723876953125, 18.978668212890625]",0.812533438205719,1
11264,230618_4-1-2.tif,"[2413.3755798339844, 5093.34033203125, 31.724578857421875, 33.09595060348511]",0.8125295042991638,1
11265,230618_4-1-2.tif,"[7169.827833175659, 1086.1323852539062, 19.02525520324707, 35.1036376953125]",0.8125232458114624,1
11266,230618_4-1-2.tif,"[6434.524169921875, 1552.348690032959, 31.3548583984375, 24.921207427978516]",0.8125197887420654,1
11267,230618_4-1-2.tif,"[2078.9318675994873, 9526.175964355469, 35.735429763793945, 30.79010009765625]",0.8124779462814331,1
11268,230618_4-1-2.tif,"[3247.0532989501953, 7383.372131347656, 29.13739013671875, 32.077911376953125]",0.8124241828918457,1
11269,230618_4-1-2.tif,"[6917.18798828125, 608.6679077148438, 20.5645751953125, 37.84593200683594]",0.8123776912689209,1
11270,230618_4-1-2.tif,"[4168.6962890625, 2585.3749923706055, 36.6806640625, 20.660232543945312]",0.8123654127120972,1
11271,230618_4-1-2.tif,"[3851.1328125, 404.95001220703125, 16.81500244140625, 34.3729248046875]",0.8123317360877991,1
11272,230618_4-1-2.tif,"[4745.727569580078, 9794.890563964844, 19.1414794921875, 31.4627685546875]",0.8123040795326233,1
11273,230618_4-1-2.tif,"[5542.354431152344, 2498.5621948242188, 39.08740234375, 19.92132568359375]",0.8122690320014954,1
11274,230618_4-1-2.tif,"[1594.5435180664062, 1897.0357055664062, 27.525146484375, 30.7630615234375]",0.8122659921646118,1
11275,230618_4-1-2.tif,"[4675.7039794921875, 5198.616287231445, 32.058837890625, 25.400680541992188]",0.8122572898864746,1
11276,230618_4-1-2.tif,"[3814.304901123047, 6349.216369628906, 28.960693359375, 21.3819580078125]",0.8122566938400269,1
11277,230618_4-1-2.tif,"[5584.579010009766, 5299.3309326171875, 33.458740234375, 19.148590087890625]",0.812242865562439,1
11278,230618_4-1-2.tif,"[2698.4125366210938, 3970.364990234375, 28.51470947265625, 28.08251953125]",0.8121696710586548,1
11279,230618_4-1-2.tif,"[3120.876396179199, 5893.033508300781, 23.36139678955078, 38.7645263671875]",0.8121635913848877,1
11280,230618_4-1-2.tif,"[4706.650726318359, 6382.704376220703, 21.614532470703125, 32.49615478515625]",0.8121036291122437,1
11281,230618_4-1-2.tif,"[3539.4674072265625, 6159.311555862427, 22.65704345703125, 34.420095443725586]",0.8120663166046143,1
11282,230618_4-1-2.tif,"[6163.46028137207, 198.21755981445312, 18.265548706054688, 38.86064147949219]",0.8120471835136414,1
11283,230618_4-1-2.tif,"[3077.5405616760254, 2625.914566040039, 36.40605926513672, 20.730819702148438]",0.8120450973510742,1
11284,230618_4-1-2.tif,"[61.07828903198242, 3499.168701171875, 20.58719253540039, 39.6915283203125]",0.8120259642601013,1
11285,230618_4-1-2.tif,"[5016.300048828125, 7302.3681640625, 22.6734619140625, 28.35101318359375]",0.8120211362838745,1
11286,230618_4-1-2.tif,"[9675.351379394531, 6977.7371826171875, 29.70001220703125, 21.240234375]",0.811916172504425,1
11287,230618_4-1-2.tif,"[6262.191162109375, 5921.025604248047, 38.06904602050781, 25.374908447265625]",0.811892569065094,1
11288,230618_4-1-2.tif,"[1176.4819030761719, 7387.64697265625, 18.7232666015625, 38.772216796875]",0.8118873238563538,1
11289,230618_4-1-2.tif,"[1479.2274169921875, 1819.1847839355469, 26.4027099609375, 31.380126953125]",0.8118035793304443,1
11290,230618_4-1-2.tif,"[4912.269683837891, 824.5914306640625, 29.89630126953125, 32.96044921875]",0.8117812275886536,1
11291,230618_4-1-2.tif,"[3511.9757080078125, 433.5535888671875, 27.1912841796875, 24.861083984375]",0.8117430806159973,1
11292,230618_4-1-2.tif,"[5664.93017578125, 8730.051635742188, 29.233642578125, 29.22802734375]",0.81174236536026,1
11293,230618_4-1-2.tif,"[6027.500518798828, 355.7279052734375, 19.70416259765625, 32.3609619140625]",0.8117295503616333,1
11294,230618_4-1-2.tif,"[2459.5552368164062, 8776.073196411133, 35.552490234375, 18.466659545898438]",0.8116195797920227,1
11295,230618_4-1-2.tif,"[6960.381774902344, 4538.598205566406, 29.991943359375, 23.7314453125]",0.8115589022636414,1
11296,230618_4-1-2.tif,"[9167.865661621094, 1602.23193359375, 34.1297607421875, 27.05644989013672]",0.8115172386169434,1
11297,230618_4-1-2.tif,"[5894.601257324219, 2937.3749389648438, 35.195068359375, 21.839111328125]",0.8113914728164673,1
11298,230618_4-1-2.tif,"[3202.7425537109375, 4323.307464599609, 31.1923828125, 29.4361572265625]",0.8113904595375061,1
11299,230618_4-1-2.tif,"[715.7343292236328, 6811.8145751953125, 27.800384521484375, 33.2371826171875]",0.8113822937011719,1
11300,230618_4-1-2.tif,"[8322.313201904297, 7248.383285522461, 25.240753173828125, 34.12257385253906]",0.8113265037536621,1
11301,230618_4-1-2.tif,"[5429.3155517578125, 8821.683227539062, 34.6439208984375, 20.5185546875]",0.8113227486610413,1
11302,230618_4-1-2.tif,"[3022.0008544921875, 3039.2913818359375, 26.2564697265625, 30.14453125]",0.8113020062446594,1
11303,230618_4-1-2.tif,"[5956.704650878906, 6870.5411376953125, 32.0191650390625, 16.3330078125]",0.8112569451332092,1
11304,230618_4-1-2.tif,"[6892.347198486328, 6302.897384643555, 16.55523681640625, 34.57958984375]",0.8110109567642212,1
11305,230618_4-1-2.tif,"[2109.1146392822266, 784.7454833984375, 20.713973999023438, 39.95050048828125]",0.8109448552131653,1
11306,230618_4-1-2.tif,"[3385.6251220703125, 5613.138488769531, 17.56781005859375, 31.9449462890625]",0.8108863830566406,1
11307,230618_4-1-2.tif,"[6895.574462890625, 779.6842346191406, 27.52972412109375, 32.711181640625]",0.8108561038970947,1
11308,230618_4-1-2.tif,"[6747.627349853516, 4711.3837890625, 22.374114990234375, 37.231170654296875]",0.8108164668083191,1
11309,230618_4-1-2.tif,"[4844.779998779297, 5619.9439697265625, 34.453338623046875, 17.524170398712158]",0.8108012676239014,1
11310,230618_4-1-2.tif,"[5180.6639404296875, 154.39678955078125, 33.527099609375, 24.47943115234375]",0.8107714056968689,1
11311,230618_4-1-2.tif,"[4613.11079120636, 8492.224304199219, 29.36845302581787, 27.40570068359375]",0.8107303977012634,1
11312,230618_4-1-2.tif,"[2150.947265625, 2022.1082153320312, 30.094497680664062, 22.009979248046875]",0.8107301592826843,1
11313,230618_4-1-2.tif,"[2403.5399475097656, 671.43603515625, 35.7939453125, 18.03875732421875]",0.8106569647789001,1
11314,230618_4-1-2.tif,"[2832.0506591796875, 7817.157989501953, 30.8792724609375, 19.531585693359375]",0.8106446862220764,1
11315,230618_4-1-2.tif,"[2394.566650390625, 5895.63916015625, 18.13604736328125, 39.609375]",0.810457170009613,1
11316,230618_4-1-2.tif,"[2350.6183471679688, 7901.812713623047, 24.8660888671875, 33.50811767578125]",0.810400128364563,1
11317,230618_4-1-2.tif,"[1761.519058227539, 7466.3209228515625, 21.6962890625, 32.69091796875]",0.8103062510490417,1
11318,230618_4-1-2.tif,"[1044.3812255859375, 2912.9676818847656, 31.270416259765625, 26.343505859375]",0.8103033304214478,1
11319,230618_4-1-2.tif,"[9075.613037109375, 8822.33251953125, 39.8370361328125, 21.279266357421875]",0.8102341890335083,1
11320,230618_4-1-2.tif,"[2693.8655395507812, 599.9114990234375, 31.091064453125, 22.36474609375]",0.810183048248291,1
11321,230618_4-1-2.tif,"[8535.917663574219, 2250.0111694335938, 23.2939453125, 35.2806396484375]",0.8101587295532227,1
11322,230618_4-1-2.tif,"[8008.998352050781, 2827.954864501953, 33.84405517578125, 24.744140625]",0.81014484167099,1
11323,230618_4-1-2.tif,"[6399.21533203125, 7546.867004394531, 31.80462646484375, 23.74713134765625]",0.8100385069847107,1
11324,230618_4-1-2.tif,"[148.82896423339844, 750.1759643554688, 16.199310302734375, 35.43157958984375]",0.8099676966667175,1
11325,230618_4-1-2.tif,"[11.936569213867188, 5194.455184936523, 35.493194580078125, 16.827163696289062]",0.8099228143692017,1
11326,230618_4-1-2.tif,"[3543.89501953125, 8025.516448974609, 37.5477294921875, 19.54156494140625]",0.8098975419998169,1
11327,230618_4-1-2.tif,"[6899.376922607422, 8019.3258056640625, 35.10015869140625, 16.5159912109375]",0.8098698258399963,1
11328,230618_4-1-2.tif,"[9148.720489501953, 2112.0889282226562, 38.198486328125, 21.40386962890625]",0.8098350167274475,1
11329,230618_4-1-2.tif,"[4789.0150146484375, 6561.015625, 20.485504150390625, 35.6907958984375]",0.8098258972167969,1
11330,230618_4-1-2.tif,"[4609.625961303711, 3689.7403564453125, 37.31068420410156, 20.142127990722656]",0.8097667098045349,1
11331,230618_4-1-2.tif,"[5112.048095703125, 7246.441955566406, 38.344970703125, 17.9256591796875]",0.809707760810852,1
11332,230618_4-1-2.tif,"[3269.808578491211, 8421.673446655273, 35.29766845703125, 19.07989501953125]",0.8097034096717834,1
11333,230618_4-1-2.tif,"[8968.191680908203, 7631.121337890625, 29.4979248046875, 23.6453857421875]",0.809690535068512,1
11334,230618_4-1-2.tif,"[7062.4476318359375, 1020.4869384765625, 18.6905517578125, 38.010826110839844]",0.8096842169761658,1
11335,230618_4-1-2.tif,"[5421.372314453125, 6041.602600097656, 28.3782958984375, 30.11798095703125]",0.809593141078949,1
11336,230618_4-1-2.tif,"[2031.4046630859375, 2652.4200592041016, 39.74517059326172, 18.880294799804688]",0.8095924258232117,1
11337,230618_4-1-2.tif,"[4209.2569580078125, 8862.713928222656, 26.378448486328125, 32.496551513671875]",0.8095389008522034,1
11338,230618_4-1-2.tif,"[4468.8179931640625, 6960.167785644531, 36.21783447265625, 17.214599609375]",0.809533417224884,1
11339,230618_4-1-2.tif,"[4647.405258178711, 6522.5679931640625, 18.94073486328125, 35.86309814453125]",0.809533417224884,1
11340,230618_4-1-2.tif,"[3210.8169860839844, 9757.282836914062, 33.7991943359375, 28.341064453125]",0.8095114231109619,1
11341,230618_4-1-2.tif,"[6328.867385864258, 8003.991241455078, 17.971466064453125, 39.20635986328125]",0.8094707727432251,1
11342,230618_4-1-2.tif,"[2840.8858947753906, 3388.1956787109375, 36.62933349609375, 16.767333984375]",0.8094475865364075,1
11343,230618_4-1-2.tif,"[7191.336120605469, 4220.160903930664, 18.696823120117188, 34.18096923828125]",0.8094431161880493,1
11344,230618_4-1-2.tif,"[4946.373779296875, 6335.945281982422, 18.2525634765625, 32.80859375]",0.8094242811203003,1
11345,230618_4-1-2.tif,"[5581.736999511719, 6621.9876708984375, 23.29107666015625, 30.4908447265625]",0.8094169497489929,1
11346,230618_4-1-2.tif,"[3872.5776977539062, 8859.82113647461, 30.92657470703125, 26.06829833984375]",0.8093318939208984,1
11347,230618_4-1-2.tif,"[3426.7911376953125, 9023.538452148438, 40.7369384765625, 19.1475830078125]",0.8092965483665466,1
11348,230618_4-1-2.tif,"[3651.3948974609375, 9677.354370117188, 22.29248046875, 35.3939208984375]",0.8092928528785706,1
11349,230618_4-1-2.tif,"[3876.686248779297, 2786.6969604492188, 21.58831787109375, 37.69622802734375]",0.8092713952064514,1
11350,230618_4-1-2.tif,"[6556.329620361328, 5543.5213623046875, 21.33013916015625, 35.1318359375]",0.8090718984603882,1
11351,230618_4-1-2.tif,"[4113.853134155273, 8498.406158447266, 33.24281311035156, 27.16552734375]",0.8090188503265381,1
11352,230618_4-1-2.tif,"[4626.4313316345215, 3826.6871643066406, 23.046817779541016, 36.66387939453125]",0.8090181946754456,1
11353,230618_4-1-2.tif,"[3788.897979736328, 9967.023803710938, 23.584716796875, 32.5621337890625]",0.8090014457702637,1
11354,230618_4-1-2.tif,"[6474.402282714844, 2785.6991577148438, 39.305908203125, 19.4989013671875]",0.8089832663536072,1
11355,230618_4-1-2.tif,"[4993.014404296875, 247.83602905273438, 38.5284423828125, 20.541259765625]",0.8089718222618103,1
11356,230618_4-1-2.tif,"[1624.7252807617188, 8564.997528076172, 31.88819122314453, 24.515838623046875]",0.8089103102684021,1
11357,230618_4-1-2.tif,"[1507.3895263671875, 9931.269165039062, 19.208740234375, 39.3951416015625]",0.8087970614433289,1
11358,230618_4-1-2.tif,"[3323.578826904297, 306.071044921875, 28.19549560546875, 33.5340576171875]",0.8087859153747559,1
11359,230618_4-1-2.tif,"[4905.757354736328, 3626.271095275879, 36.21038818359375, 23.051780700683594]",0.8087528944015503,1
11360,230618_4-1-2.tif,"[5992.993865966797, 9564.104766845703, 38.96368408203125, 20.517913818359375]",0.8086279034614563,1
11361,230618_4-1-2.tif,"[2416.5148315429688, 7239.520576477051, 25.795166015625, 31.279632568359375]",0.808603823184967,1
11362,230618_4-1-2.tif,"[9457.306579589844, 8717.091918945312, 27.12261962890625, 29.81060791015625]",0.8086019158363342,1
11363,230618_4-1-2.tif,"[1394.979248046875, 7880.5679931640625, 25.260009765625, 30.378082275390625]",0.8085436224937439,1
11364,230618_4-1-2.tif,"[2228.453155517578, 5157.28369140625, 33.304229736328125, 29.91064453125]",0.8085436224937439,1
11365,230618_4-1-2.tif,"[3184.3023071289062, 6787.318176269531, 38.685546875, 23.65338134765625]",0.8085340857505798,1
11366,230618_4-1-2.tif,"[3579.29443359375, 6497.156646728516, 34.20741653442383, 21.25152587890625]",0.808529794216156,1
11367,230618_4-1-2.tif,"[6702.015625, 2693.680206298828, 32.38788604736328, 25.6639404296875]",0.8082948923110962,1
11368,230618_4-1-2.tif,"[6389.811248779297, 7757.081069946289, 25.731170654296875, 32.77171325683594]",0.8082600235939026,1
11369,230618_4-1-2.tif,"[8063.5501708984375, 0.1258392333984375, 25.173583984375, 11.76485824584961]",0.808257520198822,1
11370,230618_4-1-2.tif,"[4017.0140991210938, 1746.6354522705078, 26.3209228515625, 34.79852294921875]",0.8082285523414612,1
11371,230618_4-1-2.tif,"[3124.0052032470703, 6865.723937988281, 23.273162841796875, 31.154541015625]",0.8082102537155151,1
11372,230618_4-1-2.tif,"[3206.6463165283203, 1145.602783203125, 42.77671813964844, 23.936630249023438]",0.8082039952278137,1
11373,230618_4-1-2.tif,"[4401.083312988281, 4467.1280517578125, 30.331298828125, 28.7489013671875]",0.8081260919570923,1
11374,230618_4-1-2.tif,"[2339.6134033203125, 1302.4846496582031, 16.43695068359375, 37.27264404296875]",0.8081194758415222,1
11375,230618_4-1-2.tif,"[8790.94970703125, 8491.050079345703, 36.913330078125, 16.659637451171875]",0.808112621307373,1
11376,230618_4-1-2.tif,"[1749.5987548828125, 5541.236083984375, 39.15338134765625, 21.55279541015625]",0.8080686926841736,1
11377,230618_4-1-2.tif,"[2242.0352478027344, 9678.525482177734, 28.082839965820312, 34.76336669921875]",0.8080645799636841,1
11378,230618_4-1-2.tif,"[3971.891357421875, 9248.926513671875, 29.4644775390625, 23.1746826171875]",0.8080402612686157,1
11379,230618_4-1-2.tif,"[4988.124114990234, 9453.501937866211, 25.1719970703125, 35.42631530761719]",0.8080155849456787,1
11380,230618_4-1-2.tif,"[7915.410705566406, 9027.013000488281, 27.2801513671875, 31.830810546875]",0.80799800157547,1
11381,230618_4-1-2.tif,"[9858.731872558594, 1932.5166015625, 17.662841796875, 35.7515869140625]",0.8079304695129395,1
11382,230618_4-1-2.tif,"[701.6431121826172, 6618.286712646484, 29.96539306640625, 25.91839599609375]",0.8078905344009399,1
11383,230618_4-1-2.tif,"[3394.9258422851562, 699.2321166992188, 31.293701171875, 20.22198486328125]",0.807828962802887,1
11384,230618_4-1-2.tif,"[5552.778289794922, 6794.186767578125, 24.9993896484375, 35.13189697265625]",0.8078272938728333,1
11385,230618_4-1-2.tif,"[7794.849426269531, 5552.240234375, 28.108078002929688, 33.35968017578125]",0.8078191876411438,1
11386,230618_4-1-2.tif,"[7342.2314453125, 383.27423095703125, 34.02581787109375, 29.055419921875]",0.8077397346496582,1
11387,230618_4-1-2.tif,"[6086.4700927734375, 5095.4979248046875, 35.4722900390625, 17.914306640625]",0.8077374696731567,1
11388,230618_4-1-2.tif,"[2481.4943237304688, 6592.7174072265625, 38.17681884765625, 22.0980224609375]",0.8077226281166077,1
11389,230618_4-1-2.tif,"[1666.5400085449219, 4526.1231689453125, 16.81427001953125, 39.8623046875]",0.8077048659324646,1
11390,230618_4-1-2.tif,"[4677.797119140625, 7463.8177490234375, 33.7708740234375, 17.6619873046875]",0.8076627850532532,1
11391,230618_4-1-2.tif,"[4616.883117675781, 2371.2998657226562, 28.5914306640625, 34.81591796875]",0.8076088428497314,1
11392,230618_4-1-2.tif,"[9039.087677001953, 1693.4632263183594, 28.45233154296875, 31.16107177734375]",0.8075718283653259,1
11393,230618_4-1-2.tif,"[5447.018951416016, 7628.1295166015625, 21.1578369140625, 37.54931640625]",0.8075627088546753,1
11394,230618_4-1-2.tif,"[5188.049118041992, 8394.961486816406, 17.394851684570312, 38.46875]",0.8075370192527771,1
11395,230618_4-1-2.tif,"[5465.172393798828, 3051.9896850585938, 35.5740966796875, 18.722412109375]",0.8075341582298279,1
11396,230618_4-1-2.tif,"[1628.133560180664, 9000.53955078125, 37.92103576660156, 25.141357421875]",0.8075157999992371,1
11397,230618_4-1-2.tif,"[5056.420227050781, 1410.2061157226562, 32.17138671875, 23.03863525390625]",0.8074706792831421,1
11398,230618_4-1-2.tif,"[7369.1051025390625, 2255.4259643554688, 34.9063720703125, 22.4454345703125]",0.807353138923645,1
11399,230618_4-1-2.tif,"[434.3124694824219, 7667.2412109375, 18.146942138671875, 41.239723205566406]",0.8072918653488159,1
11400,230618_4-1-2.tif,"[6145.472743988037, 7544.696716308594, 19.352947235107422, 39.91888427734375]",0.8071476221084595,1
11401,230618_4-1-2.tif,"[6440.445068359375, 6985.114044189453, 34.759521484375, 24.71142578125]",0.8071283102035522,1
11402,230618_4-1-2.tif,"[9965.879943847656, 94.54537963867188, 21.62744140625, 28.8349609375]",0.8071040511131287,1
11403,230618_4-1-2.tif,"[8018.978454589844, 9411.062805175781, 37.2353515625, 26.34661865234375]",0.8070926666259766,1
11404,230618_4-1-2.tif,"[2053.818603515625, 8697.663757324219, 36.63140869140625, 21.189342498779297]",0.8070796132087708,1
11405,230618_4-1-2.tif,"[1917.3911743164062, 4508.911712646484, 37.8253173828125, 19.3438720703125]",0.8070184588432312,1
11406,230618_4-1-2.tif,"[1512.7059326171875, 6007.605865478516, 33.17999267578125, 16.62615966796875]",0.806964099407196,1
11407,230618_4-1-2.tif,"[3209.926467895508, 5355.268157958984, 32.74945068359375, 24.317413330078125]",0.8069581389427185,1
11408,230618_4-1-2.tif,"[5852.901519775391, 9952.77099609375, 33.54339599609375, 24.32373046875]",0.8069549798965454,1
11409,230618_4-1-2.tif,"[6227.179534912109, 5132.1942138671875, 35.813262939453125, 17.64697265625]",0.8069453239440918,1
11410,230618_4-1-2.tif,"[4923.791687011719, 4428.630187988281, 34.4886474609375, 19.53680419921875]",0.8069449663162231,1
11411,230618_4-1-2.tif,"[4693.287658691406, 1392.4346008300781, 28.745361328125, 29.367584228515625]",0.8068891763687134,1
11412,230618_4-1-2.tif,"[2121.730911254883, 1498.69775390625, 20.620819091796875, 29.1492919921875]",0.8068621158599854,1
11413,230618_4-1-2.tif,"[1763.7703857421875, 9146.412780761719, 30.9896240234375, 23.0511474609375]",0.8068603277206421,1
11414,230618_4-1-2.tif,"[1050.1429824829102, 6449.12744140625, 17.294151306152344, 35.72576904296875]",0.806721031665802,1
11415,230618_4-1-2.tif,"[6203.1390380859375, 6378.137359619141, 18.926513671875, 40.5819091796875]",0.8067024946212769,1
11416,230618_4-1-2.tif,"[6440.585205078125, 1325.9015197753906, 33.3731689453125, 23.53521728515625]",0.806685209274292,1
11417,230618_4-1-2.tif,"[7116.248107910156, 3737.886962890625, 22.810791015625, 41.800567626953125]",0.8066752552986145,1
11418,230618_4-1-2.tif,"[6597.217590332031, 8378.31674194336, 35.4930419921875, 23.16729736328125]",0.8066307306289673,1
11419,230618_4-1-2.tif,"[2661.26806640625, 6216.5819091796875, 25.350341796875, 38.13037109375]",0.8066301941871643,1
11420,230618_4-1-2.tif,"[5754.1451416015625, 4055.8164978027344, 23.63031005859375, 41.123565673828125]",0.8065786957740784,1
11421,230618_4-1-2.tif,"[3307.4777221679688, 7796.449996948242, 20.253433227539062, 38.616851806640625]",0.8065581321716309,1
11422,230618_4-1-2.tif,"[2177.213150024414, 6727.698913574219, 33.69929504394531, 17.951141357421875]",0.8065540194511414,1
11423,230618_4-1-2.tif,"[2186.827667236328, 7710.2772216796875, 18.13995361328125, 35.68701171875]",0.8064908981323242,1
11424,230618_4-1-2.tif,"[1703.9803466796875, 462.31011962890625, 29.7978515625, 27.05853271484375]",0.8064774870872498,1
11425,230618_4-1-2.tif,"[4604.5115966796875, 5471.001525878906, 35.6419563293457, 20.8487548828125]",0.8064665198326111,1
11426,230618_4-1-2.tif,"[1816.0161743164062, 1546.7149658203125, 34.11383056640625, 23.880859375]",0.8064402937889099,1
11427,230618_4-1-2.tif,"[5679.266937255859, 5977.471923828125, 19.644058227539062, 36.91278076171875]",0.806434690952301,1
11428,230618_4-1-2.tif,"[678.2835388183594, 6304.6434326171875, 36.634368896484375, 18.8023681640625]",0.8064160346984863,1
11429,230618_4-1-2.tif,"[5651.838817596436, 2136.2957763671875, 19.618350982666016, 39.504547119140625]",0.8064150214195251,1
11430,230618_4-1-2.tif,"[2996.913818359375, 5551.154479980469, 19.50634765625, 42.66162109375]",0.8064082860946655,1
11431,230618_4-1-2.tif,"[3433.9117126464844, 2841.8356018066406, 31.14495849609375, 28.809814453125]",0.8063881993293762,1
11432,230618_4-1-2.tif,"[1634.202880859375, 1719.6024627685547, 25.59228515625, 33.795318603515625]",0.8063830137252808,1
11433,230618_4-1-2.tif,"[249.0811767578125, 5143.8917236328125, 18.64794921875, 34.694175720214844]",0.8063716888427734,1
11434,230618_4-1-2.tif,"[7475.4873046875, 4316.901428222656, 39.32177734375, 21.371490478515625]",0.8062964081764221,1
11435,230618_4-1-2.tif,"[3668.4794921875, 2974.47705078125, 26.739501953125, 25.918212890625]",0.8061729073524475,1
11436,230618_4-1-2.tif,"[5596.954162597656, 6153.0521240234375, 34.11737060546875, 26.96298599243164]",0.8061301708221436,1
11437,230618_4-1-2.tif,"[6971.138916015625, 8305.708633422852, 23.72900390625, 35.3909912109375]",0.8061149716377258,1
11438,230618_4-1-2.tif,"[2747.4437561035156, 3804.3897399902344, 30.622314453125, 25.10504150390625]",0.8060614466667175,1
11439,230618_4-1-2.tif,"[6037.518859863281, 4978.892822265625, 35.1856689453125, 17.9921875]",0.8060538172721863,1
11440,230618_4-1-2.tif,"[1804.4898986816406, 6329.385650634766, 23.19720458984375, 27.40191650390625]",0.8060312867164612,1
11441,230618_4-1-2.tif,"[8319.093116760254, 7292.336311340332, 26.11785125732422, 30.60124969482422]",0.8060261011123657,1
11442,230618_4-1-2.tif,"[2500.5079956054688, 3275.1338806152344, 33.2728271484375, 14.97552490234375]",0.805993914604187,1
11443,230618_4-1-2.tif,"[4583.904113769531, 4652.090667724609, 18.25048828125, 35.17298126220703]",0.8058938384056091,1
11444,230618_4-1-2.tif,"[2812.8818359375, 5123.8330078125, 35.9342041015625, 20.441635131835938]",0.8058714866638184,1
11445,230618_4-1-2.tif,"[4688.961441040039, 6708.643135070801, 33.10247802734375, 22.175140380859375]",0.8058339953422546,1
11446,230618_4-1-2.tif,"[4853.884948730469, 6452.988494873047, 21.050537109375, 38.44140625]",0.8058093786239624,1
11447,230618_4-1-2.tif,"[2954.2793579101562, 733.9552917480469, 25.7967529296875, 27.94207763671875]",0.8057857751846313,1
11448,230618_4-1-2.tif,"[4149.1160888671875, 1027.048583984375, 18.413040161132812, 34.580810546875]",0.805732250213623,1
11449,230618_4-1-2.tif,"[4667.231948852539, 7282.328468322754, 32.05906677246094, 30.941322326660156]",0.8057304620742798,1
11450,230618_4-1-2.tif,"[8166.6748046875, 7980.1011962890625, 26.9456787109375, 26.34649658203125]",0.8057293891906738,1
11451,230618_4-1-2.tif,"[1681.1196594238281, 7882.977935791016, 18.90838623046875, 35.038116455078125]",0.8056774139404297,1
11452,230618_4-1-2.tif,"[2799.4353637695312, 6480.839050292969, 24.96246337890625, 31.0631103515625]",0.8056381344795227,1
11453,230618_4-1-2.tif,"[130.3445587158203, 4529.3753662109375, 17.646575927734375, 38.3857421875]",0.805544376373291,1
11454,230618_4-1-2.tif,"[3104.1048583984375, 7231.364517211914, 35.8260498046875, 25.837753295898438]",0.8054587244987488,1
11455,230618_4-1-2.tif,"[7394.683624267578, 3510.3799438476562, 21.548828125, 34.5875244140625]",0.8054516911506653,1
11456,230618_4-1-2.tif,"[1708.4562377929688, 1379.968994140625, 34.4522705078125, 19.7449951171875]",0.8053853511810303,1
11457,230618_4-1-2.tif,"[4794.835876464844, 5823.209167480469, 16.797119140625, 36.21978759765625]",0.8053602576255798,1
11458,230618_4-1-2.tif,"[8915.534576416016, 1056.7000732421875, 30.646148681640625, 29.089859008789062]",0.8052853345870972,1
11459,230618_4-1-2.tif,"[2600.106414794922, 7187.5810546875, 18.035255432128906, 34.0159912109375]",0.8052518367767334,1
11460,230618_4-1-2.tif,"[7746.611763000488, 3899.1234436035156, 28.107696533203125, 31.14434814453125]",0.8051683902740479,1
11461,230618_4-1-2.tif,"[2835.910888671875, 6368.401062011719, 22.0438232421875, 33.84014892578125]",0.8051496744155884,1
11462,230618_4-1-2.tif,"[8250.206428527832, 8844.400512695312, 15.427238464355469, 34.081756591796875]",0.8051354289054871,1
11463,230618_4-1-2.tif,"[4455.179992675781, 6440.264831542969, 38.000732421875, 22.3023681640625]",0.8051255345344543,1
11464,230618_4-1-2.tif,"[6301.868377685547, 1352.712646484375, 35.52203369140625, 23.5146484375]",0.8051058650016785,1
11465,230618_4-1-2.tif,"[539.4468994140625, 5360.494415283203, 32.734954833984375, 20.559539794921875]",0.8050338625907898,1
11466,230618_4-1-2.tif,"[3155.4417724609375, 2569.6179389953613, 40.12348175048828, 18.694869995117188]",0.8050156235694885,1
11467,230618_4-1-2.tif,"[4892.2291259765625, 2489.0430603027344, 20.701904296875, 32.42169189453125]",0.8049865365028381,1
11468,230618_4-1-2.tif,"[6183.462127685547, 7844.6209716796875, 37.30113220214844, 21.706207275390625]",0.8049551248550415,1
11469,230618_4-1-2.tif,"[3081.2034301757812, 7727.452392578125, 18.1358642578125, 34.7196044921875]",0.8049291968345642,1
11470,230618_4-1-2.tif,"[6564.646179199219, 665.1667633056641, 23.417236328125, 28.48541259765625]",0.8048137426376343,1
11471,230618_4-1-2.tif,"[9838.2314453125, 7824.466156005859, 18.0714111328125, 36.5880126953125]",0.8047897815704346,1
11472,230618_4-1-2.tif,"[3534.23974609375, 131.31655883789062, 17.737060546875, 32.49493408203125]",0.8047861456871033,1
11473,230618_4-1-2.tif,"[6908.71940612793, 1288.9438781738281, 18.626968383789062, 35.74639892578125]",0.8047622442245483,1
11474,230618_4-1-2.tif,"[6671.6231689453125, 9334.783081054688, 27.496273040771484, 42.818241119384766]",0.8047041893005371,1
11475,230618_4-1-2.tif,"[7612.5240478515625, 3079.481346130371, 32.353759765625, 16.754371643066406]",0.8047016263008118,1
11476,230618_4-1-2.tif,"[7644.155059814453, 5126.514739990234, 27.90557861328125, 23.466392517089844]",0.8046844005584717,1
11477,230618_4-1-2.tif,"[2838.8131103515625, 250.0053253173828, 25.012939453125, 35.15782165527344]",0.8046603798866272,1
11478,230618_4-1-2.tif,"[4809.627899169922, 4391.705993652344, 28.30133056640625, 32.0697021484375]",0.8046488761901855,1
11479,230618_4-1-2.tif,"[2754.1279296875, 5679.061279296875, 33.43060302734375, 22.98291015625]",0.8046458959579468,1
11480,230618_4-1-2.tif,"[5673.512268066406, 5771.7679443359375, 27.115478515625, 38.623077392578125]",0.8046411275863647,1
11481,230618_4-1-2.tif,"[1424.2931518554688, 2557.1165771484375, 16.694091796875, 33.7273006439209]",0.8046153783798218,1
11482,230618_4-1-2.tif,"[1880.864013671875, 933.7350463867188, 33.9224853515625, 17.01641845703125]",0.8045945763587952,1
11483,230618_4-1-2.tif,"[5447.249603271484, 1813.1525573730469, 31.93914794921875, 25.75067138671875]",0.8045880198478699,1
11484,230618_4-1-2.tif,"[7417.346405029297, 2439.1663208007812, 19.37078857421875, 38.69580078125]",0.8045735955238342,1
11485,230618_4-1-2.tif,"[4040.123291015625, 583.3480224609375, 37.47412109375, 21.4271240234375]",0.8045398592948914,1
11486,230618_4-1-2.tif,"[320.2760009765625, 5552.2784423828125, 29.760009765625, 25.8675537109375]",0.8045265078544617,1
11487,230618_4-1-2.tif,"[675.1667633056641, 3925.559844970703, 15.47625732421875, 35.484130859375]",0.804510772228241,1
11488,230618_4-1-2.tif,"[9014.096618652344, 8598.461059570312, 29.00616455078125, 20.3367919921875]",0.8044878244400024,1
11489,230618_4-1-2.tif,"[3646.4544067382812, 4025.6319580078125, 29.35113525390625, 30.75201416015625]",0.8044815063476562,1
11490,230618_4-1-2.tif,"[3735.7864685058594, 6056.0811767578125, 35.288330078125, 22.9141845703125]",0.8044502139091492,1
11491,230618_4-1-2.tif,"[1078.1603393554688, 3010.2304077148438, 28.558837890625, 28.7703857421875]",0.8044453263282776,1
11492,230618_4-1-2.tif,"[2486.4100952148438, 6232.584121704102, 19.09625244140625, 40.004913330078125]",0.8044431209564209,1
11493,230618_4-1-2.tif,"[6727.172721862793, 2790.0547485351562, 26.704086303710938, 31.74835205078125]",0.8044281601905823,1
11494,230618_4-1-2.tif,"[5918.656005859375, 4262.188323974609, 23.7174072265625, 32.71466064453125]",0.804420530796051,1
11495,230618_4-1-2.tif,"[4314.542556762695, 7989.219299316406, 17.6597900390625, 39.86798095703125]",0.8043618202209473,1
11496,230618_4-1-2.tif,"[2567.6894454956055, 5388.10693359375, 33.70276641845703, 16.78521728515625]",0.8043549656867981,1
11497,230618_4-1-2.tif,"[6875.878570556641, 5326.573791503906, 35.3782958984375, 23.7021484375]",0.8043257594108582,1
11498,230618_4-1-2.tif,"[1828.1253051757812, 7507.1197509765625, 39.6368408203125, 20.37701416015625]",0.804304838180542,1
11499,230618_4-1-2.tif,"[2851.601043701172, 6504.197540283203, 31.024169921875, 25.4932861328125]",0.8042975664138794,1
11500,230618_4-1-2.tif,"[1989.2105407714844, 5597.243896484375, 27.52392578125, 28.26513671875]",0.8041689991950989,1
11501,230618_4-1-2.tif,"[5933.029937744141, 8840.534637451172, 24.85986328125, 32.55877685546875]",0.8041248321533203,1
11502,230618_4-1-2.tif,"[6106.951477050781, 949.6670532226562, 18.6346435546875, 36.5029296875]",0.8041014075279236,1
11503,230618_4-1-2.tif,"[3268.4139404296875, 7112.789642333984, 29.107177734375, 21.67681884765625]",0.8040924072265625,1
11504,230618_4-1-2.tif,"[7950.086120605469, 618.3018798828125, 26.72076416015625, 32.24566650390625]",0.8040599822998047,1
11505,230618_4-1-2.tif,"[6657.969062805176, 6477.572692871094, 40.26830291748047, 21.100494384765625]",0.8040550351142883,1
11506,230618_4-1-2.tif,"[9812.578155517578, 6690.061988830566, 19.402557373046875, 35.471458435058594]",0.8040308356285095,1
11507,230618_4-1-2.tif,"[3181.280029296875, 7562.890930175781, 41.58270263671875, 18.62890625]",0.8040269017219543,1
11508,230618_4-1-2.tif,"[5012.433685302734, 5335.677627563477, 18.94635009765625, 37.00408935546875]",0.804025411605835,1
11509,230618_4-1-2.tif,"[4774.535064697266, 4721.794570922852, 16.79327392578125, 31.902679443359375]",0.8040242195129395,1
11510,230618_4-1-2.tif,"[601.5949096679688, 7076.885009765625, 23.31121826171875, 36.11444091796875]",0.8039963841438293,1
11511,230618_4-1-2.tif,"[5993.356140136719, 1441.2136840820312, 29.4639892578125, 33.7872314453125]",0.8039385080337524,1
11512,230618_4-1-2.tif,"[8600.922668457031, 3021.6023559570312, 43.09210205078125, 21.1434326171875]",0.8038657903671265,1
11513,230618_4-1-2.tif,"[7389.346008300781, 567.331298828125, 23.055023193359375, 32.19580078125]",0.8038429021835327,1
11514,230618_4-1-2.tif,"[2893.7302856445312, 5673.708740234375, 20.8843994140625, 38.022499084472656]",0.8038344979286194,1
11515,230618_4-1-2.tif,"[3353.5222778320312, 2482.2828369140625, 28.5340576171875, 31.9686279296875]",0.8037368655204773,1
11516,230618_4-1-2.tif,"[5570.816345214844, 4202.3544921875, 23.77215576171875, 30.969802856445312]",0.8036693334579468,1
11517,230618_4-1-2.tif,"[2500.2676391601562, 7960.265167236328, 20.0150146484375, 38.279541015625]",0.8036682605743408,1
11518,230618_4-1-2.tif,"[9259.447570800781, 8117.0985107421875, 17.18218994140625, 30.87060546875]",0.8036166429519653,1
11519,230618_4-1-2.tif,"[7768.207855224609, 555.9459838867188, 36.240264892578125, 19.339111328125]",0.8035892844200134,1
11520,230618_4-1-2.tif,"[5564.3720703125, 6496.118713378906, 25.056640625, 36.1866455078125]",0.8035808801651001,1
11521,230618_4-1-2.tif,"[579.952392578125, 1642.2689208984375, 18.39715576171875, 31.66552734375]",0.8035790324211121,1
11522,230618_4-1-2.tif,"[4231.287017822266, 6102.740203857422, 21.696044921875, 33.427001953125]",0.8035556674003601,1
11523,230618_4-1-2.tif,"[7779.03702545166, 7102.3045654296875, 21.333450317382812, 35.39569091796875]",0.8035171627998352,1
11524,230618_4-1-2.tif,"[1756.8594055175781, 6738.508331298828, 19.51544189453125, 37.949005126953125]",0.8034980297088623,1
11525,230618_4-1-2.tif,"[1522.5248413085938, 9509.744171142578, 19.725871562957764, 37.78973388671875]",0.8034203052520752,1
11526,230618_4-1-2.tif,"[329.849853515625, 5380.658752441406, 35.75048828125, 23.373779296875]",0.8034051060676575,1
11527,230618_4-1-2.tif,"[1781.2788696289062, 2328.7149047851562, 20.1326904296875, 38.613525390625]",0.8033608198165894,1
11528,230618_4-1-2.tif,"[3838.9398193359375, 797.34130859375, 28.99688720703125, 19.6727294921875]",0.8033327460289001,1
11529,230618_4-1-2.tif,"[3196.0315551757812, 3149.1690673828125, 17.123321533203125, 38.965484619140625]",0.803242564201355,1
11530,230618_4-1-2.tif,"[5284.584732055664, 7473.986145019531, 38.041534423828125, 20.3470458984375]",0.803205132484436,1
11531,230618_4-1-2.tif,"[7923.687255859375, 7597.554382324219, 24.71893310546875, 33.1224365234375]",0.803141713142395,1
11532,230618_4-1-2.tif,"[6748.9151611328125, 16.648645401000977, 19.9169921875, 34.78362846374512]",0.8031327724456787,1
11533,230618_4-1-2.tif,"[7528.921630859375, 7480.4990234375, 31.238525390625, 28.09619140625]",0.8030866384506226,1
11534,230618_4-1-2.tif,"[4663.418514251709, 5621.297302246094, 29.712467193603516, 23.564973831176758]",0.8030432462692261,1
11535,230618_4-1-2.tif,"[2361.8824462890625, 3841.832733154297, 33.2056884765625, 20.888916015625]",0.8029177188873291,1
11536,230618_4-1-2.tif,"[2692.9527740478516, 6742.136383056641, 19.809524536132812, 37.670166015625]",0.8029164671897888,1
11537,230618_4-1-2.tif,"[5859.670257568359, 5536.46630859375, 32.81634521484375, 19.705078125]",0.8029030561447144,1
11538,230618_4-1-2.tif,"[5018.775390625, 8458.516906738281, 24.782958984375, 37.3642578125]",0.8028808236122131,1
11539,230618_4-1-2.tif,"[4768.851013183594, 6156.759967803955, 21.901901245117188, 35.06571578979492]",0.8027792572975159,1
11540,230618_4-1-2.tif,"[690.9411315917969, 1705.4399108886719, 16.03936767578125, 31.15447998046875]",0.802769124507904,1
11541,230618_4-1-2.tif,"[3156.2049560546875, 1049.885498046875, 31.5556640625, 23.70684814453125]",0.8027359247207642,1
11542,230618_4-1-2.tif,"[2547.1930541992188, 4890.471252441406, 23.37392234802246, 36.09075927734375]",0.8027175068855286,1
11543,230618_4-1-2.tif,"[5763.310211181641, 7432.634552001953, 36.24273681640625, 19.99658203125]",0.8026833534240723,1
11544,230618_4-1-2.tif,"[5828.338073730469, 7311.177307128906, 25.08984375, 25.475494384765625]",0.8026700615882874,1
11545,230618_4-1-2.tif,"[9684.609558105469, 8722.403350830078, 30.76409912109375, 24.986541748046875]",0.8026658892631531,1
11546,230618_4-1-2.tif,"[9179.866149902344, 9190.672424316406, 25.975250244140625, 36.99325942993164]",0.8026401400566101,1
11547,230618_4-1-2.tif,"[3333.3582458496094, 2654.8600463867188, 28.074981689453125, 27.38866424560547]",0.8026179671287537,1
11548,230618_4-1-2.tif,"[136.23614501953125, 2553.2890014648438, 16.9334716796875, 35.43461608886719]",0.8025581240653992,1
11549,230618_4-1-2.tif,"[3641.509033203125, 7035.797149658203, 16.233154296875, 36.2900390625]",0.8024378418922424,1
11550,230618_4-1-2.tif,"[4892.871337890625, 1944.2980346679688, 37.176513671875, 20.3387451171875]",0.8023688197135925,1
11551,230618_4-1-2.tif,"[2573.4959678649902, 6345.791809082031, 32.315738677978516, 21.499359130859375]",0.8023490309715271,1
11552,230618_4-1-2.tif,"[2011.7000122070312, 7811.018630981445, 37.1978759765625, 19.880279541015625]",0.8023272156715393,1
11553,230618_4-1-2.tif,"[5748.942932128906, 8113.815185546875, 28.081207275390625, 31.636962890625]",0.8023256063461304,1
11554,230618_4-1-2.tif,"[2266.725311279297, 2578.6874389648438, 36.79425048828125, 17.674129486083984]",0.8023183345794678,1
11555,230618_4-1-2.tif,"[3996.8099365234375, 3321.6434020996094, 21.30859375, 45.05645751953125]",0.8023116588592529,1
11556,230618_4-1-2.tif,"[5171.490539550781, 8851.90365600586, 32.059326171875, 22.5181884765625]",0.8022894263267517,1
11557,230618_4-1-2.tif,"[0.0, 2048.8577880859375, 21.176353454589844, 30.549560546875]",0.8022733926773071,1
11558,230618_4-1-2.tif,"[6228.191787719727, 5397.21435546875, 41.20829772949219, 19.12255859375]",0.8022658228874207,1
11559,230618_4-1-2.tif,"[3811.5420989990234, 2657.7354736328125, 23.11871337890625, 29.703842163085938]",0.8022639751434326,1
11560,230618_4-1-2.tif,"[7225.953647613525, 738.5263061523438, 33.11953353881836, 29.84820556640625]",0.8022352457046509,1
11561,230618_4-1-2.tif,"[3831.4161071777344, 8374.427062988281, 21.6060791015625, 33.19317626953125]",0.8021727800369263,1
11562,230618_4-1-2.tif,"[9008.888488769531, 2035.7603759765625, 35.58966064453125, 18.04052734375]",0.8021478056907654,1
11563,230618_4-1-2.tif,"[5109.160461425781, 5618.423767089844, 19.81634521484375, 44.51190185546875]",0.802125871181488,1
11564,230618_4-1-2.tif,"[8580.619140625, 9041.2021484375, 35.8414306640625, 16.7012939453125]",0.8019724488258362,1
11565,230618_4-1-2.tif,"[4520.468017578125, 7496.226501464844, 36.8052978515625, 22.70782470703125]",0.8018935918807983,1
11566,230618_4-1-2.tif,"[1885.3802490234375, 7522.437805175781, 39.0340576171875, 19.28076171875]",0.8018515706062317,1
11567,230618_4-1-2.tif,"[3233.3574981689453, 5845.834381103516, 38.280731201171875, 23.44732666015625]",0.8018437027931213,1
11568,230618_4-1-2.tif,"[3306.446578979492, 7179.569641113281, 20.4259033203125, 39.569580078125]",0.8018389940261841,1
11569,230618_4-1-2.tif,"[332.7781982421875, 3331.724365234375, 34.2728271484375, 19.37811279296875]",0.80176842212677,1
11570,230618_4-1-2.tif,"[3270.3414154052734, 6343.355117797852, 32.405364990234375, 18.077850341796875]",0.8017597794532776,1
11571,230618_4-1-2.tif,"[3438.95947265625, 2432.364501953125, 24.27447509765625, 34.439453125]",0.8017577528953552,1
11572,230618_4-1-2.tif,"[5886.070816040039, 1882.5046691894531, 18.686508178710938, 33.876220703125]",0.8017258048057556,1
11573,230618_4-1-2.tif,"[5207.8265380859375, 5259.253875732422, 33.4783935546875, 17.688201904296875]",0.8016873002052307,1
11574,230618_4-1-2.tif,"[4404.657318115234, 3363.4915771484375, 19.377685546875, 32.4847412109375]",0.8016790747642517,1
11575,230618_4-1-2.tif,"[1689.067626953125, 2293.532257080078, 37.295654296875, 21.323486328125]",0.8016443848609924,1
11576,230618_4-1-2.tif,"[4400.009582519531, 5906.644958496094, 25.7503662109375, 30.398193359375]",0.8016138672828674,1
11577,230618_4-1-2.tif,"[2650.3137817382812, 2712.5579376220703, 17.59063720703125, 35.588470458984375]",0.8015944957733154,1
11578,230618_4-1-2.tif,"[3748.646759033203, 233.59393310546875, 23.89080810546875, 32.572509765625]",0.8015680909156799,1
11579,230618_4-1-2.tif,"[8677.67984008789, 8328.183837890625, 17.3583984375, 36.63970947265625]",0.8015490174293518,1
11580,230618_4-1-2.tif,"[3635.6734733581543, 4299.005187988281, 33.2347297668457, 17.828048706054688]",0.8015400767326355,1
11581,230618_4-1-2.tif,"[4189.780334472656, 6218.6278076171875, 26.29962158203125, 34.27577209472656]",0.8015292286872864,1
11582,230618_4-1-2.tif,"[6144.7030029296875, 5240.072448730469, 24.7637939453125, 34.7020263671875]",0.8015093207359314,1
11583,230618_4-1-2.tif,"[3916.1295776367188, 8539.916076660156, 18.1881103515625, 36.0548095703125]",0.8014801144599915,1
11584,230618_4-1-2.tif,"[5596.161437988281, 2563.7631225585938, 22.1441650390625, 37.04498291015625]",0.8014497756958008,1
11585,230618_4-1-2.tif,"[3297.3634033203125, 7257.270065307617, 30.935394287109375, 27.14093017578125]",0.801310658454895,1
11586,230618_4-1-2.tif,"[2502.1401977539062, 3345.4039306640625, 37.0848388671875, 17.631591796875]",0.8012903928756714,1
11587,230618_4-1-2.tif,"[6505.843688964844, 1047.707763671875, 29.89654541015625, 22.8642578125]",0.8012750148773193,1
11588,230618_4-1-2.tif,"[7023.221923828125, 9721.484985351562, 19.71551513671875, 36.02392578125]",0.8011907339096069,1
11589,230618_4-1-2.tif,"[3669.956558227539, 6378.260803222656, 26.246200561523438, 34.72784423828125]",0.8011842966079712,1
11590,230618_4-1-2.tif,"[7746.008544921875, 4.765590667724609, 37.241790771484375, 17.474132537841797]",0.8011022806167603,1
11591,230618_4-1-2.tif,"[6142.0135498046875, 4231.0552978515625, 18.436134338378906, 37.1007080078125]",0.8010834455490112,1
11592,230618_4-1-2.tif,"[5573.823791503906, 5968.847839355469, 36.50732421875, 18.5087890625]",0.8010603785514832,1
11593,230618_4-1-2.tif,"[108.0030517578125, 3576.6409912109375, 34.77925109863281, 21.607911109924316]",0.8010007739067078,1
11594,230618_4-1-2.tif,"[8163.3138427734375, 737.3218994140625, 28.0772705078125, 29.2740478515625]",0.8008806109428406,1
11595,230618_4-1-2.tif,"[6767.960098266602, 5276.74201965332, 18.87890625, 44.5948486328125]",0.8008469343185425,1
11596,230618_4-1-2.tif,"[2202.315902709961, 5772.799621582031, 32.8209228515625, 20.18304443359375]",0.8008444905281067,1
11597,230618_4-1-2.tif,"[486.45050048828125, 8027.6741943359375, 20.187255859375, 30.7777099609375]",0.8008329272270203,1
11598,230618_4-1-2.tif,"[8167.812316894531, 7571.479553222656, 23.9393310546875, 33.65673828125]",0.8008225560188293,1
11599,230618_4-1-2.tif,"[5382.568603515625, 2273.050979614258, 33.9554443359375, 18.003753662109375]",0.8007808923721313,1
11600,230618_4-1-2.tif,"[7555.518371582031, 5973.967071533203, 18.4017333984375, 35.4686279296875]",0.8007764220237732,1
11601,230618_4-1-2.tif,"[3142.6131134033203, 5426.832092285156, 23.695571899414062, 33.71099853515625]",0.8007531762123108,1
11602,230618_4-1-2.tif,"[6365.023651123047, 9408.846145629883, 20.177825927734375, 36.35321044921875]",0.8007011413574219,1
11603,230618_4-1-2.tif,"[6751.287322998047, 5670.6453857421875, 18.598907470703125, 34.0750732421875]",0.8007006645202637,1
11604,230618_4-1-2.tif,"[5157.7010498046875, 2140.9114532470703, 36.50425720214844, 18.219284057617188]",0.8006551265716553,1
11605,230618_4-1-2.tif,"[5034.07177734375, 589.2786865234375, 36.09869384765625, 18.6456298828125]",0.8006006479263306,1
11606,230618_4-1-2.tif,"[6084.109313964844, 9605.362747192383, 17.3509521484375, 39.60301208496094]",0.8006003499031067,1
11607,230618_4-1-2.tif,"[3250.2422790527344, 6188.059814453125, 28.01715087890625, 27.852783203125]",0.8005762696266174,1
11608,230618_4-1-2.tif,"[6349.166961669922, 8810.408081054688, 35.933563232421875, 23.5101318359375]",0.8004626631736755,1
11609,230618_4-1-2.tif,"[6210.328857421875, 6929.851318359375, 36.869873046875, 17.34814453125]",0.8004626631736755,1
11610,230618_4-1-2.tif,"[5781.406311035156, 8999.035461425781, 17.88653564453125, 39.94140625]",0.8003779649734497,1
11611,230618_4-1-2.tif,"[399.0015869140625, 1585.3055953979492, 33.44921875, 21.18567657470703]",0.8003612756729126,1
11612,230618_4-1-2.tif,"[2789.003204345703, 6174.8316650390625, 18.8096923828125, 39.7998046875]",0.8003481030464172,1
11613,230618_4-1-2.tif,"[8319.87451171875, 342.1939697265625, 27.425689697265625, 37.40966796875]",0.8003259301185608,1
11614,230618_4-1-2.tif,"[4048.7316284179688, 8048.840393066406, 17.86181640625, 35.443603515625]",0.800323486328125,1
11615,230618_4-1-2.tif,"[5725.8378829956055, 579.5745849609375, 22.04669189453125, 38.285850524902344]",0.8002431392669678,1
11616,230618_4-1-2.tif,"[8035.396179199219, 9775.825408935547, 38.359130859375, 18.70709228515625]",0.8001365065574646,1
11617,230618_4-1-2.tif,"[6949.9532470703125, 245.97354125976562, 19.1163330078125, 35.08795166015625]",0.8000953793525696,1
11618,230618_4-1-2.tif,"[4962.6380615234375, 3764.211639404297, 38.379638671875, 18.34625244140625]",0.8000379800796509,1
11619,230618_4-1-2.tif,"[3612.057876586914, 6058.295928955078, 36.48246765136719, 18.537353515625]",0.800015389919281,1
11620,230618_4-1-2.tif,"[627.9953002929688, 6515.003021240234, 27.80963134765625, 34.272430419921875]",0.7999150156974792,1
11621,230618_4-1-2.tif,"[2867.3590698242188, 1019.6846313476562, 21.3876953125, 36.994140625]",0.7998563647270203,1
11622,230618_4-1-2.tif,"[4462.933044433594, 8256.399124145508, 38.4139404296875, 18.674484252929688]",0.7998554706573486,1
11623,230618_4-1-2.tif,"[3935.2593994140625, 88.6074447631836, 27.5225830078125, 23.194747924804688]",0.7998368144035339,1
11624,230618_4-1-2.tif,"[8646.5615234375, 62.511436462402344, 23.0906982421875, 34.38533020019531]",0.7998192310333252,1
11625,230618_4-1-2.tif,"[5579.962646484375, 5878.664810180664, 30.6029052734375, 27.247665405273438]",0.7997495532035828,1
11626,230618_4-1-2.tif,"[4521.205078125, 3076.46875, 29.26544189453125, 16.69287109375]",0.7997293472290039,1
11627,230618_4-1-2.tif,"[5201.579574584961, 993.8153076171875, 29.987564086914062, 36.217352867126465]",0.799660861492157,1
11628,230618_4-1-2.tif,"[763.6858062744141, 9775.4453125, 25.074600219726562, 28.2298583984375]",0.7996471524238586,1
11629,230618_4-1-2.tif,"[8145.837829589844, 8198.474975585938, 28.913330078125, 32.09033203125]",0.7996050119400024,1
11630,230618_4-1-2.tif,"[3327.664566040039, 6443.981262207031, 18.673446655273438, 35.627197265625]",0.7995831370353699,1
11631,230618_4-1-2.tif,"[7761.653121948242, 5189.1611328125, 29.425613403320312, 24.2635498046875]",0.7995244264602661,1
11632,230618_4-1-2.tif,"[7473.090606689453, 2349.9491577148438, 33.66497802734375, 21.166748046875]",0.7995129227638245,1
11633,230618_4-1-2.tif,"[1895.0838012695312, 8273.278198242188, 23.73492431640625, 33.120849609375]",0.799434244632721,1
11634,230618_4-1-2.tif,"[4221.206298828125, 3888.7057495117188, 34.15594482421875, 18.6268310546875]",0.7994334697723389,1
11635,230618_4-1-2.tif,"[4930.202972412109, 2289.7128143310547, 19.07452392578125, 39.54042053222656]",0.7994167804718018,1
11636,230618_4-1-2.tif,"[4226.2620849609375, 4607.252990722656, 17.670654296875, 33.832763671875]",0.7993826270103455,1
11637,230618_4-1-2.tif,"[3123.082862854004, 2881.0039672851562, 26.1629638671875, 32.4912109375]",0.7993765473365784,1
11638,230618_4-1-2.tif,"[7450.489685058594, 2831.1767578125, 18.2783203125, 40.5068359375]",0.7993589639663696,1
11639,230618_4-1-2.tif,"[4513.947082519531, 6328.197540283203, 19.7288818359375, 34.14630126953125]",0.7993038892745972,1
11640,230618_4-1-2.tif,"[4707.7010498046875, 6899.902679443359, 20.51806640625, 37.039306640625]",0.7992975115776062,1
11641,230618_4-1-2.tif,"[2051.6649169921875, 7442.701019287109, 20.27341079711914, 39.9603271484375]",0.7992973327636719,1
11642,230618_4-1-2.tif,"[7396.481658935547, 949.9620056152344, 27.56939697265625, 31.16107177734375]",0.7992547750473022,1
11643,230618_4-1-2.tif,"[2495.6961669921875, 8147.3443603515625, 18.594970703125, 37.18505859375]",0.7992268204689026,1
11644,230618_4-1-2.tif,"[6184.922004699707, 4065.6325073242188, 36.77204132080078, 19.79315185546875]",0.799221396446228,1
11645,230618_4-1-2.tif,"[1399.2415161132812, 3819.7242126464844, 23.4658203125, 29.47283935546875]",0.799217164516449,1
11646,230618_4-1-2.tif,"[7124.1044921875, 1215.4569702148438, 21.04150390625, 33.01397705078125]",0.7991299033164978,1
11647,230618_4-1-2.tif,"[8250.063705444336, 582.95849609375, 18.869644165039062, 34.360389709472656]",0.7991252541542053,1
11648,230618_4-1-2.tif,"[6244.974853515625, 8565.652374267578, 27.626861572265625, 29.381500244140625]",0.7990851998329163,1
11649,230618_4-1-2.tif,"[6435.292572021484, 3651.6644897460938, 25.599517822265625, 34.085418701171875]",0.7990772128105164,1
11650,230618_4-1-2.tif,"[3558.662841796875, 5989.6470947265625, 35.72183704376221, 29.9951171875]",0.799026370048523,1
11651,230618_4-1-2.tif,"[7427.895721435547, 6107.723083496094, 19.2125244140625, 42.0863037109375]",0.7990224361419678,1
11652,230618_4-1-2.tif,"[4392.910400390625, 4171.306396484375, 18.44879150390625, 38.05809020996094]",0.7990072965621948,1
11653,230618_4-1-2.tif,"[7369.623077392578, 7181.933532714844, 23.397247314453125, 34.5255126953125]",0.7989965677261353,1
11654,230618_4-1-2.tif,"[6618.890197753906, 5172.3242111206055, 30.693023681640625, 20.936676025390625]",0.7989820241928101,1
11655,230618_4-1-2.tif,"[4718.057540893555, 7594.3809814453125, 19.21124267578125, 39.06884765625]",0.7989581227302551,1
11656,230618_4-1-2.tif,"[6943.445495605469, 910.2638244628906, 37.318359375, 20.96221923828125]",0.7988764047622681,1
11657,230618_4-1-2.tif,"[2819.1251220703125, 863.0602722167969, 30.727294921875, 29.6683349609375]",0.7988540530204773,1
11658,230618_4-1-2.tif,"[8881.099716186523, 8897.855560302734, 26.531036376953125, 30.307861328125]",0.7988508343696594,1
11659,230618_4-1-2.tif,"[3356.2239990234375, 823.6278686523438, 16.6163330078125, 33.3614501953125]",0.7988293766975403,1
11660,230618_4-1-2.tif,"[7337.064300537109, 8865.12924194336, 29.423583984375, 28.984130859375]",0.7987792491912842,1
11661,230618_4-1-2.tif,"[9870.087158203125, 8504.003112792969, 46.28857421875, 20.578125]",0.7987671494483948,1
11662,230618_4-1-2.tif,"[9444.554252624512, 7708.408321380615, 21.284439086914062, 34.862674713134766]",0.7987579703330994,1
11663,230618_4-1-2.tif,"[5333.883056640625, 5686.986480712891, 20.1226806640625, 38.004150390625]",0.7987383604049683,1
11664,230618_4-1-2.tif,"[9722.871307373047, 7987.606140136719, 16.728302001953125, 36.85693359375]",0.7987193465232849,1
11665,230618_4-1-2.tif,"[3517.8948669433594, 7580.292541503906, 39.7314453125, 22.71484375]",0.7987021207809448,1
11666,230618_4-1-2.tif,"[974.09033203125, 5721.576156616211, 17.7694091796875, 36.41273498535156]",0.7986974120140076,1
11667,230618_4-1-2.tif,"[1185.9205169677734, 5951.905212402344, 28.331390380859375, 26.3951416015625]",0.7986435890197754,1
11668,230618_4-1-2.tif,"[45.26383972167969, 5564.469665527344, 18.033096313476562, 34.0950927734375]",0.7986312508583069,1
11669,230618_4-1-2.tif,"[3476.512420654297, 1003.7599487304688, 18.01708984375, 40.61654853820801]",0.7986270189285278,1
11670,230618_4-1-2.tif,"[5784.860107421875, 270.53656005859375, 35.480133056640625, 24.05377197265625]",0.798554539680481,1
11671,230618_4-1-2.tif,"[5856.739929199219, 2343.977813720703, 36.87384033203125, 19.169189453125]",0.7985094785690308,1
11672,230618_4-1-2.tif,"[3947.0799560546875, 1624.9829406738281, 17.732421875, 32.697723388671875]",0.7983899116516113,1
11673,230618_4-1-2.tif,"[879.0499267578125, 5460.258026123047, 36.9462890625, 18.0323486328125]",0.7983850836753845,1
11674,230618_4-1-2.tif,"[9982.080810546875, 8608.510925292969, 17.6690673828125, 34.0274658203125]",0.7983409762382507,1
11675,230618_4-1-2.tif,"[5076.278747558594, 8848.355056762695, 25.196044921875, 29.12139892578125]",0.7982890605926514,1
11676,230618_4-1-2.tif,"[4625.8656005859375, 4308.092834472656, 18.36688995361328, 37.217041015625]",0.7982878088951111,1
11677,230618_4-1-2.tif,"[9213.777404785156, 7730.168701171875, 31.207275390625, 26.8468017578125]",0.7982525825500488,1
11678,230618_4-1-2.tif,"[6200.00146484375, 9745.63818359375, 33.890625, 24.82891845703125]",0.7982416152954102,1
11679,230618_4-1-2.tif,"[2644.23291015625, 1608.0845947265625, 18.19921875, 35.9635009765625]",0.7982221245765686,1
11680,230618_4-1-2.tif,"[7738.62841796875, 5404.064880371094, 33.0084228515625, 29.01654052734375]",0.7981060147285461,1
11681,230618_4-1-2.tif,"[7480.612976074219, 5248.119064331055, 35.17620849609375, 22.98236083984375]",0.7981027364730835,1
11682,230618_4-1-2.tif,"[3131.2891235351562, 4769.345001220703, 34.92066955566406, 18.095703125]",0.7980775237083435,1
11683,230618_4-1-2.tif,"[7672.416198730469, 3307.5518646240234, 44.8011474609375, 19.824432373046875]",0.798073947429657,1
11684,230618_4-1-2.tif,"[4650.2928466796875, 1985.5421447753906, 17.560546875, 34.15350341796875]",0.7980236411094666,1
11685,230618_4-1-2.tif,"[3121.133743286133, 7130.315582275391, 21.44731903076172, 33.158203125]",0.7980051636695862,1
11686,230618_4-1-2.tif,"[3060.9785766601562, 686.7665100097656, 34.59293556213379, 20.946823120117188]",0.7979716062545776,1
11687,230618_4-1-2.tif,"[8976.64111328125, 8267.28842163086, 33.351318359375, 18.349578857421875]",0.7979313731193542,1
11688,230618_4-1-2.tif,"[9101.903015136719, 9479.121215820312, 19.0098876953125, 36.58775329589844]",0.7978830337524414,1
11689,230618_4-1-2.tif,"[6219.6475830078125, 4533.612335205078, 37.200439453125, 17.87457275390625]",0.7978301644325256,1
11690,230618_4-1-2.tif,"[2116.9542236328125, 5348.242919921875, 19.2666015625, 37.10650634765625]",0.7977898716926575,1
11691,230618_4-1-2.tif,"[2665.903076171875, 836.2044677734375, 27.737548828125, 29.5025634765625]",0.7977612614631653,1
11692,230618_4-1-2.tif,"[87.9131851196289, 2462.42138671875, 17.82452392578125, 38.1156005859375]",0.7977173924446106,1
11693,230618_4-1-2.tif,"[2586.701904296875, 6834.4278564453125, 19.075927734375, 39.24592590332031]",0.7977014780044556,1
11694,230618_4-1-2.tif,"[2002.246826171875, 6039.045471191406, 18.4969482421875, 37.891845703125]",0.7976987361907959,1
11695,230618_4-1-2.tif,"[6217.404113769531, 7647.123107910156, 39.6141357421875, 23.50244140625]",0.7976891994476318,1
11696,230618_4-1-2.tif,"[7219.25537109375, 6470.432861328125, 19.2105712890625, 38.36474609375]",0.797666609287262,1
11697,230618_4-1-2.tif,"[9437.22575378418, 7045.632568359375, 32.19877624511719, 16.824951171875]",0.7976377606391907,1
11698,230618_4-1-2.tif,"[2406.934051513672, 3078.068027496338, 28.464813232421875, 29.15987777709961]",0.7976259589195251,1
11699,230618_4-1-2.tif,"[3541.2230224609375, 7491.040710449219, 41.410400390625, 18.21826171875]",0.7975630164146423,1
11700,230618_4-1-2.tif,"[9169.873107910156, 45.79046630859375, 18.771484375, 35.277374267578125]",0.7975168824195862,1
11701,230618_4-1-2.tif,"[7862.210235595703, 6800.770355224609, 18.92242431640625, 39.71868896484375]",0.7975014448165894,1
11702,230618_4-1-2.tif,"[210.63217163085938, 939.387451171875, 18.48956298828125, 31.9940185546875]",0.7974996566772461,1
11703,230618_4-1-2.tif,"[8861.919006347656, 1341.3206787109375, 24.50921630859375, 31.8546142578125]",0.7974493503570557,1
11704,230618_4-1-2.tif,"[3334.642822265625, 5619.372497558594, 21.18975830078125, 35.885009765625]",0.7974490523338318,1
11705,230618_4-1-2.tif,"[7029.816711425781, 3884.7521362304688, 41.490234375, 20.0079345703125]",0.7973547577857971,1
11706,230618_4-1-2.tif,"[3888.4010314941406, 9262.924850463867, 33.0855712890625, 21.146438598632812]",0.7972967624664307,1
11707,230618_4-1-2.tif,"[6514.82666015625, 665.6891784667969, 18.504150390625, 40.327423095703125]",0.7972859740257263,1
11708,230618_4-1-2.tif,"[4655.172065734863, 5317.828308105469, 20.82952117919922, 26.02105712890625]",0.7972697615623474,1
11709,230618_4-1-2.tif,"[7176.5782470703125, 7284.235656738281, 17.698514938354492, 33.110992431640625]",0.7971925139427185,1
11710,230618_4-1-2.tif,"[5862.598693847656, 3938.8955993652344, 40.5960693359375, 19.3956298828125]",0.7971673011779785,1
11711,230618_4-1-2.tif,"[7704.179126739502, 758.9484710693359, 25.5975341796875, 32.83729553222656]",0.7971525192260742,1
11712,230618_4-1-2.tif,"[4937.776062011719, 1711.9761657714844, 32.2513427734375, 21.503662109375]",0.7971245646476746,1
11713,230618_4-1-2.tif,"[2907.974609375, 7328.348571777344, 35.838623046875, 17.65863037109375]",0.7970703840255737,1
11714,230618_4-1-2.tif,"[8651.489013671875, 1749.0255432128906, 19.66656494140625, 37.4569091796875]",0.7970588803291321,1
11715,230618_4-1-2.tif,"[2114.271484375, 6043.889709472656, 36.358070373535156, 19.4443359375]",0.7970321774482727,1
11716,230618_4-1-2.tif,"[2875.245849609375, 1553.739013671875, 18.93072509765625, 33.90087890625]",0.7969887852668762,1
11717,230618_4-1-2.tif,"[7025.7857666015625, 6910.171371459961, 38.86181640625, 20.063980102539062]",0.7969377040863037,1
11718,230618_4-1-2.tif,"[2645.412887573242, 1309.8265991210938, 21.225662231445312, 34.547607421875]",0.7969201803207397,1
11719,230618_4-1-2.tif,"[5991.1285400390625, 3262.6351623535156, 23.9068603515625, 28.6126708984375]",0.796886146068573,1
11720,230618_4-1-2.tif,"[7154.946746826172, 1516.3870544433594, 38.703643798828125, 17.507110595703125]",0.7968395352363586,1
11721,230618_4-1-2.tif,"[6143.463226318359, 9168.887756347656, 21.132354736328125, 43.1080322265625]",0.7968339920043945,1
11722,230618_4-1-2.tif,"[8482.634490966797, 7743.693115234375, 38.962646484375, 18.7550048828125]",0.7967711091041565,1
11723,230618_4-1-2.tif,"[4042.52978515625, 7840.218200683594, 33.82208251953125, 17.332366943359375]",0.7967377305030823,1
11724,230618_4-1-2.tif,"[954.9083862304688, 5152.400367736816, 22.5030517578125, 31.248634338378906]",0.7967268824577332,1
11725,230618_4-1-2.tif,"[668.0643310546875, 1427.7762451171875, 18.29620361328125, 42.515625]",0.7967180013656616,1
11726,230618_4-1-2.tif,"[7297.2310791015625, 9925.930541992188, 26.7943115234375, 26.695068359375]",0.79671311378479,1
11727,230618_4-1-2.tif,"[1824.1514282226562, 3009.8447875976562, 27.92938232421875, 26.09210205078125]",0.7966616153717041,1
11728,230618_4-1-2.tif,"[6465.849304199219, 4739.610443115234, 18.1610107421875, 40.86273193359375]",0.7966378927230835,1
11729,230618_4-1-2.tif,"[2866.3751831054688, 1234.0678405761719, 28.693603515625, 28.74072265625]",0.7966355085372925,1
11730,230618_4-1-2.tif,"[2084.835273742676, 8557.833068847656, 19.121551513671875, 39.49365234375]",0.7965366840362549,1
11731,230618_4-1-2.tif,"[451.07781982421875, 6461.3780517578125, 25.313720703125, 30.65533447265625]",0.7965140342712402,1
11732,230618_4-1-2.tif,"[3700.6158447265625, 3094.1232948303223, 41.94354248046875, 20.886531829833984]",0.796492874622345,1
11733,230618_4-1-2.tif,"[421.30645751953125, 6319.854248046875, 37.3399658203125, 24.090423583984375]",0.796474039554596,1
11734,230618_4-1-2.tif,"[5831.694915771484, 4049.8775939941406, 40.55340576171875, 22.75054931640625]",0.7964721322059631,1
11735,230618_4-1-2.tif,"[2942.7782287597656, 7687.9041748046875, 20.63360595703125, 43.6451416015625]",0.7964217066764832,1
11736,230618_4-1-2.tif,"[4322.160781860352, 5364.9285888671875, 27.978240966796875, 23.50201416015625]",0.7964115738868713,1
11737,230618_4-1-2.tif,"[4848.077423095703, 8496.068359375, 25.47564697265625, 30.9903564453125]",0.7963966727256775,1
11738,230618_4-1-2.tif,"[3550.216033935547, 328.9222412109375, 16.65252685546875, 34.239501953125]",0.7963799834251404,1
11739,230618_4-1-2.tif,"[7524.7156982421875, 1243.2701416015625, 36.77789306640625, 18.787841796875]",0.7963498830795288,1
11740,230618_4-1-2.tif,"[3550.789276123047, 9140.875183105469, 18.6551513671875, 38.683349609375]",0.7963331341743469,1
11741,230618_4-1-2.tif,"[7776.802886962891, 1401.5812683105469, 18.735321044921875, 39.79486083984375]",0.7963323593139648,1
11742,230618_4-1-2.tif,"[2880.3251953125, 481.066650390625, 25.8704833984375, 31.41571044921875]",0.7963045239448547,1
11743,230618_4-1-2.tif,"[4078.7343139648438, 8209.928344726562, 18.41925048828125, 30.882080078125]",0.7962550520896912,1
11744,230618_4-1-2.tif,"[3534.8090209960938, 1358.4970092773438, 35.2176513671875, 16.7230224609375]",0.7962519526481628,1
11745,230618_4-1-2.tif,"[2410.264892578125, 533.9841156005859, 23.16162109375, 32.89900207519531]",0.7962470650672913,1
11746,230618_4-1-2.tif,"[1853.917236328125, 9152.583557128906, 42.4307861328125, 21.534423828125]",0.7961854338645935,1
11747,230618_4-1-2.tif,"[5401.178039550781, 4976.519348144531, 20.90478515625, 36.754638671875]",0.7961118817329407,1
11748,230618_4-1-2.tif,"[1465.9828796386719, 1081.3509216308594, 16.9176025390625, 33.375579833984375]",0.7960734367370605,1
11749,230618_4-1-2.tif,"[5370.800155639648, 2399.4091186523438, 25.171890258789062, 42.5068359375]",0.7958630323410034,1
11750,230618_4-1-2.tif,"[8020.039978027344, 5149.4208984375, 18.039306640625, 35.8734130859375]",0.795859694480896,1
11751,230618_4-1-2.tif,"[3045.4850463867188, 5413.6761474609375, 18.236572265625, 36.4488525390625]",0.7958035469055176,1
11752,230618_4-1-2.tif,"[8723.7494430542, 8736.796508789062, 20.76970672607422, 35.694801330566406]",0.7957920432090759,1
11753,230618_4-1-2.tif,"[5536.891326904297, 2231.2411193847656, 32.09027099609375, 36.51019287109375]",0.795651912689209,1
11754,230618_4-1-2.tif,"[4003.7915954589844, 9949.497436523438, 40.14520263671875, 19.982177734375]",0.7956401109695435,1
11755,230618_4-1-2.tif,"[2640.5808715820312, 1730.9306640625, 35.57916259765625, 27.37225341796875]",0.7956388592720032,1
11756,230618_4-1-2.tif,"[1767.8096160888672, 767.9612274169922, 20.814788818359375, 31.306533813476562]",0.7956315875053406,1
11757,230618_4-1-2.tif,"[5024.616149902344, 2128.9896240234375, 17.65826416015625, 37.298065185546875]",0.7956242561340332,1
11758,230618_4-1-2.tif,"[8242.266784667969, 7296.313232421875, 22.77618408203125, 30.633514404296875]",0.7955750226974487,1
11759,230618_4-1-2.tif,"[4480.4322509765625, 8429.30386352539, 32.36492919921875, 16.99176025390625]",0.7955631017684937,1
11760,230618_4-1-2.tif,"[5106.3043212890625, 6728.891296386719, 28.046740531921387, 27.92236328125]",0.7955523729324341,1
11761,230618_4-1-2.tif,"[7412.39404296875, 8880.137817382812, 33.63360595703125, 19.43670654296875]",0.7955309152603149,1
11762,230618_4-1-2.tif,"[6728.738327026367, 1163.2059936523438, 20.739822387695312, 35.805206298828125]",0.7954949736595154,1
11763,230618_4-1-2.tif,"[8170.5994873046875, 7672.280700683594, 20.00909423828125, 45.098609924316406]",0.7954946756362915,1
11764,230618_4-1-2.tif,"[7607.713806152344, 7653.07666015625, 30.95068359375, 19.2615966796875]",0.7954883575439453,1
11765,230618_4-1-2.tif,"[9892.535278320312, 9807.774230957031, 18.50457763671875, 32.21875]",0.7954508066177368,1
11766,230618_4-1-2.tif,"[8900.82160949707, 9919.934692382812, 19.180999755859375, 40.4508056640625]",0.795417308807373,1
11767,230618_4-1-2.tif,"[7899.40592956543, 3215.119842529297, 22.762451171875, 34.1531982421875]",0.7954013347625732,1
11768,230618_4-1-2.tif,"[7270.4263916015625, 3643.1842041015625, 22.234619140625, 38.21942138671875]",0.7954007387161255,1
11769,230618_4-1-2.tif,"[8066.282958984375, 8231.315063476562, 30.3201904296875, 23.052001953125]",0.7953773140907288,1
11770,230618_4-1-2.tif,"[3171.133316040039, 3787.7188415527344, 19.87835693359375, 38.428466796875]",0.7953419089317322,1
11771,230618_4-1-2.tif,"[3005.0015258789062, 907.2621459960938, 33.10693359375, 19.6759033203125]",0.7953227162361145,1
11772,230618_4-1-2.tif,"[3845.4389038085938, 9492.268127441406, 22.32232666015625, 35.555328369140625]",0.7953196167945862,1
11773,230618_4-1-2.tif,"[9612.115905761719, 722.4441528320312, 40.1917724609375, 21.217254638671875]",0.7953152060508728,1
11774,230618_4-1-2.tif,"[6262.5418701171875, 5867.512512207031, 39.511749267578125, 23.6494140625]",0.7953093647956848,1
11775,230618_4-1-2.tif,"[873.7900390625, 3296.6114196777344, 16.020263671875, 31.595001220703125]",0.7952994108200073,1
11776,230618_4-1-2.tif,"[472.95501708984375, 1522.2935180664062, 26.0653076171875, 37.52112007141113]",0.7952589988708496,1
11777,230618_4-1-2.tif,"[620.8786468505859, 8021.832092285156, 37.7100830078125, 17.155517578125]",0.7952504754066467,1
11778,230618_4-1-2.tif,"[4515.2779541015625, 7393.2178955078125, 20.3856201171875, 34.699005126953125]",0.7952417731285095,1
11779,230618_4-1-2.tif,"[4994.596618652344, 2257.923095703125, 25.3333740234375, 29.62921142578125]",0.7952410578727722,1
11780,230618_4-1-2.tif,"[2900.8218383789062, 2528.7105102539062, 18.67803955078125, 32.83465576171875]",0.7952314019203186,1
11781,230618_4-1-2.tif,"[676.5687713623047, 4460.274597167969, 17.89996337890625, 38.8485107421875]",0.7952158451080322,1
11782,230618_4-1-2.tif,"[9482.014404296875, 8499.134582519531, 26.752944946289062, 22.268310546875]",0.7950782179832458,1
11783,230618_4-1-2.tif,"[3345.7803344726562, 426.3529357910156, 40.086181640625, 20.7943115234375]",0.7950527667999268,1
11784,230618_4-1-2.tif,"[7103.394104003906, 547.0299072265625, 31.116943359375, 23.9825439453125]",0.7950477600097656,1
11785,230618_4-1-2.tif,"[5426.7852783203125, 3705.3230895996094, 19.511962890625, 30.965118408203125]",0.7950263023376465,1
11786,230618_4-1-2.tif,"[5300.704986572266, 5435.096008300781, 19.3837890625, 37.4996337890625]",0.7950165271759033,1
11787,230618_4-1-2.tif,"[1910.9353942871094, 3229.6779174804688, 34.8892822265625, 20.95477294921875]",0.7949805855751038,1
11788,230618_4-1-2.tif,"[2948.073974609375, 575.973876953125, 16.43267822265625, 38.45674133300781]",0.7949783205986023,1
11789,230618_4-1-2.tif,"[4454.466979980469, 6545.5045166015625, 19.7919921875, 35.67431640625]",0.7949602603912354,1
11790,230618_4-1-2.tif,"[6911.775482177734, 3520.7448120117188, 39.208740234375, 19.0101318359375]",0.7949426770210266,1
11791,230618_4-1-2.tif,"[6552.403045654297, 9187.064636230469, 31.46697998046875, 22.8753662109375]",0.794933021068573,1
11792,230618_4-1-2.tif,"[2526.3619079589844, 2438.3584594726562, 22.5189208984375, 33.6739501953125]",0.7949097752571106,1
11793,230618_4-1-2.tif,"[5166.868782043457, 6688.452396392822, 36.62420654296875, 18.348045349121094]",0.7948954701423645,1
11794,230618_4-1-2.tif,"[5308.542663574219, 9654.764465332031, 35.809844970703125, 18.824951171875]",0.7948921322822571,1
11795,230618_4-1-2.tif,"[120.27814483642578, 6622.3065185546875, 29.46794891357422, 20.765380859375]",0.7948880791664124,1
11796,230618_4-1-2.tif,"[1264.5060424804688, 7566.124725341797, 22.26104736328125, 33.93194580078125]",0.7948406934738159,1
11797,230618_4-1-2.tif,"[6750.213287353516, 7631.258026123047, 20.0042724609375, 36.468017578125]",0.7948313355445862,1
11798,230618_4-1-2.tif,"[1041.8911743164062, 1292.65478515625, 24.28790283203125, 26.2100830078125]",0.7948103547096252,1
11799,230618_4-1-2.tif,"[6653.539459228516, 5037.99755859375, 21.093154907226562, 37.64581298828125]",0.7948052287101746,1
11800,230618_4-1-2.tif,"[1498.1040649414062, 5811.3587646484375, 29.5394287109375, 29.456512451171875]",0.7947154641151428,1
11801,230618_4-1-2.tif,"[3746.0345764160156, 7138.10400390625, 32.104278564453125, 19.9901123046875]",0.7946518659591675,1
11802,230618_4-1-2.tif,"[622.584228515625, 2516.082061767578, 39.99163818359375, 19.332183837890625]",0.7946476340293884,1
11803,230618_4-1-2.tif,"[7122.87841796875, 8352.434860229492, 22.4527587890625, 38.908355712890625]",0.7946200966835022,1
11804,230618_4-1-2.tif,"[2892.1759033203125, 5192.335754394531, 29.29248046875, 19.8035888671875]",0.7946038842201233,1
11805,230618_4-1-2.tif,"[5425.006103515625, 7408.331970214844, 36.0633544921875, 18.954681396484375]",0.7945806980133057,1
11806,230618_4-1-2.tif,"[3148.85400390625, 3345.2345581054688, 17.668701171875, 30.58551025390625]",0.7945766448974609,1
11807,230618_4-1-2.tif,"[6432.485595703125, 1755.5504455566406, 30.5860595703125, 28.233184814453125]",0.7945711016654968,1
11808,230618_4-1-2.tif,"[9936.59130859375, 1465.7073669433594, 36.66943359375, 24.4287109375]",0.794543981552124,1
11809,230618_4-1-2.tif,"[7481.3641357421875, 7398.721527099609, 41.13232421875, 23.57757568359375]",0.7945196628570557,1
11810,230618_4-1-2.tif,"[7780.5743408203125, 7599.7081298828125, 21.4007568359375, 31.553466796875]",0.7944555282592773,1
11811,230618_4-1-2.tif,"[9780.474151611328, 8282.632095336914, 40.380126953125, 19.570632934570312]",0.7944372892379761,1
11812,230618_4-1-2.tif,"[7194.762914657593, 5767.582336425781, 22.066041946411133, 34.35418701171875]",0.7943750023841858,1
11813,230618_4-1-2.tif,"[3064.27197265625, 4062.4607849121094, 33.780517578125, 23.672210693359375]",0.7942461371421814,1
11814,230618_4-1-2.tif,"[5440.3568115234375, 6129.4259033203125, 29.3551025390625, 25.2359619140625]",0.7941463589668274,1
11815,230618_4-1-2.tif,"[4719.7880859375, 9663.520935058594, 18.087738037109375, 42.437255859375]",0.7940579652786255,1
11816,230618_4-1-2.tif,"[3670.756103515625, 4871.421936035156, 31.74847412109375, 20.6256103515625]",0.7939506769180298,1
11817,230618_4-1-2.tif,"[2089.7374954223633, 7991.300598144531, 22.171981811523438, 33.7947998046875]",0.7938807606697083,1
11818,230618_4-1-2.tif,"[8999.004943847656, 559.510009765625, 22.70635986328125, 33.885986328125]",0.7938632965087891,1
11819,230618_4-1-2.tif,"[2636.9017333984375, 7355.317565917969, 18.963943481445312, 38.192108154296875]",0.7938297986984253,1
11820,230618_4-1-2.tif,"[1912.9582214355469, 465.695068359375, 36.94927978515625, 17.1602783203125]",0.7937654256820679,1
11821,230618_4-1-2.tif,"[4679.0648193359375, 9183.695739746094, 19.635009765625, 48.53936767578125]",0.7937487363815308,1
11822,230618_4-1-2.tif,"[1036.2281885147095, 7233.9027099609375, 18.29968547821045, 37.78350830078125]",0.7937357425689697,1
11823,230618_4-1-2.tif,"[2468.2786865234375, 9165.662628173828, 18.9783935546875, 41.20806884765625]",0.7937251329421997,1
11824,230618_4-1-2.tif,"[4992.74267578125, 9689.376708984375, 19.6912841796875, 43.09063720703125]",0.7936862707138062,1
11825,230618_4-1-2.tif,"[1503.2816162109375, 2442.0760498046875, 19.485595703125, 32.00653076171875]",0.7936393618583679,1
11826,230618_4-1-2.tif,"[1189.8436889648438, 3842.3924560546875, 21.37542724609375, 34.286865234375]",0.7936202883720398,1
11827,230618_4-1-2.tif,"[4532.584045410156, 4850.997344970703, 17.5943603515625, 45.25592041015625]",0.7935428619384766,1
11828,230618_4-1-2.tif,"[2048.8199462890625, 1351.9732055664062, 17.689964294433594, 35.4027099609375]",0.7935126423835754,1
11829,230618_4-1-2.tif,"[1614.323486328125, 3595.875761985779, 38.6824951171875, 18.67807102203369]",0.7934786081314087,1
11830,230618_4-1-2.tif,"[704.3187561035156, 6363.564270019531, 17.61004638671875, 34.25653076171875]",0.7934759855270386,1
11831,230618_4-1-2.tif,"[4097.298645019531, 4094.3046264648438, 16.21222496032715, 39.19425964355469]",0.793412446975708,1
11832,230618_4-1-2.tif,"[4185.598175048828, 8233.2660446167, 36.457244873046875, 19.724929809570312]",0.7934107184410095,1
11833,230618_4-1-2.tif,"[4565.568023681641, 3137.009765625, 37.5986328125, 18.5323486328125]",0.7933446168899536,1
11834,230618_4-1-2.tif,"[2025.80615234375, 5281.990051269531, 24.00830078125, 35.0155029296875]",0.7933277487754822,1
11835,230618_4-1-2.tif,"[2550.4868774414062, 2614.4393920898438, 25.09225845336914, 32.22076416015625]",0.7933161854743958,1
11836,230618_4-1-2.tif,"[6805.104629516602, 9287.441345214844, 18.75811767578125, 42.971923828125]",0.793291449546814,1
11837,230618_4-1-2.tif,"[6010.184997558594, 7835.177810668945, 19.833251953125, 32.74395751953125]",0.7932814359664917,1
11838,230618_4-1-2.tif,"[6091.340576171875, 7919.597152709961, 25.390625, 35.00404357910156]",0.793256938457489,1
11839,230618_4-1-2.tif,"[7118.626129150391, 9235.555786132812, 19.39794921875, 42.23095703125]",0.7932348847389221,1
11840,230618_4-1-2.tif,"[4390.8258056640625, 7202.190246582031, 33.515625, 16.7713623046875]",0.7932213544845581,1
11841,230618_4-1-2.tif,"[9906.824462890625, 648.3413543701172, 36.82373046875, 27.6536865234375]",0.7931988835334778,1
11842,230618_4-1-2.tif,"[6726.806457519531, 2450.3089599609375, 56.4686279296875, 35.77276611328125]",0.793195903301239,1
11843,230618_4-1-2.tif,"[2304.3285522460938, 38.78942108154297, 23.014404296875, 32.540733337402344]",0.7931732535362244,1
11844,230618_4-1-2.tif,"[7027.422424316406, 4139.270751953125, 17.66748046875, 36.937255859375]",0.7930749654769897,1
11845,230618_4-1-2.tif,"[792.9680786132812, 7793.561279296875, 41.074371337890625, 22.322601318359375]",0.7930295467376709,1
11846,230618_4-1-2.tif,"[7739.7174072265625, 4402.390380859375, 33.729286193847656, 17.584228515625]",0.7929826378822327,1
11847,230618_4-1-2.tif,"[6959.092712402344, 6693.1346435546875, 34.68408203125, 19.924072265625]",0.7929766178131104,1
11848,230618_4-1-2.tif,"[2259.2411346435547, 1322.4232177734375, 18.013275146484375, 44.14910888671875]",0.7929741740226746,1
11849,230618_4-1-2.tif,"[6145.307388305664, 9394.17611694336, 37.44096374511719, 19.046165466308594]",0.7929691672325134,1
11850,230618_4-1-2.tif,"[3700.781005859375, 2971.6058044433594, 20.565231323242188, 32.35491943359375]",0.792900562286377,1
11851,230618_4-1-2.tif,"[4808.921875, 4670.696533203125, 37.51800537109375, 23.5556640625]",0.7928820252418518,1
11852,230618_4-1-2.tif,"[1852.3421020507812, 7726.8404541015625, 19.9298095703125, 36.40478515625]",0.7928574681282043,1
11853,230618_4-1-2.tif,"[7359.451629638672, 4362.4892578125, 35.009307861328125, 18.9715576171875]",0.792855441570282,1
11854,230618_4-1-2.tif,"[4038.240966796875, 5778.686248779297, 32.603271484375, 23.27947998046875]",0.7928075790405273,1
11855,230618_4-1-2.tif,"[1707.0552062988281, 8202.223083496094, 41.248992919921875, 19.4327392578125]",0.7927318811416626,1
11856,230618_4-1-2.tif,"[2478.89599609375, 8469.106872558594, 30.8436279296875, 34.9183349609375]",0.7927190065383911,1
11857,230618_4-1-2.tif,"[2157.5289306640625, 6614.8538818359375, 33.825897216796875, 20.7322998046875]",0.7926069498062134,1
11858,230618_4-1-2.tif,"[3017.7778930664062, 523.7960062026978, 33.31451416015625, 19.614462852478027]",0.7926066517829895,1
11859,230618_4-1-2.tif,"[4709.77555847168, 3979.3829650878906, 36.7998046875, 19.19427490234375]",0.7925435900688171,1
11860,230618_4-1-2.tif,"[4266.205718994141, 6932.938537597656, 16.050506591796875, 37.2264404296875]",0.7923608422279358,1
11861,230618_4-1-2.tif,"[7596.087921142578, 3940.5025329589844, 20.87548828125, 33.7540283203125]",0.7923402786254883,1
11862,230618_4-1-2.tif,"[5989.813537597656, 7744.74755859375, 18.4300537109375, 36.32763671875]",0.7923006415367126,1
11863,230618_4-1-2.tif,"[792.2408447265625, 7929.045104980469, 37.4569091796875, 21.98736572265625]",0.7922869920730591,1
11864,230618_4-1-2.tif,"[5326.202239990234, 558.1959228515625, 21.32891845703125, 36.05712890625]",0.7922853827476501,1
11865,230618_4-1-2.tif,"[7360.546661376953, 1450.2777709960938, 40.0587158203125, 19.1622314453125]",0.7922693490982056,1
11866,230618_4-1-2.tif,"[5870.105407714844, 177.82693481445312, 35.005126953125, 19.573486328125]",0.7922590374946594,1
11867,230618_4-1-2.tif,"[4693.796813964844, 6197.279357910156, 18.849853515625, 40.55827331542969]",0.7922509908676147,1
11868,230618_4-1-2.tif,"[7715.308929443359, 6355.3223876953125, 30.602073669433594, 23.56182861328125]",0.7922486662864685,1
11869,230618_4-1-2.tif,"[8985.025268554688, 9070.189819335938, 17.8731689453125, 40.4327392578125]",0.7922398447990417,1
11870,230618_4-1-2.tif,"[3655.4447021484375, 489.08563232421875, 20.753662109375, 35.83924865722656]",0.7922385931015015,1
11871,230618_4-1-2.tif,"[1537.4292659759521, 2682.9782791137695, 20.415895462036133, 39.01146697998047]",0.7922335863113403,1
11872,230618_4-1-2.tif,"[8769.57861328125, 9010.434753417969, 17.405029296875, 39.72601318359375]",0.7919951677322388,1
11873,230618_4-1-2.tif,"[5092.6859130859375, 7374.337127685547, 33.562849044799805, 28.16241455078125]",0.7919756770133972,1
11874,230618_4-1-2.tif,"[6627.234710693359, 2968.5584716796875, 20.01275634765625, 40.1680908203125]",0.7919601202011108,1
11875,230618_4-1-2.tif,"[7176.4097900390625, 3711.8136291503906, 19.370182037353516, 45.13006591796875]",0.7919530868530273,1
11876,230618_4-1-2.tif,"[3922.926513671875, 8309.919311523438, 26.27911376953125, 29.300064086914062]",0.7919265627861023,1
11877,230618_4-1-2.tif,"[3188.0924682617188, 832.1491088867188, 19.145950317382812, 35.058837890625]",0.7918848991394043,1
11878,230618_4-1-2.tif,"[3092.6212158203125, 1986.6724243164062, 23.5068359375, 27.59295654296875]",0.7918339371681213,1
11879,230618_4-1-2.tif,"[4235.330963134766, 8992.8388671875, 19.466156005859375, 33.421630859375]",0.7917789220809937,1
11880,230618_4-1-2.tif,"[7704.613586425781, 8874.277282714844, 35.4273681640625, 21.560760498046875]",0.7917312383651733,1
11881,230618_4-1-2.tif,"[2244.9048767089844, 6075.78466796875, 20.40771484375, 38.17498779296875]",0.7917047142982483,1
11882,230618_4-1-2.tif,"[4785.917556762695, 4540.8443603515625, 34.989776611328125, 20.90533447265625]",0.7916911840438843,1
11883,230618_4-1-2.tif,"[7647.9075927734375, 3730.8296813964844, 33.0599365234375, 19.4560546875]",0.7916395664215088,1
11884,230618_4-1-2.tif,"[6562.618988037109, 879.6700744628906, 17.44781494140625, 36.41632080078125]",0.7916180491447449,1
11885,230618_4-1-2.tif,"[5273.678787231445, 4463.1553955078125, 18.753997802734375, 37.11773681640625]",0.791562020778656,1
11886,230618_4-1-2.tif,"[164.3071746826172, 1018.7639770507812, 17.868133544921875, 30.7147216796875]",0.7914888262748718,1
11887,230618_4-1-2.tif,"[2625.6810302734375, 7852.835021972656, 18.564697265625, 39.97515869140625]",0.791446328163147,1
11888,230618_4-1-2.tif,"[9495.662994384766, 6871.851959228516, 33.57244873046875, 24.572418212890625]",0.7914241552352905,1
11889,230618_4-1-2.tif,"[6310.6107177734375, 6719.391067504883, 16.139739990234375, 24.846237182617188]",0.7914161086082458,1
11890,230618_4-1-2.tif,"[9769.084594726562, 7416.7548828125, 18.902099609375, 35.54534912109375]",0.7914091944694519,1
11891,230618_4-1-2.tif,"[6461.986145019531, 7144.660095214844, 27.69927978515625, 36.80696105957031]",0.7913783192634583,1
11892,230618_4-1-2.tif,"[1416.7723388671875, 913.6377868652344, 36.7039794921875, 18.2135009765625]",0.7913506627082825,1
11893,230618_4-1-2.tif,"[4545.8681640625, 994.8224487304688, 31.56207275390625, 30.90374755859375]",0.7913021445274353,1
11894,230618_4-1-2.tif,"[804.4168090820312, 1195.8922119140625, 38.73486328125, 21.7791748046875]",0.7912588119506836,1
11895,230618_4-1-2.tif,"[2661.521697998047, 3613.3134765625, 19.312606811523438, 38.63720703125]",0.7912482023239136,1
11896,230618_4-1-2.tif,"[985.3855895996094, 1026.3243408203125, 36.582000732421875, 20.618328094482422]",0.7912356853485107,1
11897,230618_4-1-2.tif,"[8021.6693115234375, 2290.0467834472656, 21.8177490234375, 31.09295654296875]",0.7912255525588989,1
11898,230618_4-1-2.tif,"[5733.849060058594, 3144.240203857422, 31.122039794921875, 25.48895263671875]",0.7911524772644043,1
11899,230618_4-1-2.tif,"[5386.3721923828125, 556.490478515625, 26.2784423828125, 37.6029052734375]",0.7911436557769775,1
11900,230618_4-1-2.tif,"[3512.9895935058594, 7858.992614746094, 21.991455078125, 41.20306396484375]",0.791123628616333,1
11901,230618_4-1-2.tif,"[8836.62808227539, 8778.657852172852, 30.757080078125, 22.524185180664062]",0.7911142110824585,1
11902,230618_4-1-2.tif,"[5320.822784423828, 8399.194381713867, 36.46795654296875, 19.27191162109375]",0.7910837531089783,1
11903,230618_4-1-2.tif,"[8160.093444824219, 9120.775512695312, 32.15924072265625, 24.8677978515625]",0.7910434007644653,1
11904,230618_4-1-2.tif,"[6629.7921142578125, 9933.023132324219, 39.778151512145996, 17.0872802734375]",0.7910303473472595,1
11905,230618_4-1-2.tif,"[8357.733428955078, 590.149169921875, 21.37445068359375, 35.7568359375]",0.7909914255142212,1
11906,230618_4-1-2.tif,"[2795.5889282226562, 2635.5428771972656, 25.102813720703125, 31.2049560546875]",0.7909737229347229,1
11907,230618_4-1-2.tif,"[4761.4647216796875, 2225.808792114258, 19.4061279296875, 36.8797607421875]",0.790956974029541,1
11908,230618_4-1-2.tif,"[4736.327941894531, 7230.5441246032715, 20.89111328125, 37.957584381103516]",0.7909494042396545,1
11909,230618_4-1-2.tif,"[3617.490936279297, 9410.071838378906, 29.855865478515625, 29.800430297851562]",0.7909475564956665,1
11910,230618_4-1-2.tif,"[1441.2492065429688, 1873.3558959960938, 25.8310546875, 32.155029296875]",0.7908857464790344,1
11911,230618_4-1-2.tif,"[3954.9321899414062, 3010.8099975585938, 17.5179443359375, 38.655029296875]",0.7908135056495667,1
11912,230618_4-1-2.tif,"[5492.0528564453125, 6886.761016845703, 39.73095703125, 19.42132568359375]",0.7907605171203613,1
11913,230618_4-1-2.tif,"[2116.031982421875, 1973.8908081054688, 37.818359375, 17.6649169921875]",0.7907549142837524,1
11914,230618_4-1-2.tif,"[303.64556884765625, 6835.2724609375, 25.186279296875, 34.18145751953125]",0.7907385230064392,1
11915,230618_4-1-2.tif,"[8031.964385986328, 6540.963439941406, 17.43646240234375, 40.97930908203125]",0.7907347679138184,1
11916,230618_4-1-2.tif,"[7691.338946342468, 3143.5767822265625, 30.93290424346924, 34.16925048828125]",0.7907127737998962,1
11917,230618_4-1-2.tif,"[6517.849639892578, 3782.342071533203, 37.320068359375, 25.652099609375]",0.7906742691993713,1
11918,230618_4-1-2.tif,"[9636.029968261719, 165.06097412109375, 22.18212890625, 40.625274658203125]",0.7906299233436584,1
11919,230618_4-1-2.tif,"[3281.8436279296875, 611.430419921875, 17.747802734375, 32.98455810546875]",0.7906121015548706,1
11920,230618_4-1-2.tif,"[65.17472839355469, 701.5389404296875, 18.208404541015625, 38.15692138671875]",0.7905702590942383,1
11921,230618_4-1-2.tif,"[6757.031150817871, 9551.145629882812, 19.82274627685547, 33.2806396484375]",0.7905656695365906,1
11922,230618_4-1-2.tif,"[4388.35107421875, 5723.025146484375, 32.084228515625, 30.086181640625]",0.7905445098876953,1
11923,230618_4-1-2.tif,"[9916.40380859375, 9653.341064453125, 36.2412109375, 17.86376953125]",0.7905339598655701,1
11924,230618_4-1-2.tif,"[6542.283020019531, 8123.031768798828, 33.986083984375, 21.7872314453125]",0.7905247807502747,1
11925,230618_4-1-2.tif,"[8553.119567871094, 8307.325927734375, 30.7020263671875, 34.721221923828125]",0.7904844880104065,1
11926,230618_4-1-2.tif,"[3239.6300354003906, 7046.0330810546875, 22.98834228515625, 34.28839111328125]",0.790475606918335,1
11927,230618_4-1-2.tif,"[6565.759948730469, 7020.371337890625, 17.0521240234375, 40.4835205078125]",0.7904165387153625,1
11928,230618_4-1-2.tif,"[6273.410125732422, 2765.524444580078, 19.753997802734375, 36.784698486328125]",0.7903916239738464,1
11929,230618_4-1-2.tif,"[5536.524658203125, 2647.4341888427734, 19.37939453125, 36.04505920410156]",0.7903209924697876,1
11930,230618_4-1-2.tif,"[7454.274719238281, 145.03170776367188, 29.0489501953125, 25.8431396484375]",0.7902829051017761,1
11931,230618_4-1-2.tif,"[4354.916015625, 9657.592407226562, 18.0015869140625, 30.067138671875]",0.7902500033378601,1
11932,230618_4-1-2.tif,"[2599.9931640625, 1441.9588317871094, 17.531982421875, 38.66326904296875]",0.790245771408081,1
11933,230618_4-1-2.tif,"[6579.288330078125, 1488.5445861816406, 36.2313232421875, 17.44293212890625]",0.7901845574378967,1
11934,230618_4-1-2.tif,"[6821.810760498047, 2369.2379150390625, 40.4200439453125, 22.73321533203125]",0.7901539206504822,1
11935,230618_4-1-2.tif,"[2891.2412109375, 7006.5350341796875, 20.8282470703125, 30.61602783203125]",0.7900795340538025,1
11936,230618_4-1-2.tif,"[3996.835418701172, 1449.8446655273438, 34.2257080078125, 16.9298095703125]",0.7900459170341492,1
11937,230618_4-1-2.tif,"[6198.280414581299, 3882.5319213867188, 41.79055404663086, 19.363037109375]",0.7899678945541382,1
11938,230618_4-1-2.tif,"[1050.1441650390625, 8411.228408813477, 41.3779296875, 19.063385009765625]",0.7898885607719421,1
11939,230618_4-1-2.tif,"[5063.563751220703, 6560.5806884765625, 25.946044921875, 29.7943115234375]",0.7898663878440857,1
11940,230618_4-1-2.tif,"[4094.0167846679688, 7987.46875, 39.633056640625, 23.381256103515625]",0.7898479104042053,1
11941,230618_4-1-2.tif,"[4089.849151611328, 6278.0003662109375, 18.97493076324463, 39.37290954589844]",0.7897696495056152,1
11942,230618_4-1-2.tif,"[3963.6083374023438, 1949.6969604492188, 20.9603271484375, 36.42529296875]",0.7897220253944397,1
11943,230618_4-1-2.tif,"[3405.1027221679688, 1189.91064453125, 18.5257568359375, 37.96044921875]",0.7896382808685303,1
11944,230618_4-1-2.tif,"[7973.765075683594, 3110.898307800293, 20.068115234375, 34.25934600830078]",0.7895970344543457,1
11945,230618_4-1-2.tif,"[5168.2921142578125, 684.4755249023438, 29.49285888671875, 24.621826171875]",0.789496898651123,1
11946,230618_4-1-2.tif,"[1456.1210327148438, 7176.502661705017, 37.826416015625, 18.38979434967041]",0.7894858121871948,1
11947,230618_4-1-2.tif,"[5438.2930908203125, 833.3330078125, 18.90155029296875, 34.2628173828125]",0.7894737720489502,1
11948,230618_4-1-2.tif,"[3004.98291015625, 6592.577331542969, 21.33795166015625, 34.7147216796875]",0.789454460144043,1
11949,230618_4-1-2.tif,"[3013.0223083496094, 1434.10986328125, 17.10943603515625, 37.2086181640625]",0.7894116044044495,1
11950,230618_4-1-2.tif,"[1391.2522583007812, 1722.8504943847656, 17.921630859375, 35.763427734375]",0.7893922924995422,1
11951,230618_4-1-2.tif,"[5663.541212081909, 8880.00634765625, 18.161165237426758, 37.509765625]",0.7893352508544922,1
11952,230618_4-1-2.tif,"[380.60589599609375, 4475.6484375, 22.208251953125, 37.1331787109375]",0.789272665977478,1
11953,230618_4-1-2.tif,"[8553.027160644531, 6802.333435058594, 25.677734375, 32.326202392578125]",0.7892324328422546,1
11954,230618_4-1-2.tif,"[270.62493896484375, 6451.386322021484, 19.5718994140625, 37.06280517578125]",0.7892273664474487,1
11955,230618_4-1-2.tif,"[8071.470672607422, 6660.155776977539, 21.079803466796875, 32.68656921386719]",0.7892130613327026,1
11956,230618_4-1-2.tif,"[1590.3813858032227, 312.5394287109375, 17.77935791015625, 34.1611328125]",0.7892022728919983,1
11957,230618_4-1-2.tif,"[3162.403480529785, 2379.7086181640625, 15.593887329101562, 36.90008544921875]",0.7891689538955688,1
11958,230618_4-1-2.tif,"[2630.2095489501953, 9614.454620361328, 22.215438842773438, 36.761016845703125]",0.7891583442687988,1
11959,230618_4-1-2.tif,"[4970.01220703125, 4325.559417724609, 30.77886962890625, 16.3153076171875]",0.7891466021537781,1
11960,230618_4-1-2.tif,"[7648.065185546875, 8982.05029296875, 17.395751953125, 37.681884765625]",0.7891366481781006,1
11961,230618_4-1-2.tif,"[7205.056129455566, 2967.977294921875, 38.993186950683594, 19.2637939453125]",0.7891124486923218,1
11962,230618_4-1-2.tif,"[8414.778839111328, 0.04759788513183594, 23.5838623046875, 21.867591857910156]",0.7891102433204651,1
11963,230618_4-1-2.tif,"[9006.725708007812, 1127.6569519042969, 33.01806640625, 23.515533447265625]",0.7890405654907227,1
11964,230618_4-1-2.tif,"[2734.0762634277344, 1923.2100219726562, 35.150054931640625, 17.4078369140625]",0.7890395522117615,1
11965,230618_4-1-2.tif,"[6970.948394775391, 4869.298034667969, 20.4495849609375, 40.1107177734375]",0.7890395522117615,1
11966,230618_4-1-2.tif,"[7711.0452880859375, 5644.0958251953125, 18.65234375, 37.5712890625]",0.7890354990959167,1
11967,230618_4-1-2.tif,"[1313.5653686523438, 3432.1880493164062, 15.870849609375, 36.4459228515625]",0.7890353202819824,1
11968,230618_4-1-2.tif,"[2936.008270263672, 6323.756042480469, 21.51153564453125, 29.2099609375]",0.7889403700828552,1
11969,230618_4-1-2.tif,"[3454.8741455078125, 6524.448974609375, 35.59912109375, 18.2730712890625]",0.7889365553855896,1
11970,230618_4-1-2.tif,"[2857.411834716797, 1868.7924499511719, 21.49188232421875, 34.3736572265625]",0.7889222502708435,1
11971,230618_4-1-2.tif,"[1958.7127380371094, 7368.9703369140625, 24.1094970703125, 35.58209228515625]",0.7888575196266174,1
11972,230618_4-1-2.tif,"[5066.408264160156, 6286.264450073242, 37.00018310546875, 25.854156494140625]",0.7888497114181519,1
11973,230618_4-1-2.tif,"[3365.709197998047, 7584.217529296875, 26.85467529296875, 30.33349609375]",0.7888109087944031,1
11974,230618_4-1-2.tif,"[1219.6483459472656, 2582.3910903930664, 18.715545654296875, 38.140647888183594]",0.7887891530990601,1
11975,230618_4-1-2.tif,"[4474.618438720703, 6150.938232421875, 38.8377685546875, 20.312999725341797]",0.7887601256370544,1
11976,230618_4-1-2.tif,"[1259.5450134277344, 6173.7242431640625, 22.617523193359375, 38.7666015625]",0.7887143492698669,1
11977,230618_4-1-2.tif,"[2074.5687866210938, 6903.473968505859, 18.6806640625, 34.37799072265625]",0.7886766791343689,1
11978,230618_4-1-2.tif,"[4046.559539794922, 8427.424377441406, 19.15191650390625, 33.5745849609375]",0.788673996925354,1
11979,230618_4-1-2.tif,"[4377.260986328125, 6027.7686767578125, 31.14117431640625, 21.0699462890625]",0.7886673808097839,1
11980,230618_4-1-2.tif,"[5364.175018310547, 8369.097686767578, 37.3890380859375, 20.55029296875]",0.7886555194854736,1
11981,230618_4-1-2.tif,"[5979.972839355469, 8425.78726196289, 19.4918212890625, 33.6007080078125]",0.7886407375335693,1
11982,230618_4-1-2.tif,"[9488.577026367188, 8870.183212280273, 37.8751220703125, 21.299407958984375]",0.7886378765106201,1
11983,230618_4-1-2.tif,"[4398.607391357422, 8992.093627929688, 17.84698486328125, 37.685302734375]",0.7885997295379639,1
11984,230618_4-1-2.tif,"[7461.608703613281, 6960.734313964844, 28.253662109375, 32.8250732421875]",0.788506805896759,1
11985,230618_4-1-2.tif,"[5914.635986328125, 9391.757081985474, 28.90557861328125, 35.90801811218262]",0.7884572744369507,1
11986,230618_4-1-2.tif,"[8256.77165222168, 6190.930732727051, 16.69512939453125, 38.57838439941406]",0.7884495258331299,1
11987,230618_4-1-2.tif,"[604.24658203125, 4726.4808349609375, 41.69026184082031, 20.201889038085938]",0.7884269952774048,1
11988,230618_4-1-2.tif,"[3311.0323181152344, 9791.822814941406, 18.0643310546875, 37.108642578125]",0.7884145379066467,1
11989,230618_4-1-2.tif,"[5402.902404785156, 101.11073303222656, 19.48956298828125, 35.83442687988281]",0.7883998155593872,1
11990,230618_4-1-2.tif,"[5827.849029541016, 1176.3695983886719, 26.90740966796875, 32.988739013671875]",0.7883590459823608,1
11991,230618_4-1-2.tif,"[8893.783294677734, 2079.3709716796875, 18.36273193359375, 42.9443359375]",0.7883135080337524,1
11992,230618_4-1-2.tif,"[5468.842712402344, 2511.8593139648438, 20.46484375, 38.0792236328125]",0.7882602214813232,1
11993,230618_4-1-2.tif,"[2564.9669189453125, 1548.92236328125, 18.377685546875, 39.861572265625]",0.788254976272583,1
11994,230618_4-1-2.tif,"[2697.4432220458984, 4797.073669433594, 39.402496337890625, 18.7962646484375]",0.7882163524627686,1
11995,230618_4-1-2.tif,"[1872.0430297851562, 5068.172790527344, 37.8582763671875, 18.820556640625]",0.7881997227668762,1
11996,230618_4-1-2.tif,"[8528.74301147461, 9635.246978759766, 33.314453125, 30.77508544921875]",0.7881927490234375,1
11997,230618_4-1-2.tif,"[3336.1057739257812, 4936.0887451171875, 17.78131103515625, 36.1767578125]",0.7881810665130615,1
11998,230618_4-1-2.tif,"[5587.4476318359375, 1505.6774291992188, 29.73046875, 28.40985107421875]",0.7880978584289551,1
11999,230618_4-1-2.tif,"[3102.45263671875, 7324.018157958984, 36.331298828125, 17.83843994140625]",0.7880960702896118,1
12000,230618_4-1-2.tif,"[5656.3798828125, 2244.7131958007812, 19.392833709716797, 28.878997802734375]",0.7880707383155823,1
12001,230618_4-1-2.tif,"[3880.1904907226562, 9010.404968261719, 20.811767578125, 37.0587158203125]",0.788065493106842,1
12002,230618_4-1-2.tif,"[1581.5575103759766, 7267.130477905273, 20.263450622558594, 38.50651550292969]",0.7880547046661377,1
12003,230618_4-1-2.tif,"[8862.496002197266, 9594.658264160156, 34.3070068359375, 28.137939453125]",0.7880252003669739,1
12004,230618_4-1-2.tif,"[2208.1912536621094, 4997.0560302734375, 19.48187255859375, 41.37744140625]",0.7880210876464844,1
12005,230618_4-1-2.tif,"[2297.7470092773438, 2844.3550720214844, 15.83135986328125, 31.81915283203125]",0.7879903316497803,1
12006,230618_4-1-2.tif,"[6745.695175170898, 7814.8414306640625, 38.06166076660156, 18.2840576171875]",0.7879858613014221,1
12007,230618_4-1-2.tif,"[174.09619140625, 9361.607650756836, 19.4642333984375, 37.29627990722656]",0.7879111766815186,1
12008,230618_4-1-2.tif,"[225.95361328125, 4514.175109863281, 15.622314453125, 37.6937255859375]",0.7879073023796082,1
12009,230618_4-1-2.tif,"[7488.448669433594, 1176.084213256836, 18.1007080078125, 35.10760498046875]",0.7878526449203491,1
12010,230618_4-1-2.tif,"[5535.316955566406, 4672.698921203613, 32.209991455078125, 16.328231811523438]",0.7878357768058777,1
12011,230618_4-1-2.tif,"[6797.982452392578, 689.2140197753906, 38.18939208984375, 15.18682861328125]",0.7878224849700928,1
12012,230618_4-1-2.tif,"[1498.4192504882812, 2008.7660217285156, 18.61962890625, 32.83953857421875]",0.7878157496452332,1
12013,230618_4-1-2.tif,"[7799.238525390625, 153.16848754882812, 32.1663818359375, 27.556838989257812]",0.7876996994018555,1
12014,230618_4-1-2.tif,"[4769.558013916016, 943.0918884277344, 33.4488525390625, 24.47125244140625]",0.7876352667808533,1
12015,230618_4-1-2.tif,"[2543.0158081054688, 800.8331909179688, 17.9881591796875, 34.9652099609375]",0.7876285314559937,1
12016,230618_4-1-2.tif,"[4474.4720458984375, 8144.209655761719, 35.19921875, 21.42529296875]",0.7875982522964478,1
12017,230618_4-1-2.tif,"[5493.075347900391, 7465.866943359375, 19.55096435546875, 41.02752685546875]",0.7875296473503113,1
12018,230618_4-1-2.tif,"[8278.001831054688, 9852.923889160156, 39.30419921875, 20.72796630859375]",0.78749680519104,1
12019,230618_4-1-2.tif,"[5672.513290405273, 2002.9667358398438, 36.488006591796875, 23.978271484375]",0.7874746322631836,1
12020,230618_4-1-2.tif,"[92.26240539550781, 8594.908447265625, 27.5697021484375, 33.306640625]",0.7874404788017273,1
12021,230618_4-1-2.tif,"[7056.993957519531, 4278.9366455078125, 19.512939453125, 34.774658203125]",0.7874282002449036,1
12022,230618_4-1-2.tif,"[888.0963134765625, 5356.740966796875, 41.0096435546875, 18.4141845703125]",0.7873377799987793,1
12023,230618_4-1-2.tif,"[1396.4457397460938, 5821.869384765625, 18.661376953125, 38.25146484375]",0.7873360514640808,1
12024,230618_4-1-2.tif,"[2830.9688720703125, 579.2770385742188, 27.6082763671875, 25.2464599609375]",0.7873204946517944,1
12025,230618_4-1-2.tif,"[6218.321838378906, 3032.3087158203125, 38.9071044921875, 25.346160888671875]",0.787156343460083,1
12026,230618_4-1-2.tif,"[3239.771453857422, 8886.194519042969, 36.50933837890625, 18.94073486328125]",0.7871368527412415,1
12027,230618_4-1-2.tif,"[3531.4664001464844, 2246.400177001953, 36.034912109375, 16.88616943359375]",0.7871049046516418,1
12028,230618_4-1-2.tif,"[542.3817672729492, 7675.9002685546875, 18.918350219726562, 33.96826171875]",0.787053108215332,1
12029,230618_4-1-2.tif,"[9287.845642089844, 9453.19108581543, 17.481689453125, 19.550094604492188]",0.7870334386825562,1
12030,230618_4-1-2.tif,"[7351.397720336914, 3358.850311279297, 36.46112060546875, 20.24053955078125]",0.7870066165924072,1
12031,230618_4-1-2.tif,"[4463.63525390625, 3639.2387733459473, 32.9371337890625, 26.45821762084961]",0.7869840860366821,1
12032,230618_4-1-2.tif,"[495.7877197265625, 5092.745910644531, 29.12459945678711, 25.194183349609375]",0.7869146466255188,1
12033,230618_4-1-2.tif,"[9398.831130981445, 7633.622314453125, 32.82707214355469, 17.8555908203125]",0.7869104743003845,1
12034,230618_4-1-2.tif,"[5683.597991943359, 5105.995361328125, 42.212890625, 19.715726375579834]",0.7868111729621887,1
12035,230618_4-1-2.tif,"[9820.378234863281, 1289.7960205078125, 24.47625732421875, 29.038421630859375]",0.7867630124092102,1
12036,230618_4-1-2.tif,"[7508.195007324219, 5808.046417236328, 31.7230224609375, 23.366790771484375]",0.786726176738739,1
12037,230618_4-1-2.tif,"[8306.629287719727, 1617.344970703125, 19.166000366210938, 43.12060546875]",0.7866778373718262,1
12038,230618_4-1-2.tif,"[3375.0131225585938, 2346.3429565429688, 17.8121337890625, 38.1246337890625]",0.7866758108139038,1
12039,230618_4-1-2.tif,"[8477.848449707031, 43.65161895751953, 18.8753662109375, 42.78495788574219]",0.786608099937439,1
12040,230618_4-1-2.tif,"[3312.9986572265625, 3419.0662841796875, 25.195556640625, 24.66632080078125]",0.7865557670593262,1
12041,230618_4-1-2.tif,"[7371.786560058594, 5298.658630371094, 29.3046875, 29.8126220703125]",0.7865187525749207,1
12042,230618_4-1-2.tif,"[5142.942687988281, 6871.418151855469, 35.4671630859375, 19.22021484375]",0.7865090370178223,1
12043,230618_4-1-2.tif,"[7529.8514404296875, 3236.312973022461, 19.762939453125, 39.230804443359375]",0.7864988446235657,1
12044,230618_4-1-2.tif,"[8125.389709472656, 7433.726989746094, 22.14990234375, 37.006103515625]",0.7864855527877808,1
12045,230618_4-1-2.tif,"[5655.645263671875, 8014.173065185547, 16.283935546875, 36.45330810546875]",0.7864694595336914,1
12046,230618_4-1-2.tif,"[8393.01806640625, 2047.909423828125, 40.264617919921875, 20.396156311035156]",0.7863986492156982,1
12047,230618_4-1-2.tif,"[4292.945785522461, 4452.519592285156, 38.381683349609375, 21.6802978515625]",0.7863103151321411,1
12048,230618_4-1-2.tif,"[5913.9337158203125, 8462.63070678711, 33.3414306640625, 23.671875]",0.7862595915794373,1
12049,230618_4-1-2.tif,"[87.10580444335938, 2978.7211303710938, 18.026519775390625, 35.7960205078125]",0.7862438559532166,1
12050,230618_4-1-2.tif,"[8890.527618408203, 9386.858963012695, 29.578826904296875, 16.9403076171875]",0.7861897349357605,1
12051,230618_4-1-2.tif,"[4188.4510498046875, 312.3656921386719, 17.8204345703125, 39.5477294921875]",0.7861771583557129,1
12052,230618_4-1-2.tif,"[593.2943115234375, 3134.1181640625, 29.95556640625, 17.581825256347656]",0.7861534357070923,1
12053,230618_4-1-2.tif,"[9299.508605957031, 7277.197998046875, 26.80242919921875, 38.663360595703125]",0.7861334085464478,1
12054,230618_4-1-2.tif,"[4291.8160400390625, 5563.684387207031, 18.937591552734375, 29.18310546875]",0.7859805822372437,1
12055,230618_4-1-2.tif,"[3287.8138122558594, 4073.355712890625, 20.764251708984375, 33.1815299987793]",0.7859031558036804,1
12056,230618_4-1-2.tif,"[1790.6792449951172, 6158.022216796875, 37.17933654785156, 25.3670654296875]",0.7858926653862,1
12057,230618_4-1-2.tif,"[7218.703701019287, 1357.2157592773438, 34.35477066040039, 22.20556640625]",0.7858871221542358,1
12058,230618_4-1-2.tif,"[2141.587600708008, 1079.044677734375, 22.990158081054688, 32.228759765625]",0.7857982516288757,1
12059,230618_4-1-2.tif,"[416.49908447265625, 3971.4536743164062, 29.44866943359375, 17.4031982421875]",0.7857047915458679,1
12060,230618_4-1-2.tif,"[753.5772705078125, 8460.335235595703, 24.09344482421875, 29.90496826171875]",0.7856981158256531,1
12061,230618_4-1-2.tif,"[5825.957656860352, 2199.6282653808594, 34.882781982421875, 31.68994140625]",0.785671591758728,1
12062,230618_4-1-2.tif,"[4845.367767333984, 7809.285095214844, 19.092315673828125, 43.956756591796875]",0.785635769367218,1
12063,230618_4-1-2.tif,"[5342.242935180664, 6033.6597900390625, 32.7633056640625, 16.9683837890625]",0.7855991125106812,1
12064,230618_4-1-2.tif,"[4904.704284667969, 428.48736572265625, 36.7161865234375, 18.5667724609375]",0.7855835556983948,1
12065,230618_4-1-2.tif,"[3956.0484008789062, 6501.228820800781, 40.4388427734375, 20.6881103515625]",0.7854616641998291,1
12066,230618_4-1-2.tif,"[2761.6229858398438, 9485.890563964844, 20.13922119140625, 37.9710693359375]",0.7854288816452026,1
12067,230618_4-1-2.tif,"[3292.2725677490234, 3531.713623046875, 22.108184814453125, 29.23370361328125]",0.7854242920875549,1
12068,230618_4-1-2.tif,"[5744.2236328125, 7106.9598388671875, 17.082366943359375, 35.7955322265625]",0.7853875160217285,1
12069,230618_4-1-2.tif,"[6713.494186401367, 3031.3826904296875, 19.227584838867188, 41.66986083984375]",0.7853723764419556,1
12070,230618_4-1-2.tif,"[7019.328796386719, 9245.2646484375, 21.3779296875, 41.1044921875]",0.7853354811668396,1
12071,230618_4-1-2.tif,"[797.0171813964844, 974.6978454589844, 32.81597900390625, 16.751953125]",0.7852776646614075,1
12072,230618_4-1-2.tif,"[1535.0912780761719, 5456.976989746094, 17.29535675048828, 35.531005859375]",0.7852699756622314,1
12073,230618_4-1-2.tif,"[5536.571838378906, 7602.911376953125, 20.1927490234375, 36.63232421875]",0.7852028012275696,1
12074,230618_4-1-2.tif,"[1716.8220825195312, 710.9796447753906, 37.247589111328125, 18.964385986328125]",0.7851078510284424,1
12075,230618_4-1-2.tif,"[1892.44384765625, 5587.444030761719, 23.5560302734375, 41.6854248046875]",0.7849869728088379,1
12076,230618_4-1-2.tif,"[2659.248779296875, 4341.911285400391, 19.721450805664062, 36.789306640625]",0.7849169969558716,1
12077,230618_4-1-2.tif,"[118.19303894042969, 4797.694580078125, 22.991607666015625, 30.4520263671875]",0.7848203182220459,1
12078,230618_4-1-2.tif,"[8773.269302368164, 558.6726684570312, 19.205184936523438, 38.86076354980469]",0.7847948670387268,1
12079,230618_4-1-2.tif,"[6062.97265625, 8847.58871459961, 20.575439453125, 37.480377197265625]",0.7847822904586792,1
12080,230618_4-1-2.tif,"[9802.732299804688, 8619.465270996094, 29.085205078125, 28.9996337890625]",0.7845332026481628,1
12081,230618_4-1-2.tif,"[7823.497741699219, 1242.5545654296875, 20.28729248046875, 38.04107666015625]",0.7845127582550049,1
12082,230618_4-1-2.tif,"[3072.7271156311035, 3573.4759826660156, 21.29111099243164, 33.8264102935791]",0.784398078918457,1
12083,230618_4-1-2.tif,"[249.53872680664062, 5813.217971801758, 29.2735595703125, 20.956390380859375]",0.784372091293335,1
12084,230618_4-1-2.tif,"[5540.183410644531, 9113.284301757812, 33.260498046875, 15.5159912109375]",0.7842837572097778,1
12085,230618_4-1-2.tif,"[7064.345520019531, 7738.234375, 16.0570068359375, 37.2213134765625]",0.7842710018157959,1
12086,230618_4-1-2.tif,"[3750.0386810302734, 4760.3055419921875, 27.62689208984375, 20.67071533203125]",0.784260630607605,1
12087,230618_4-1-2.tif,"[3655.8279571533203, 5758.96272277832, 21.151168823242188, 30.930221557617188]",0.7842554450035095,1
12088,230618_4-1-2.tif,"[2758.875503540039, 2723.5769653320312, 25.345001220703125, 25.36328125]",0.7842199802398682,1
12089,230618_4-1-2.tif,"[8599.270080566406, 368.99517822265625, 18.5521240234375, 33.77166748046875]",0.7841105461120605,1
12090,230618_4-1-2.tif,"[2212.6216735839844, 554.9123611450195, 21.344940185546875, 32.20280456542969]",0.7840049266815186,1
12091,230618_4-1-2.tif,"[8543.501556396484, 8078.662170410156, 23.256103515625, 24.1171875]",0.7839308977127075,1
12092,230618_4-1-2.tif,"[8002.147979736328, 8060.834991455078, 38.3807373046875, 18.37152099609375]",0.7838291525840759,1
12093,230618_4-1-2.tif,"[541.0810546875, 4797.477584838867, 20.607421875, 35.58306884765625]",0.783759355545044,1
12094,230618_4-1-2.tif,"[5833.405670166016, 3767.9785919189453, 19.86834716796875, 38.827423095703125]",0.7837293148040771,1
12095,230618_4-1-2.tif,"[4531.1798095703125, 5447.554382324219, 32.4464111328125, 20.85675048828125]",0.7837076783180237,1
12096,230618_4-1-2.tif,"[7807.4886474609375, 199.96392822265625, 35.74322509765625, 21.06109619140625]",0.7836872339248657,1
12097,230618_4-1-2.tif,"[2770.5047607421875, 3433.2145080566406, 21.5531005859375, 31.7879638671875]",0.7836688756942749,1
12098,230618_4-1-2.tif,"[7958.190216064453, 2029.9286499023438, 24.409088134765625, 38.28346252441406]",0.7835268974304199,1
12099,230618_4-1-2.tif,"[2278.320327758789, 1225.87255859375, 17.437469482421875, 40.6905517578125]",0.7834920287132263,1
12100,230618_4-1-2.tif,"[5738.01904296875, 8314.202026367188, 46.103271484375, 19.78839111328125]",0.7834867835044861,1
12101,230618_4-1-2.tif,"[4321.290145874023, 8610.58901977539, 21.972412109375, 33.48974609375]",0.783424437046051,1
12102,230618_4-1-2.tif,"[4472.133361816406, 4392.034942626953, 35.372314453125, 17.075927734375]",0.7833564877510071,1
12103,230618_4-1-2.tif,"[8751.232238769531, 7469.8304443359375, 18.1077880859375, 37.6900634765625]",0.7832983136177063,1
12104,230618_4-1-2.tif,"[6630.501159667969, 160.55198669433594, 18.3377685546875, 36.6148681640625]",0.7832852005958557,1
12105,230618_4-1-2.tif,"[7506.252502441406, 5901.3660888671875, 38.3621826171875, 17.264404296875]",0.7832410335540771,1
12106,230618_4-1-2.tif,"[491.3179931640625, 4615.744701385498, 28.05654811859131, 33.776649475097656]",0.7832341194152832,1
12107,230618_4-1-2.tif,"[3879.8739624023438, 8819.254768371582, 28.31494140625, 33.07183074951172]",0.7830985188484192,1
12108,230618_4-1-2.tif,"[891.779052734375, 482.06207275390625, 35.6590576171875, 18.06182861328125]",0.7830821871757507,1
12109,230618_4-1-2.tif,"[6955.174133300781, 9654.942596435547, 29.2720947265625, 28.6783447265625]",0.7830347418785095,1
12110,230618_4-1-2.tif,"[1373.0552368164062, 1107.001708984375, 35.923095703125, 22.150001525878906]",0.7829856276512146,1
12111,230618_4-1-2.tif,"[8413.44921875, 620.405029296875, 25.813232421875, 31.0556640625]",0.782873272895813,1
12112,230618_4-1-2.tif,"[5067.10400390625, 2761.77783203125, 21.0743408203125, 39.36907958984375]",0.7828522324562073,1
12113,230618_4-1-2.tif,"[3708.9897384643555, 9071.605346679688, 18.80805206298828, 35.3472900390625]",0.7827348113059998,1
12114,230618_4-1-2.tif,"[2815.9310607910156, 205.73171997070312, 17.6181640625, 29.68084716796875]",0.782724142074585,1
12115,230618_4-1-2.tif,"[7365.873077392578, 6684.401306152344, 23.60870361328125, 29.087646484375]",0.7827226519584656,1
12116,230618_4-1-2.tif,"[303.96502685546875, 2752.5389404296875, 17.0096435546875, 36.14862060546875]",0.7826508283615112,1
12117,230618_4-1-2.tif,"[8243.037384033203, 8155.291900634766, 30.072113037109375, 36.612060546875]",0.7824674248695374,1
12118,230618_4-1-2.tif,"[3873.3739624023438, 8235.296821594238, 26.11688232421875, 28.14665985107422]",0.7824585437774658,1
12119,230618_4-1-2.tif,"[7867.576019287109, 3747.621871948242, 17.99212646484375, 34.5997314453125]",0.7824570536613464,1
12120,230618_4-1-2.tif,"[6727.528366088867, 641.1424865722656, 18.792373657226562, 34.792633056640625]",0.7822546362876892,1
12121,230618_4-1-2.tif,"[7781.2890625, 5320.209899902344, 32.88349914550781, 19.3167724609375]",0.7822379469871521,1
12122,230618_4-1-2.tif,"[8693.695861816406, 6943.664123535156, 20.266223907470703, 40.50653076171875]",0.7820905447006226,1
12123,230618_4-1-2.tif,"[8750.226257324219, 1390.0001525878906, 42.3468017578125, 20.0418701171875]",0.7820486426353455,1
12124,230618_4-1-2.tif,"[7389.736480712891, 4464.9739990234375, 37.87646484375, 22.53369140625]",0.7820011973381042,1
12125,230618_4-1-2.tif,"[5894.707000732422, 8995.98159790039, 18.89898681640625, 38.4229736328125]",0.7819943428039551,1
12126,230618_4-1-2.tif,"[1927.212646484375, 1383.0599975585938, 16.97607421875, 35.923828125]",0.7819413542747498,1
12127,230618_4-1-2.tif,"[8211.560251235962, 7585.4691162109375, 37.415822982788086, 19.1514892578125]",0.7819358706474304,1
12128,230618_4-1-2.tif,"[2367.8849487304688, 1397.9527587890625, 18.551513671875, 39.0096435546875]",0.7819112539291382,1
12129,230618_4-1-2.tif,"[703.3519287109375, 3476.031036376953, 23.99981689453125, 33.6678466796875]",0.781863808631897,1
12130,230618_4-1-2.tif,"[4403.860595703125, 5963.173400878906, 25.7470703125, 30.8863525390625]",0.7818265557289124,1
12131,230618_4-1-2.tif,"[9369.178741455078, 7125.6055908203125, 17.22027587890625, 39.253662109375]",0.7817975282669067,1
12132,230618_4-1-2.tif,"[6426.592712402344, 7420.502685546875, 34.69219970703125, 19.336181640625]",0.7817376852035522,1
12133,230618_4-1-2.tif,"[2004.9620971679688, 7537.0372314453125, 19.6246337890625, 40.9105224609375]",0.7817279100418091,1
12134,230618_4-1-2.tif,"[1638.3143615722656, 975.768798828125, 18.731918334960938, 40.8319091796875]",0.7816734313964844,1
12135,230618_4-1-2.tif,"[6927.94091796875, 67.74282836914062, 24.196533203125, 33.410186767578125]",0.7816495299339294,1
12136,230618_4-1-2.tif,"[4159.939559936523, 72.89216613769531, 22.069900512695312, 34.400604248046875]",0.7816489934921265,1
12137,230618_4-1-2.tif,"[5275.62255859375, 8788.909790039062, 30.17864990234375, 27.24072265625]",0.7816279530525208,1
12138,230618_4-1-2.tif,"[4651.814125061035, 4892.476348876953, 25.520896911621094, 30.27862548828125]",0.7815931439399719,1
12139,230618_4-1-2.tif,"[8086.772888183594, 5177.3638916015625, 18.11810302734375, 34.1287841796875]",0.78154057264328,1
12140,230618_4-1-2.tif,"[2864.7274475097656, 2941.5504150390625, 33.20458984375, 25.9210205078125]",0.7813682556152344,1
12141,230618_4-1-2.tif,"[6896.7266845703125, 4619.70508480072, 38.6099853515625, 22.58889865875244]",0.7813436985015869,1
12142,230618_4-1-2.tif,"[3734.787841796875, 5218.884506225586, 16.5721435546875, 37.009002685546875]",0.781325101852417,1
12143,230618_4-1-2.tif,"[3688.950927734375, 6590.807189941406, 40.79609680175781, 25.31024169921875]",0.781219482421875,1
12144,230618_4-1-2.tif,"[5561.728759765625, 8077.093353271484, 38.101318359375, 19.811279296875]",0.7812172174453735,1
12145,230618_4-1-2.tif,"[4765.649154663086, 607.7938842773438, 29.245162963867188, 27.404052734375]",0.7812004089355469,1
12146,230618_4-1-2.tif,"[5125.686534881592, 2048.8381958007812, 37.4311408996582, 19.70072364807129]",0.7811774015426636,1
12147,230618_4-1-2.tif,"[5268.615676879883, 9674.214599609375, 36.3299560546875, 19.31982421875]",0.7810366749763489,1
12148,230618_4-1-2.tif,"[9169.13412475586, 7557.624481201172, 20.08111572265625, 37.329833984375]",0.7810235023498535,1
12149,230618_4-1-2.tif,"[5031.588470458984, 2956.797607421875, 17.465087890625, 36.19244384765625]",0.7809928059577942,1
12150,230618_4-1-2.tif,"[4112.68896484375, 5862.167297363281, 17.151344299316406, 37.33270263671875]",0.7809589505195618,1
12151,230618_4-1-2.tif,"[9072.952209472656, 8998.768432617188, 16.473388671875, 38.9351806640625]",0.7809579372406006,1
12152,230618_4-1-2.tif,"[6148.329242706299, 2052.344696044922, 30.31692886352539, 23.017578125]",0.7808939218521118,1
12153,230618_4-1-2.tif,"[400.6072998046875, 4693.342437744141, 17.00531005859375, 35.14533996582031]",0.7808732390403748,1
12154,230618_4-1-2.tif,"[8514.342742919922, 679.7459716796875, 23.6832275390625, 32.71856689453125]",0.7808652520179749,1
12155,230618_4-1-2.tif,"[2430.779327392578, 204.85519409179688, 25.02557373046875, 36.82708740234375]",0.780858039855957,1
12156,230618_4-1-2.tif,"[726.002685546875, 251.54766845703125, 34.10595703125, 19.6390380859375]",0.7808331251144409,1
12157,230618_4-1-2.tif,"[854.2828369140625, 7448.2025146484375, 36.59814453125, 16.2015380859375]",0.7808159589767456,1
12158,230618_4-1-2.tif,"[7544.60693359375, 8650.671691894531, 19.5938720703125, 37.943359375]",0.7806092500686646,1
12159,230618_4-1-2.tif,"[3616.267578125, 4588.847900390625, 20.6732177734375, 35.05907440185547]",0.7805393934249878,1
12160,230618_4-1-2.tif,"[485.9803466796875, 9660.385009765625, 18.42706298828125, 39.006103515625]",0.7805371880531311,1
12161,230618_4-1-2.tif,"[4670.559280395508, 4176.43798828125, 19.523178100585938, 37.36048889160156]",0.7805042266845703,1
12162,230618_4-1-2.tif,"[2676.2813873291016, 7282.9912109375, 22.069442749023438, 37.966796875]",0.7804478406906128,1
12163,230618_4-1-2.tif,"[6076.973175048828, 9908.574035644531, 34.26373291015625, 15.9825439453125]",0.780360221862793,1
12164,230618_4-1-2.tif,"[3883.8408203125, 5301.023712158203, 17.97314453125, 34.39117431640625]",0.7803228497505188,1
12165,230618_4-1-2.tif,"[7615.007385253906, 4371.304992675781, 32.903564453125, 23.56280517578125]",0.7803131341934204,1
12166,230618_4-1-2.tif,"[4496.365234375, 7021.988830566406, 33.974365234375, 24.96728515625]",0.7802847623825073,1
12167,230618_4-1-2.tif,"[2138.6743774414062, 3807.550582885742, 29.5789794921875, 28.40234375]",0.7802305817604065,1
12168,230618_4-1-2.tif,"[8854.152267456055, 11.242485046386719, 19.923095703125, 36.39299774169922]",0.7802225351333618,1
12169,230618_4-1-2.tif,"[6320.814544677734, 7284.5722732543945, 23.333160400390625, 30.96904754638672]",0.7802222371101379,1
12170,230618_4-1-2.tif,"[5641.849384307861, 4660.684265136719, 22.8316650390625, 34.05718994140625]",0.780209481716156,1
12171,230618_4-1-2.tif,"[5396.219787597656, 1459.8321533203125, 38.710205078125, 18.40228271484375]",0.7802044153213501,1
12172,230618_4-1-2.tif,"[1844.2244262695312, 578.03955078125, 26.3536376953125, 27.35498046875]",0.7801907062530518,1
12173,230618_4-1-2.tif,"[4350.292236328125, 557.4954833984375, 33.8612060546875, 30.174560546875]",0.7800904512405396,1
12174,230618_4-1-2.tif,"[5596.95703125, 985.3100280761719, 38.0968017578125, 17.489013671875]",0.7800122499465942,1
12175,230618_4-1-2.tif,"[3501.1978759765625, 5427.270568847656, 36.6632080078125, 17.0201416015625]",0.7799913883209229,1
12176,230618_4-1-2.tif,"[8223.088500976562, 7110.802001953125, 34.701904296875, 17.866943359375]",0.7798339128494263,1
12177,230618_4-1-2.tif,"[5624.1356201171875, 9084.777709960938, 16.905925750732422, 36.74102783203125]",0.7798306345939636,1
12178,230618_4-1-2.tif,"[1673.6405639648438, 2378.777313232422, 25.55755615234375, 28.2301025390625]",0.7797869443893433,1
12179,230618_4-1-2.tif,"[3911.4902954101562, 8702.560150146484, 20.155029296875, 42.51739501953125]",0.7797507643699646,1
12180,230618_4-1-2.tif,"[7522.67529296875, 4792.604782104492, 38.630615234375, 15.77508544921875]",0.7797459959983826,1
12181,230618_4-1-2.tif,"[2764.3511962890625, 5210.598159790039, 34.042205810546875, 20.645614624023438]",0.7795712351799011,1
12182,230618_4-1-2.tif,"[3602.06201171875, 8346.203063964844, 34.67945098876953, 18.17486572265625]",0.7795296907424927,1
12183,230618_4-1-2.tif,"[9644.950897216797, 9933.45361328125, 14.846038818359375, 33.225341796875]",0.7795215845108032,1
12184,230618_4-1-2.tif,"[3112.1852645874023, 3355.0564575195312, 21.127601623535156, 29.76995849609375]",0.7794837355613708,1
12185,230618_4-1-2.tif,"[1154.0453186035156, 739.3844604492188, 16.1517333984375, 36.967254638671875]",0.7794529795646667,1
12186,230618_4-1-2.tif,"[8645.869995117188, 7799.4510498046875, 39.900970458984375, 23.414520263671875]",0.7794498801231384,1
12187,230618_4-1-2.tif,"[6178.8262939453125, 3290.710205078125, 21.360015869140625, 40.146484375]",0.7794310450553894,1
12188,230618_4-1-2.tif,"[5417.902160644531, 8028.789306640625, 15.41522216796875, 37.4373779296875]",0.779427170753479,1
12189,230618_4-1-2.tif,"[5717.3372802734375, 1715.5188751220703, 19.856689453125, 39.98553466796875]",0.7794122099876404,1
12190,230618_4-1-2.tif,"[1145.5307235717773, 9977.319458007812, 17.19251251220703, 22.6805419921875]",0.7794066667556763,1
12191,230618_4-1-2.tif,"[3093.553466796875, 6265.526519775391, 43.759033203125, 17.77886962890625]",0.7793844938278198,1
12192,230618_4-1-2.tif,"[8420.14096069336, 6931.9732666015625, 36.4378662109375, 21.176025390625]",0.7793821692466736,1
12193,230618_4-1-2.tif,"[881.688232421875, 1267.5459899902344, 23.708740234375, 29.9462890625]",0.779375433921814,1
12194,230618_4-1-2.tif,"[6863.911346435547, 7177.028015136719, 32.81427001953125, 25.025909423828125]",0.7793379426002502,1
12195,230618_4-1-2.tif,"[7416.618011474609, 1952.28662109375, 17.41925048828125, 41.3568115234375]",0.7793225049972534,1
12196,230618_4-1-2.tif,"[6615.732177734375, 6807.792724609375, 19.1103515625, 33.9134521484375]",0.7792950868606567,1
12197,230618_4-1-2.tif,"[4188.040267944336, 6784.6121826171875, 21.66595458984375, 42.63446044921875]",0.7792529463768005,1
12198,230618_4-1-2.tif,"[8605.283905029297, 2160.361572265625, 27.818634033203125, 32.64686584472656]",0.7791789770126343,1
12199,230618_4-1-2.tif,"[7667.055969238281, 3147.149169921875, 20.395668983459473, 38.69822692871094]",0.779138445854187,1
12200,230618_4-1-2.tif,"[1822.3046264648438, 1114.336669921875, 30.500396728515625, 29.246810913085938]",0.779138445854187,1
12201,230618_4-1-2.tif,"[3376.6123962402344, 5917.4793701171875, 16.72894287109375, 33.99853515625]",0.7790002226829529,1
12202,230618_4-1-2.tif,"[7963.8343505859375, 5907.855377197266, 16.2674560546875, 12.5120849609375]",0.7789578437805176,1
12203,230618_4-1-2.tif,"[589.4361572265625, 9717.369903564453, 17.49951171875, 35.308319091796875]",0.7789453864097595,1
12204,230618_4-1-2.tif,"[650.3783569335938, 4302.8453369140625, 34.49005126953125, 19.150909423828125]",0.7788804769515991,1
12205,230618_4-1-2.tif,"[1848.7583618164062, 1779.3643188476562, 33.5684814453125, 17.9918212890625]",0.7788376808166504,1
12206,230618_4-1-2.tif,"[3461.9268798828125, 5577.388000488281, 18.1153564453125, 40.23724365234375]",0.7787482738494873,1
12207,230618_4-1-2.tif,"[1965.1947631835938, 1797.5601806640625, 18.406005859375, 32.294677734375]",0.7787209749221802,1
12208,230618_4-1-2.tif,"[609.2444458007812, 8991.753662109375, 25.1783447265625, 28.232177734375]",0.7786960005760193,1
12209,230618_4-1-2.tif,"[5661.7817459106445, 9019.308715820312, 35.325965881347656, 21.16314697265625]",0.7786432504653931,1
12210,230618_4-1-2.tif,"[6443.569519042969, 5131.1171875, 29.9376220703125, 33.063316345214844]",0.7785708904266357,1
12211,230618_4-1-2.tif,"[998.9395751953125, 3590.1631469726562, 17.33685302734375, 35.27082061767578]",0.7785700559616089,1
12212,230618_4-1-2.tif,"[8732.199462890625, 6803.815200805664, 29.64453125, 25.68060302734375]",0.7785511612892151,1
12213,230618_4-1-2.tif,"[375.8114013671875, 3422.586212158203, 27.888671875, 24.5072021484375]",0.778375506401062,1
12214,230618_4-1-2.tif,"[1241.5872802734375, 4192.545501708984, 22.565826416015625, 33.34027099609375]",0.7782351970672607,1
12215,230618_4-1-2.tif,"[1095.3122634887695, 1387.9291687011719, 33.13475799560547, 21.80145263671875]",0.7781737446784973,1
12216,230618_4-1-2.tif,"[1437.0801696777344, 2081.2230377197266, 17.67083740234375, 34.99678039550781]",0.7780997157096863,1
12217,230618_4-1-2.tif,"[9841.212829589844, 9357.926025390625, 28.114013671875, 24.060810089111328]",0.7780290246009827,1
12218,230618_4-1-2.tif,"[2812.978759765625, 2822.3128662109375, 24.9610595703125, 25.0728759765625]",0.7778956890106201,1
12219,230618_4-1-2.tif,"[8431.285766601562, 7011.607849121094, 18.1231689453125, 28.01904296875]",0.7777919173240662,1
12220,230618_4-1-2.tif,"[7543.122985839844, 1655.626220703125, 18.654632568359375, 34.074127197265625]",0.7776321172714233,1
12221,230618_4-1-2.tif,"[2369.642578125, 5399.991271972656, 18.5235595703125, 36.00421142578125]",0.7775147557258606,1
12222,230618_4-1-2.tif,"[8944.151641845703, 9287.480224609375, 16.6697998046875, 37.202056884765625]",0.7775068283081055,1
12223,230618_4-1-2.tif,"[3181.9141845703125, 6990.111389160156, 32.77032470703125, 18.3201904296875]",0.7774711847305298,1
12224,230618_4-1-2.tif,"[3385.4114379882812, 6184.249450683594, 18.6798095703125, 37.1556396484375]",0.7774546146392822,1
12225,230618_4-1-2.tif,"[3199.4007873535156, 6569.137268066406, 22.351226806640625, 32.887939453125]",0.7774300575256348,1
12226,230618_4-1-2.tif,"[1444.4223022460938, 645.1141357421875, 32.810302734375, 27.563568115234375]",0.7774237990379333,1
12227,230618_4-1-2.tif,"[5711.639030456543, 5070.8505859375, 38.96958923339844, 20.370361328125]",0.7774044871330261,1
12228,230618_4-1-2.tif,"[6524.668395996094, 3893.2767333984375, 36.26507568359375, 18.4727783203125]",0.777246356010437,1
12229,230618_4-1-2.tif,"[200.73672485351562, 5920.017761230469, 16.96002197265625, 34.532958984375]",0.7770323157310486,1
12230,230618_4-1-2.tif,"[1708.9123229980469, 7385.785583496094, 23.78692626953125, 30.45599365234375]",0.7769736051559448,1
12231,230618_4-1-2.tif,"[326.4217529296875, 2154.6295471191406, 40.239532470703125, 20.582550048828125]",0.7769433856010437,1
12232,230618_4-1-2.tif,"[7910.351776123047, 5523.648132324219, 29.30096435546875, 27.3599853515625]",0.7768797874450684,1
12233,230618_4-1-2.tif,"[6870.6778564453125, 5852.3580322265625, 36.0194091796875, 17.4332275390625]",0.7768784761428833,1
12234,230618_4-1-2.tif,"[3404.5921936035156, 6969.045349121094, 22.2532958984375, 32.2802734375]",0.7768210768699646,1
12235,230618_4-1-2.tif,"[9075.165405273438, 8138.9122314453125, 24.220947265625, 26.8809814453125]",0.7767463326454163,1
12236,230618_4-1-2.tif,"[336.6665344238281, 6517.906524658203, 19.13177490234375, 31.47491455078125]",0.7767416834831238,1
12237,230618_4-1-2.tif,"[377.5337829589844, 1284.6358642578125, 19.3055419921875, 41.1595458984375]",0.7767041325569153,1
12238,230618_4-1-2.tif,"[8313.234985351562, 8859.341796875, 23.65087890625, 39.30784606933594]",0.7766199707984924,1
12239,230618_4-1-2.tif,"[6658.800537109375, 366.43731689453125, 22.677978515625, 37.729156494140625]",0.7763961553573608,1
12240,230618_4-1-2.tif,"[1199.5667724609375, 1241.8892822265625, 37.265380859375, 17.880126953125]",0.7763104438781738,1
12241,230618_4-1-2.tif,"[2088.870849609375, 2128.0931396484375, 35.44389343261719, 21.4552001953125]",0.7762613892555237,1
12242,230618_4-1-2.tif,"[4470.7056884765625, 1693.5333251953125, 42.229736328125, 19.69879150390625]",0.7761881947517395,1
12243,230618_4-1-2.tif,"[5306.4254150390625, 6181.625, 20.913360595703125, 39.602691650390625]",0.7761695981025696,1
12244,230618_4-1-2.tif,"[551.4113693237305, 9542.993408203125, 34.01703643798828, 20.5946044921875]",0.776063084602356,1
12245,230618_4-1-2.tif,"[2738.4815673828125, 2163.4173583984375, 37.452880859375, 19.772796630859375]",0.7758360505104065,1
12246,230618_4-1-2.tif,"[732.57080078125, 9454.980293273926, 37.244140625, 20.98058319091797]",0.7757362127304077,1
12247,230618_4-1-2.tif,"[6063.3712158203125, 5642.23165512085, 40.858184814453125, 23.31003189086914]",0.7757043242454529,1
12248,230618_4-1-2.tif,"[3752.0623779296875, 8925.81869506836, 17.374755859375, 43.299102783203125]",0.7756993770599365,1
12249,230618_4-1-2.tif,"[3686.0996704101562, 3458.3109130859375, 24.334121704101562, 34.1209716796875]",0.7756903171539307,1
12250,230618_4-1-2.tif,"[2657.2772216796875, 1226.8517150878906, 34.57696533203125, 21.572418212890625]",0.7756090760231018,1
12251,230618_4-1-2.tif,"[7618.238677978516, 4163.300598144531, 17.77899169921875, 43.0828857421875]",0.7755447030067444,1
12252,230618_4-1-2.tif,"[203.32351684570312, 3933.7860717773438, 17.7113037109375, 34.860107421875]",0.7755311131477356,1
12253,230618_4-1-2.tif,"[5153.55428314209, 6485.945861816406, 34.364723205566406, 16.468658447265625]",0.775519847869873,1
12254,230618_4-1-2.tif,"[2835.8233947753906, 31.809120178222656, 27.64007568359375, 26.776382446289062]",0.7755188345909119,1
12255,230618_4-1-2.tif,"[2038.68408203125, 1894.1324462890625, 17.09643030166626, 38.3409423828125]",0.7755026817321777,1
12256,230618_4-1-2.tif,"[3782.2765197753906, 6773.769104003906, 27.766082763671875, 29.4385986328125]",0.7753437757492065,1
12257,230618_4-1-2.tif,"[7669.61962890625, 6472.198974609375, 32.7835693359375, 33.116455078125]",0.775337815284729,1
12258,230618_4-1-2.tif,"[5561.8175048828125, 3086.1809968948364, 32.7447509765625, 19.961215019226074]",0.7752959132194519,1
12259,230618_4-1-2.tif,"[3024.8690490722656, 6105.51904296875, 20.27899169921875, 34.08642578125]",0.7751197814941406,1
12260,230618_4-1-2.tif,"[6448.014831542969, 2355.0719299316406, 39.096923828125, 19.0430908203125]",0.7749089598655701,1
12261,230618_4-1-2.tif,"[5532.423004150391, 132.1020050048828, 21.16943359375, 30.361907958984375]",0.7748957872390747,1
12262,230618_4-1-2.tif,"[3471.892333984375, 2064.708137512207, 17.480194091796875, 38.20665740966797]",0.7748603820800781,1
12263,230618_4-1-2.tif,"[6118.209228515625, 1604.3922729492188, 35.54289436340332, 28.55902862548828]",0.7748590111732483,1
12264,230618_4-1-2.tif,"[8801.387084960938, 8663.95263671875, 16.67578125, 35.709716796875]",0.7748406529426575,1
12265,230618_4-1-2.tif,"[8419.445877075195, 6452.168640136719, 18.035003662109375, 34.8936767578125]",0.7747365236282349,1
12266,230618_4-1-2.tif,"[3244.121368408203, 1987.3277587890625, 35.44732666015625, 25.0228271484375]",0.7747015953063965,1
12267,230618_4-1-2.tif,"[8780.661865234375, 109.50904846191406, 24.334228515625, 25.247283935546875]",0.7746919989585876,1
12268,230618_4-1-2.tif,"[3833.5359497070312, 239.2625732421875, 38.81817626953125, 20.46826171875]",0.7746559977531433,1
12269,230618_4-1-2.tif,"[2985.5616455078125, 1920.6958618164062, 35.3890380859375, 21.1065673828125]",0.7746033668518066,1
12270,230618_4-1-2.tif,"[2911.9466552734375, 6207.760498046875, 37.250885009765625, 17.4560546875]",0.7744738459587097,1
12271,230618_4-1-2.tif,"[5088.763977050781, 6450.272277832031, 21.2823486328125, 33.3306884765625]",0.7742496728897095,1
12272,230618_4-1-2.tif,"[1470.3052978515625, 2780.8053283691406, 37.119873046875, 16.75201416015625]",0.7742170095443726,1
12273,230618_4-1-2.tif,"[5544.057281494141, 1783.6189575195312, 18.88604736328125, 42.1915283203125]",0.7739206552505493,1
12274,230618_4-1-2.tif,"[2391.7703552246094, 3702.61669921875, 40.781402587890625, 18.887054443359375]",0.7738455533981323,1
12275,230618_4-1-2.tif,"[3856.044403076172, 6148.0356159210205, 32.479888916015625, 20.334468841552734]",0.7737600207328796,1
12276,230618_4-1-2.tif,"[953.7921752929688, 2115.041748046875, 26.4935302734375, 29.520645141601562]",0.7737523913383484,1
12277,230618_4-1-2.tif,"[3112.9943237304688, 2225.702163696289, 36.32502746582031, 16.7369384765625]",0.7736772298812866,1
12278,230618_4-1-2.tif,"[122.51788330078125, 7659.071533203125, 23.139450073242188, 36.592885971069336]",0.7736648917198181,1
12279,230618_4-1-2.tif,"[597.6223297119141, 8741.574340820312, 23.639022827148438, 28.55859375]",0.773611307144165,1
12280,230618_4-1-2.tif,"[2811.020538330078, 6955.225891113281, 30.1893310546875, 25.95916748046875]",0.7735456228256226,1
12281,230618_4-1-2.tif,"[7030.702392578125, 6448.789581298828, 22.7659912109375, 35.783203125]",0.7735097408294678,1
12282,230618_4-1-2.tif,"[2681.6917419433594, 1399.5940246582031, 39.337158203125, 19.90838623046875]",0.773484468460083,1
12283,230618_4-1-2.tif,"[4107.196960449219, 5480.347351074219, 19.75991439819336, 34.772216796875]",0.7734802961349487,1
12284,230618_4-1-2.tif,"[994.3800048828125, 9894.123291015625, 20.4190673828125, 38.5528564453125]",0.7734661102294922,1
12285,230618_4-1-2.tif,"[7454.257293701172, 3299.466064453125, 29.3582763671875, 22.097625732421875]",0.7732757329940796,1
12286,230618_4-1-2.tif,"[5536.1600341796875, 8989.773620605469, 34.77520751953125, 18.14599609375]",0.7732626795768738,1
12287,230618_4-1-2.tif,"[2314.8925170898438, 922.8292846679688, 18.9803466796875, 32.0762939453125]",0.7730152606964111,1
12288,230618_4-1-2.tif,"[1354.5152587890625, 2282.7650451660156, 36.28125, 18.8720703125]",0.7730042338371277,1
12289,230618_4-1-2.tif,"[264.657470703125, 6150.822174072266, 25.4656982421875, 27.39672088623047]",0.7729994058609009,1
12290,230618_4-1-2.tif,"[6137.571258544922, 3938.5777587890625, 18.495787620544434, 37.844268798828125]",0.7729928493499756,1
12291,230618_4-1-2.tif,"[5241.252838134766, 3177.5829162597656, 22.476593017578125, 33.772216796875]",0.7729577422142029,1
12292,230618_4-1-2.tif,"[1510.1661376953125, 2293.877883911133, 31.9014892578125, 21.571273803710938]",0.772799551486969,1
12293,230618_4-1-2.tif,"[2350.5843200683594, 3533.537109375, 20.728271484375, 34.2882080078125]",0.7727233171463013,1
12294,230618_4-1-2.tif,"[912.581787109375, 2509.573974609375, 35.68994140625, 18.65130615234375]",0.7726157903671265,1
12295,230618_4-1-2.tif,"[742.3782348632812, 6031.09716796875, 25.156585693359375, 33.684326171875]",0.7723336815834045,1
12296,230618_4-1-2.tif,"[8665.588897705078, 6603.967254638672, 30.32733154296875, 23.02105712890625]",0.7723072171211243,1
12297,230618_4-1-2.tif,"[2356.8003845214844, 7723.9410400390625, 33.40771484375, 24.366943359375]",0.7722988128662109,1
12298,230618_4-1-2.tif,"[2831.4954223632812, 3947.9876098632812, 40.80072021484375, 18.45068359375]",0.772202730178833,1
12299,230618_4-1-2.tif,"[6933.323425292969, 3848.4150390625, 23.1778564453125, 25.657470703125]",0.7721896171569824,1
12300,230618_4-1-2.tif,"[8871.63363647461, 7972.441589355469, 16.84429931640625, 34.8358154296875]",0.7720800638198853,1
12301,230618_4-1-2.tif,"[3681.135498046875, 790.1248779296875, 15.885818481445312, 36.2119140625]",0.7720687985420227,1
12302,230618_4-1-2.tif,"[9813.102233886719, 9267.55419921875, 19.52056884765625, 31.5850830078125]",0.7720301747322083,1
12303,230618_4-1-2.tif,"[6841.358337402344, 153.09860229492188, 19.1749267578125, 33.6180419921875]",0.7720125317573547,1
12304,230618_4-1-2.tif,"[4644.416038513184, 161.7117919921875, 32.68389892578125, 24.72161865234375]",0.7719385027885437,1
12305,230618_4-1-2.tif,"[8955.125228881836, 8697.19873046875, 26.633926391601562, 30.338369369506836]",0.7718949317932129,1
12306,230618_4-1-2.tif,"[4560.300109863281, 5013.3875732421875, 30.2440185546875, 24.71844482421875]",0.771842360496521,1
12307,230618_4-1-2.tif,"[3630.251838684082, 1486.9911193847656, 18.075103759765625, 35.79632568359375]",0.7718144655227661,1
12308,230618_4-1-2.tif,"[1049.643482208252, 1576.9021606445312, 15.820411682128906, 34.0294189453125]",0.7718057036399841,1
12309,230618_4-1-2.tif,"[302.82305908203125, 7678.241424560547, 18.0872802734375, 40.45000457763672]",0.7717877626419067,1
12310,230618_4-1-2.tif,"[7834.3485107421875, 422.154052734375, 18.882568359375, 35.5361328125]",0.7717299461364746,1
12311,230618_4-1-2.tif,"[5725.153366088867, 1807.2011108398438, 43.31776428222656, 19.2093505859375]",0.7715048789978027,1
12312,230618_4-1-2.tif,"[5056.039001464844, 5376.141296386719, 30.25872802734375, 21.29034423828125]",0.7712598443031311,1
12313,230618_4-1-2.tif,"[2629.6912536621094, 3316.2268981933594, 36.252349853515625, 18.2569580078125]",0.7711763978004456,1
12314,230618_4-1-2.tif,"[2969.4669494628906, 1084.378173828125, 29.47564697265625, 13.538330078125]",0.771127462387085,1
12315,230618_4-1-2.tif,"[1987.3550415039062, 1584.432373046875, 37.36798095703125, 16.703857421875]",0.7710505127906799,1
12316,230618_4-1-2.tif,"[4468.217620849609, 4155.697998046875, 21.3258056640625, 33.49462890625]",0.7709664702415466,1
12317,230618_4-1-2.tif,"[8199.111511230469, 296.08087158203125, 19.66332244873047, 35.2943115234375]",0.7709341049194336,1
12318,230618_4-1-2.tif,"[4620.329650878906, 3577.6790161132812, 37.47969436645508, 17.4669189453125]",0.7707152962684631,1
12319,230618_4-1-2.tif,"[1173.9590454101562, 4170.6466064453125, 21.320510864257812, 32.50568389892578]",0.770690381526947,1
12320,230618_4-1-2.tif,"[5720.7813720703125, 8548.221740722656, 26.336898803710938, 31.90228271484375]",0.7706114649772644,1
12321,230618_4-1-2.tif,"[8444.39663696289, 8271.149475097656, 20.30621337890625, 34.5634765625]",0.7703284621238708,1
12322,230618_4-1-2.tif,"[6410.502746582031, 608.408447265625, 21.713165283203125, 31.96954345703125]",0.7703109383583069,1
12323,230618_4-1-2.tif,"[3243.478317260742, 6450.972106933594, 17.406951904296875, 29.3199462890625]",0.7702731490135193,1
12324,230618_4-1-2.tif,"[821.8279724121094, 7097.326599121094, 33.49627685546875, 24.2354736328125]",0.7702233195304871,1
12325,230618_4-1-2.tif,"[4966.5072021484375, 6938.812805175781, 41.70233154296875, 21.94189453125]",0.7701483964920044,1
12326,230618_4-1-2.tif,"[757.6266784667969, 6158.2431640625, 22.551513671875, 40.2254638671875]",0.7699398398399353,1
12327,230618_4-1-2.tif,"[9701.785949707031, 9725.316955566406, 32.29827880859375, 19.17218017578125]",0.769917905330658,1
12328,230618_4-1-2.tif,"[1934.6471557617188, 398.37689208984375, 35.578857421875, 23.99273681640625]",0.769892156124115,1
12329,230618_4-1-2.tif,"[4260.934143066406, 5721.689453125, 35.121734619140625, 18.4921875]",0.769888162612915,1
12330,230618_4-1-2.tif,"[9160.135803222656, 457.91436767578125, 18.54071044921875, 38.30029296875]",0.7697935104370117,1
12331,230618_4-1-2.tif,"[8421.950408935547, 7555.528076171875, 17.585235595703125, 37.1844482421875]",0.7696934342384338,1
12332,230618_4-1-2.tif,"[8277.333129882812, 7661.3992919921875, 18.86181640625, 27.4014892578125]",0.7696737051010132,1
12333,230618_4-1-2.tif,"[6434.622802734375, 5558.338165283203, 25.8974609375, 28.139404296875]",0.7696319222450256,1
12334,230618_4-1-2.tif,"[7312.440765380859, 6175.948043823242, 36.277740478515625, 19.890838623046875]",0.7694841027259827,1
12335,230618_4-1-2.tif,"[2488.6964111328125, 917.2101440429688, 35.73486328125, 18.198974609375]",0.769422709941864,1
12336,230618_4-1-2.tif,"[1485.812255859375, 3641.5177001953125, 39.2860107421875, 19.814453125]",0.7693780660629272,1
12337,230618_4-1-2.tif,"[1707.322265625, 2765.8726806640625, 35.972198486328125, 21.389892578125]",0.7693494558334351,1
12338,230618_4-1-2.tif,"[2250.1101684570312, 8217.343383789062, 26.06884765625, 35.29296875]",0.7693271040916443,1
12339,230618_4-1-2.tif,"[7979.4725341796875, 6549.474212646484, 29.87701416015625, 19.60858154296875]",0.769237220287323,1
12340,230618_4-1-2.tif,"[1161.3909912109375, 3299.352020263672, 33.3209228515625, 21.70672607421875]",0.7691054940223694,1
12341,230618_4-1-2.tif,"[5255.699295043945, 1329.165283203125, 16.663543701171875, 35.5406494140625]",0.7691043019294739,1
12342,230618_4-1-2.tif,"[3175.325149536133, 1867.9179077148438, 23.0606689453125, 31.06781005859375]",0.7690917253494263,1
12343,230618_4-1-2.tif,"[3663.188751220703, 5117.860565185547, 37.483551025390625, 21.680971145629883]",0.7690033316612244,1
12344,230618_4-1-2.tif,"[6805.687774658203, 1534.9922790527344, 20.608718872070312, 34.885528564453125]",0.7689669132232666,1
12345,230618_4-1-2.tif,"[6847.593475341797, 1892.7981567382812, 24.401275634765625, 33.67633056640625]",0.768928587436676,1
12346,230618_4-1-2.tif,"[9334.331481933594, 7448.902160644531, 17.174453735351562, 39.44189453125]",0.7685394883155823,1
12347,230618_4-1-2.tif,"[677.3228912353516, 2397.5548400878906, 30.851043701171875, 21.4500732421875]",0.7685181498527527,1
12348,230618_4-1-2.tif,"[4437.317565917969, 5253.0350341796875, 18.3468017578125, 39.7127685546875]",0.7685005068778992,1
12349,230618_4-1-2.tif,"[5671.094970703125, 8197.158813476562, 33.8779296875, 18.44359588623047]",0.7684748768806458,1
12350,230618_4-1-2.tif,"[6105.0413818359375, 1561.8047466278076, 49.358885765075684, 20.046106338500977]",0.7684488892555237,1
12351,230618_4-1-2.tif,"[3248.9046936035156, 1284.127685546875, 18.58270263671875, 28.72607421875]",0.7684479355812073,1
12352,230618_4-1-2.tif,"[1629.1807708740234, 3750.593551635742, 33.24848937988281, 21.941513061523438]",0.7684458494186401,1
12353,230618_4-1-2.tif,"[6393.127975463867, 8116.399841308594, 16.709609985351562, 33.557861328125]",0.7684215903282166,1
12354,230618_4-1-2.tif,"[3209.2278442382812, 9519.638854980469, 21.74267578125, 37.030548095703125]",0.7683715224266052,1
12355,230618_4-1-2.tif,"[6564.9288330078125, 4051.4410400390625, 17.53192138671875, 36.875]",0.7683640122413635,1
12356,230618_4-1-2.tif,"[1221.620101928711, 2037.3936767578125, 24.855087280273438, 29.15317153930664]",0.7681853175163269,1
12357,230618_4-1-2.tif,"[2470.9107971191406, 2504.195343017578, 24.92034912109375, 28.99835205078125]",0.7681844234466553,1
12358,230618_4-1-2.tif,"[280.20306396484375, 699.6806945800781, 29.96875, 27.684906005859375]",0.7680381536483765,1
12359,230618_4-1-2.tif,"[6544.611083984375, 2805.9537658691406, 18.94921875, 32.965087890625]",0.7680237293243408,1
12360,230618_4-1-2.tif,"[9247.64990234375, 1062.3330078125, 26.623779296875, 27.03594970703125]",0.768007218837738,1
12361,230618_4-1-2.tif,"[1646.8799285888672, 863.7987976074219, 31.297454833984375, 19.913726806640625]",0.767949640750885,1
12362,230618_4-1-2.tif,"[3130.683792114258, 711.0606994628906, 20.377853393554688, 37.02618408203125]",0.7678248882293701,1
12363,230618_4-1-2.tif,"[2851.0419311523438, 6016.330657958984, 36.6572265625, 17.68414306640625]",0.7677397131919861,1
12364,230618_4-1-2.tif,"[1024.6281623840332, 2520.699462890625, 32.6224479675293, 24.56829833984375]",0.7676874995231628,1
12365,230618_4-1-2.tif,"[8627.682525634766, 1871.173095703125, 24.36627197265625, 27.7857666015625]",0.7676488757133484,1
12366,230618_4-1-2.tif,"[8359.639190673828, 69.50434875488281, 17.827667236328125, 35.39794921875]",0.7676427364349365,1
12367,230618_4-1-2.tif,"[2562.2593994140625, 2196.5367279052734, 18.98914337158203, 37.19868469238281]",0.7676329016685486,1
12368,230618_4-1-2.tif,"[3010.936065673828, 9134.039611816406, 38.495849609375, 21.38427734375]",0.767601728439331,1
12369,230618_4-1-2.tif,"[7089.32763671875, 601.6807861328125, 20.397705078125, 34.14892578125]",0.7674899101257324,1
12370,230618_4-1-2.tif,"[3589.916084289551, 4862.00114440918, 19.080242156982422, 41.11695861816406]",0.7673520445823669,1
12371,230618_4-1-2.tif,"[791.25732421875, 7999.287170410156, 34.17413330078125, 23.6729736328125]",0.7671442031860352,1
12372,230618_4-1-2.tif,"[3746.8698120117188, 1813.4724731445312, 23.43231201171875, 32.0384521484375]",0.7670824527740479,1
12373,230618_4-1-2.tif,"[7240.7105712890625, 3810.5738220214844, 33.151611328125, 30.320343017578125]",0.7668670415878296,1
12374,230618_4-1-2.tif,"[4428.732849121094, 169.91851806640625, 25.4708251953125, 27.69952392578125]",0.7668383717536926,1
12375,230618_4-1-2.tif,"[4556.283294677734, 2926.6235961914062, 34.72442626953125, 21.37255859375]",0.7667341232299805,1
12376,230618_4-1-2.tif,"[5721.695220947266, 8939.099365234375, 21.572784423828125, 35.648040771484375]",0.7666676044464111,1
12377,230618_4-1-2.tif,"[453.80731201171875, 4686.423645019531, 28.3089599609375, 29.152191162109375]",0.7666309475898743,1
12378,230618_4-1-2.tif,"[4276.089660644531, 538.3460083007812, 37.188995361328125, 25.513916015625]",0.7665987014770508,1
12379,230618_4-1-2.tif,"[2113.7829208374023, 62.689022064208984, 20.007888793945312, 34.31680679321289]",0.7665700316429138,1
12380,230618_4-1-2.tif,"[3053.9104614257812, 180.86508178710938, 40.28177070617676, 20.8033447265625]",0.7665084600448608,1
12381,230618_4-1-2.tif,"[4998.476989746094, 6474.406677246094, 28.30377197265625, 25.562255859375]",0.7663650512695312,1
12382,230618_4-1-2.tif,"[1418.70703125, 1630.2028198242188, 22.5135498046875, 32.6737060546875]",0.7661757469177246,1
12383,230618_4-1-2.tif,"[1943.8989868164062, 7945.078125, 40.5960693359375, 19.7579345703125]",0.7661713361740112,1
12384,230618_4-1-2.tif,"[9917.574462890625, 8430.795288085938, 34.2166748046875, 23.70391845703125]",0.7661040425300598,1
12385,230618_4-1-2.tif,"[2364.6304931640625, 1152.0558319091797, 38.4354248046875, 17.88287353515625]",0.7660301923751831,1
12386,230618_4-1-2.tif,"[357.00311279296875, 4371.705535888672, 17.26568603515625, 40.04827880859375]",0.7660077810287476,1
12387,230618_4-1-2.tif,"[4691.538352966309, 8156.904113769531, 29.315711975097656, 28.7027587890625]",0.7659000754356384,1
12388,230618_4-1-2.tif,"[5588.718933105469, 3379.6435546875, 43.76422119140625, 19.71875]",0.7658234238624573,1
12389,230618_4-1-2.tif,"[8181.041687011719, 8867.27978515625, 17.77075481414795, 43.17718505859375]",0.7658106684684753,1
12390,230618_4-1-2.tif,"[2606.0096130371094, 7583.314910888672, 45.116851806640625, 21.0025634765625]",0.7657262682914734,1
12391,230618_4-1-2.tif,"[2499.8588256835938, 5982.9088134765625, 32.23406982421875, 17.7286376953125]",0.7655704617500305,1
12392,230618_4-1-2.tif,"[8674.775939941406, 7886.342910766602, 45.201287269592285, 20.212615966796875]",0.7655598521232605,1
12393,230618_4-1-2.tif,"[9064.881103515625, 7756.303466796875, 16.4307861328125, 32.01087188720703]",0.7655177116394043,1
12394,230618_4-1-2.tif,"[7087.478942871094, 878.2151489257812, 22.4337158203125, 38.6820068359375]",0.7654959559440613,1
12395,230618_4-1-2.tif,"[3004.322723388672, 496.930908203125, 29.63922119140625, 23.66015625]",0.765400767326355,1
12396,230618_4-1-2.tif,"[2425.6126708984375, 2951.6845092773438, 32.5330810546875, 26.120849609375]",0.7653368711471558,1
12397,230618_4-1-2.tif,"[1967.6231079101562, 678.0504455566406, 32.7066650390625, 24.84381103515625]",0.765236496925354,1
12398,230618_4-1-2.tif,"[578.6270141601562, 4068.3340454101562, 19.4263916015625, 37.7529296875]",0.7652028799057007,1
12399,230618_4-1-2.tif,"[3119.324905395508, 401.95501708984375, 28.739425659179688, 23.2093505859375]",0.7650495171546936,1
12400,230618_4-1-2.tif,"[6733.76025390625, 9800.548217773438, 35.121826171875, 18.771240234375]",0.765021026134491,1
12401,230618_4-1-2.tif,"[3205.3311767578125, 2128.1588439941406, 18.92718505859375, 39.300872802734375]",0.7649610638618469,1
12402,230618_4-1-2.tif,"[8522.445495605469, 6291.254898071289, 17.9901123046875, 39.3995361328125]",0.764959990978241,1
12403,230618_4-1-2.tif,"[1918.68408203125, 1947.99072265625, 18.1124267578125, 35.3096923828125]",0.7648319602012634,1
12404,230618_4-1-2.tif,"[3198.260238647461, 1491.1335144042969, 31.8690185546875, 20.87518310546875]",0.764658510684967,1
12405,230618_4-1-2.tif,"[6021.494445800781, 5596.2659912109375, 19.53662109375, 40.28778076171875]",0.7646282315254211,1
12406,230618_4-1-2.tif,"[5112.116485595703, 2387.13232421875, 28.07135772705078, 36.4547119140625]",0.7645981907844543,1
12407,230618_4-1-2.tif,"[8615.059387207031, 7287.00634765625, 21.417449951171875, 44.7252197265625]",0.7645590901374817,1
12408,230618_4-1-2.tif,"[9461.139511108398, 9790.449829101562, 30.652725219726562, 41.24658203125]",0.7644945383071899,1
12409,230618_4-1-2.tif,"[4040.5389404296875, 5429.092803955078, 35.2020263671875, 19.11151123046875]",0.7644893527030945,1
12410,230618_4-1-2.tif,"[7972.015960693359, 3296.9739685058594, 24.2540283203125, 25.69970703125]",0.7644392848014832,1
12411,230618_4-1-2.tif,"[6472.6619873046875, 731.4352416992188, 34.5880126953125, 26.3367919921875]",0.764348030090332,1
12412,230618_4-1-2.tif,"[8566.816192626953, 1828.7969055175781, 21.3656005859375, 28.92376708984375]",0.7641416788101196,1
12413,230618_4-1-2.tif,"[3171.333984375, 1961.3980712890625, 33.382965087890625, 17.046142578125]",0.7641364932060242,1
12414,230618_4-1-2.tif,"[3577.8779296875, 7131.973937988281, 18.04277801513672, 38.19281005859375]",0.7641276121139526,1
12415,230618_4-1-2.tif,"[8133.5286865234375, 215.16845703125, 23.0390625, 33.5848388671875]",0.7640629410743713,1
12416,230618_4-1-2.tif,"[7891.216827392578, 4759.099395751953, 23.0570068359375, 39.25421142578125]",0.7639599442481995,1
12417,230618_4-1-2.tif,"[1348.9878540039062, 1633.3546142578125, 26.72467041015625, 28.505661010742188]",0.7639287710189819,1
12418,230618_4-1-2.tif,"[6126.093017578125, 1884.8766784667969, 18.35968017578125, 35.4951171875]",0.7638166546821594,1
12419,230618_4-1-2.tif,"[8332.15119934082, 8015.167541503906, 40.811737060546875, 30.625]",0.7637894749641418,1
12420,230618_4-1-2.tif,"[2428.213104248047, 8311.369094848633, 39.103607177734375, 18.1468505859375]",0.7637320160865784,1
12421,230618_4-1-2.tif,"[3134.1798095703125, 1403.1353759765625, 24.78564453125, 27.677276611328125]",0.7636952996253967,1
12422,230618_4-1-2.tif,"[781.7296447753906, 4584.798095703125, 37.506103515625, 17.7852783203125]",0.7636786103248596,1
12423,230618_4-1-2.tif,"[5807.327117919922, 6579.784881591797, 23.45343017578125, 42.94183349609375]",0.7636733651161194,1
12424,230618_4-1-2.tif,"[6386.807800292969, 8592.021484375, 33.114013671875, 23.8505859375]",0.763500988483429,1
12425,230618_4-1-2.tif,"[90.99765014648438, 2688.3829040527344, 34.6240234375, 23.934295654296875]",0.763102650642395,1
12426,230618_4-1-2.tif,"[8584.352722167969, 7978.2080078125, 22.2978515625, 31.581298828125]",0.7631000876426697,1
12427,230618_4-1-2.tif,"[7640.891906738281, 176.46319580078125, 15.2010498046875, 32.394805908203125]",0.7630994915962219,1
12428,230618_4-1-2.tif,"[925.4783020019531, 389.8042907714844, 39.03662109375, 19.6549072265625]",0.7630639672279358,1
12429,230618_4-1-2.tif,"[4997.653015136719, 5977.863128662109, 23.40533447265625, 38.846923828125]",0.7630398869514465,1
12430,230618_4-1-2.tif,"[873.973388671875, 1769.8228149414062, 22.083740234375, 34.834381103515625]",0.7629989981651306,1
12431,230618_4-1-2.tif,"[6655.120422363281, 4904.808319091797, 19.8797607421875, 43.58587646484375]",0.762972891330719,1
12432,230618_4-1-2.tif,"[7717.692756652832, 7950.823211669922, 32.61406707763672, 24.572357177734375]",0.7629139423370361,1
12433,230618_4-1-2.tif,"[1487.7769775390625, 1131.4527130126953, 20.791961669921875, 29.774566650390625]",0.7627969980239868,1
12434,230618_4-1-2.tif,"[1745.2721252441406, 1469.2348327636719, 23.118927001953125, 33.30780029296875]",0.7626893520355225,1
12435,230618_4-1-2.tif,"[366.99066162109375, 5749.575424194336, 46.576934814453125, 19.61376953125]",0.7626436948776245,1
12436,230618_4-1-2.tif,"[3672.6583862304688, 5306.218475341797, 18.528900146484375, 40.079254150390625]",0.7626202702522278,1
12437,230618_4-1-2.tif,"[1184.9615783691406, 1112.8978576660156, 37.292236328125, 20.5152587890625]",0.7626014351844788,1
12438,230618_4-1-2.tif,"[3897.0335083007812, 2918.1974487304688, 34.6202392578125, 20.587890625]",0.7625408172607422,1
12439,230618_4-1-2.tif,"[249.43215942382812, 5467.188995361328, 20.630615234375, 31.1202392578125]",0.7625384330749512,1
12440,230618_4-1-2.tif,"[7715.305885314941, 6921.614501953125, 19.850830078125, 38.9835205078125]",0.7624207735061646,1
12441,230618_4-1-2.tif,"[2147.5331115722656, 9523.712005615234, 26.782501220703125, 41.150970458984375]",0.7623304724693298,1
12442,230618_4-1-2.tif,"[2710.7106170654297, 1161.005859375, 27.2596435546875, 28.96356201171875]",0.7620201110839844,1
12443,230618_4-1-2.tif,"[9068.820037841797, 7596.040283203125, 29.7216796875, 24.2138671875]",0.761907160282135,1
12444,230618_4-1-2.tif,"[6731.608154296875, 7354.834503173828, 40.377410888671875, 17.098388671875]",0.7618674039840698,1
12445,230618_4-1-2.tif,"[63.591033935546875, 7274.9169921875, 19.332366943359375, 37.378204345703125]",0.7618265748023987,1
12446,230618_4-1-2.tif,"[7115.797546386719, 1311.0349731445312, 40.68707275390625, 17.85614013671875]",0.7617665529251099,1
12447,230618_4-1-2.tif,"[1443.0241394042969, 3077.9705810546875, 29.5343017578125, 32.998714447021484]",0.761688768863678,1
12448,230618_4-1-2.tif,"[9298.554565429688, 8267.575927734375, 35.6915283203125, 20.50732421875]",0.7616817355155945,1
12449,230618_4-1-2.tif,"[1862.3401794433594, 1381.2274780273438, 31.703857421875, 26.3309326171875]",0.761645495891571,1
12450,230618_4-1-2.tif,"[348.1564636230469, 8464.415100097656, 35.6600341796875, 19.725830078125]",0.7615177035331726,1
12451,230618_4-1-2.tif,"[3276.7910919189453, 5452.096221923828, 17.076171875, 33.32916259765625]",0.7613493204116821,1
12452,230618_4-1-2.tif,"[3384.8469848632812, 5287.725616455078, 35.349365234375, 18.043121337890625]",0.7612489461898804,1
12453,230618_4-1-2.tif,"[33.02142333984375, 4866.1378173828125, 25.8590087890625, 25.59130859375]",0.7612124085426331,1
12454,230618_4-1-2.tif,"[3930.334197998047, 6049.664123535156, 27.739013671875, 24.3123779296875]",0.7609235048294067,1
12455,230618_4-1-2.tif,"[3580.942901611328, 2010.3804931640625, 36.279022216796875, 23.52471923828125]",0.760807454586029,1
12456,230618_4-1-2.tif,"[5916.922607421875, 3112.8289794921875, 41.066314697265625, 21.4833984375]",0.760730504989624,1
12457,230618_4-1-2.tif,"[509.4368896484375, 7659.4537353515625, 20.094181060791016, 41.65087890625]",0.7605308294296265,1
12458,230618_4-1-2.tif,"[552.0045166015625, 4139.494445800781, 17.12206268310547, 33.7894287109375]",0.7604036927223206,1
12459,230618_4-1-2.tif,"[2681.163818359375, 6450.112548828125, 21.606170654296875, 30.1732177734375]",0.7602903842926025,1
12460,230618_4-1-2.tif,"[3647.1564140319824, 8042.581848144531, 18.847736358642578, 38.228179931640625]",0.7602561116218567,1
12461,230618_4-1-2.tif,"[4194.328384399414, 5386.597717285156, 17.857711791992188, 29.87005615234375]",0.7602375149726868,1
12462,230618_4-1-2.tif,"[4403.500671386719, 5005.1767578125, 33.560546875, 19.5623779296875]",0.7602331638336182,1
12463,230618_4-1-2.tif,"[4320.261657714844, 7143.2884521484375, 35.22552490234375, 22.06005859375]",0.7601891756057739,1
12464,230618_4-1-2.tif,"[5648.807861328125, 283.50225830078125, 31.6219482421875, 21.6396484375]",0.7601175904273987,1
12465,230618_4-1-2.tif,"[7087.368988037109, 9598.070678710938, 20.36920166015625, 36.53314208984375]",0.7601036429405212,1
12466,230618_4-1-2.tif,"[1151.259666442871, 165.3563690185547, 34.89154815673828, 18.173370361328125]",0.7600709199905396,1
12467,230618_4-1-2.tif,"[9139.275695800781, 7967.9610595703125, 36.6298828125, 17.1024169921875]",0.759856104850769,1
12468,230618_4-1-2.tif,"[8124.170349121094, 2655.378173828125, 18.2222900390625, 34.897216796875]",0.759736180305481,1
12469,230618_4-1-2.tif,"[3554.9302368164062, 1647.5411376953125, 17.7811279296875, 40.4825439453125]",0.7595850229263306,1
12470,230618_4-1-2.tif,"[1680.2983093261719, 2096.120101928711, 28.007537841796875, 23.925491333007812]",0.7595585584640503,1
12471,230618_4-1-2.tif,"[815.8533325195312, 2402.3956909179688, 20.758544921875, 30.3704833984375]",0.7595576643943787,1
12472,230618_4-1-2.tif,"[394.93743896484375, 774.4443359375, 19.4805908203125, 29.831298828125]",0.7595533132553101,1
12473,230618_4-1-2.tif,"[3773.1878051757812, 5343.3917236328125, 20.78070068359375, 33.646942138671875]",0.7594112157821655,1
12474,230618_4-1-2.tif,"[1457.6306762695312, 190.74755859375, 18.4915771484375, 42.3892822265625]",0.7593587636947632,1
12475,230618_4-1-2.tif,"[7897.185729980469, 3355.9649047851562, 32.36083984375, 25.5064697265625]",0.7592869400978088,1
12476,230618_4-1-2.tif,"[8194.760375976562, 1212.7892150878906, 19.93775177001953, 38.22955322265625]",0.7591350674629211,1
12477,230618_4-1-2.tif,"[6513.833221435547, 234.69879150390625, 19.90582275390625, 39.700592041015625]",0.7590274810791016,1
12478,230618_4-1-2.tif,"[7261.593688964844, 9920.676513671875, 14.3060302734375, 28.916259765625]",0.7589648962020874,1
12479,230618_4-1-2.tif,"[7354.388687133789, 3916.958251953125, 17.0677490234375, 34.7467041015625]",0.758937656879425,1
12480,230618_4-1-2.tif,"[2496.4718017578125, 285.5540466308594, 36.731201171875, 17.43939208984375]",0.7587767839431763,1
12481,230618_4-1-2.tif,"[8643.448120117188, 143.2465362548828, 28.1558837890625, 33.176422119140625]",0.7587013244628906,1
12482,230618_4-1-2.tif,"[924.1328125, 4476.975280761719, 34.81781005859375, 17.100830078125]",0.758615255355835,1
12483,230618_4-1-2.tif,"[6019.8582763671875, 7311.292617797852, 24.8236083984375, 34.896026611328125]",0.7585294842720032,1
12484,230618_4-1-2.tif,"[8026.1070556640625, 3249.2159271240234, 22.951904296875, 33.504425048828125]",0.7583805918693542,1
12485,230618_4-1-2.tif,"[1609.5613250732422, 2507.8893432617188, 40.99836730957031, 20.0277099609375]",0.7582622766494751,1
12486,230618_4-1-2.tif,"[3628.058883666992, 9069.018127441406, 24.014968872070312, 35.3323974609375]",0.7579826712608337,1
12487,230618_4-1-2.tif,"[713.9663391113281, 1050.755334854126, 28.58258056640625, 26.16883659362793]",0.7579248547554016,1
12488,230618_4-1-2.tif,"[6511.317321777344, 8831.2646484375, 25.253173828125, 28.9739990234375]",0.7577721476554871,1
12489,230618_4-1-2.tif,"[9887.176330566406, 9294.813598632812, 22.6739501953125, 39.84521484375]",0.7576180696487427,1
12490,230618_4-1-2.tif,"[7024.272125244141, 5466.127716064453, 17.83502197265625, 33.68060302734375]",0.7575359344482422,1
12491,230618_4-1-2.tif,"[9283.949966430664, 245.09127807617188, 16.93402099609375, 32.39837646484375]",0.7574830055236816,1
12492,230618_4-1-2.tif,"[4753.973785400391, 5984.23828125, 35.3505859375, 22.5711669921875]",0.7574297785758972,1
12493,230618_4-1-2.tif,"[2339.8838806152344, 1685.9083709716797, 32.3416748046875, 28.49798583984375]",0.7573933005332947,1
12494,230618_4-1-2.tif,"[8146.190155029297, 2857.163818359375, 16.24371337890625, 26.80828857421875]",0.7572073340415955,1
12495,230618_4-1-2.tif,"[4766.162734985352, 5022.079345703125, 18.894073486328125, 32.00732421875]",0.7571892738342285,1
12496,230618_4-1-2.tif,"[5925.4417724609375, 7978.6944580078125, 23.2401123046875, 29.1146240234375]",0.7570947408676147,1
12497,230618_4-1-2.tif,"[2534.5821533203125, 1269.927001953125, 21.874267578125, 33.28271484375]",0.7569535970687866,1
12498,230618_4-1-2.tif,"[828.926025390625, 1712.1043395996094, 35.25848388671875, 22.3660888671875]",0.7569279074668884,1
12499,230618_4-1-2.tif,"[6800.052322387695, 812.7395324707031, 23.34912109375, 37.55548095703125]",0.7567327618598938,1
12500,230618_4-1-2.tif,"[8036.896728515625, 3552.8623657226562, 23.0052490234375, 33.2806396484375]",0.7567234635353088,1
12501,230618_4-1-2.tif,"[5275.962951660156, 51.27431869506836, 23.3306884765625, 35.316776275634766]",0.7565896511077881,1
12502,230618_4-1-2.tif,"[2278.5792236328125, 9090.06689453125, 33.1173095703125, 34.88232421875]",0.7565536499023438,1
12503,230618_4-1-2.tif,"[1258.586181640625, 1751.4061279296875, 29.52587890625, 27.27130126953125]",0.7565062046051025,1
12504,230618_4-1-2.tif,"[5574.360656738281, 2948.7572021484375, 36.93994140625, 17.5618896484375]",0.7564682364463806,1
12505,230618_4-1-2.tif,"[1691.9793701171875, 3044.5810546875, 20.3096923828125, 32.0369873046875]",0.7563130855560303,1
12506,230618_4-1-2.tif,"[847.4735717773438, 6265.789306640625, 33.2315673828125, 16.1177978515625]",0.7562797665596008,1
12507,230618_4-1-2.tif,"[6231.8880615234375, 5376.995910644531, 41.218353271484375, 19.12945556640625]",0.7561963796615601,1
12508,230618_4-1-2.tif,"[4425.139099121094, 5490.218505859375, 34.4410400390625, 18.5836181640625]",0.7561270594596863,1
12509,230618_4-1-2.tif,"[559.774169921875, 9115.714538574219, 37.4705810546875, 17.6868896484375]",0.7560611367225647,1
12510,230618_4-1-2.tif,"[2845.9727172851562, 3555.3661499023438, 26.17291259765625, 35.81702423095703]",0.7560449838638306,1
12511,230618_4-1-2.tif,"[2908.3403930664062, 2105.4886474609375, 25.88787841796875, 22.155029296875]",0.7559805512428284,1
12512,230618_4-1-2.tif,"[2951.6776123046875, 6755.759033203125, 32.875244140625, 16.85595703125]",0.755862832069397,1
12513,230618_4-1-2.tif,"[1512.9454956054688, 1043.2192916870117, 36.10796070098877, 21.01203155517578]",0.7556378841400146,1
12514,230618_4-1-2.tif,"[885.1228637695312, 5154.057975769043, 35.8468017578125, 17.8037109375]",0.7555121183395386,1
12515,230618_4-1-2.tif,"[2602.6832885742188, 2037.6619262695312, 34.711181640625, 19.41964340209961]",0.7553785443305969,1
12516,230618_4-1-2.tif,"[853.5345458984375, 4498.060119628906, 18.444091796875, 35.559814453125]",0.7552546262741089,1
12517,230618_4-1-2.tif,"[4953.515869140625, 4016.2874450683594, 25.2994384765625, 24.20538330078125]",0.7552167773246765,1
12518,230618_4-1-2.tif,"[5527.8199462890625, 429.34332275390625, 27.8072509765625, 30.66119384765625]",0.7550631165504456,1
12519,230618_4-1-2.tif,"[3371.7981567382812, 5703.365783691406, 33.63287353515625, 22.164688110351562]",0.7549465894699097,1
12520,230618_4-1-2.tif,"[9922.185180664062, 6967.100555419922, 41.81201171875, 18.7001953125]",0.7548366189002991,1
12521,230618_4-1-2.tif,"[2135.9124755859375, 2996.6244506835938, 37.44915771484375, 17.4395751953125]",0.7548041343688965,1
12522,230618_4-1-2.tif,"[1890.941650390625, 1688.2888488769531, 34.05535888671875, 21.75238037109375]",0.7547852396965027,1
12523,230618_4-1-2.tif,"[1523.6887817382812, 1562.4119873046875, 25.109102249145508, 32.2344970703125]",0.7547178268432617,1
12524,230618_4-1-2.tif,"[3247.719955444336, 3715.3219451904297, 19.537933349609375, 37.229278564453125]",0.7546873092651367,1
12525,230618_4-1-2.tif,"[9869.510375976562, 7439.9136962890625, 38.070068359375, 20.9854736328125]",0.7546737194061279,1
12526,230618_4-1-2.tif,"[2003.8277587890625, 2578.7268142700195, 19.90185546875, 29.80883026123047]",0.7546464800834656,1
12527,230618_4-1-2.tif,"[5594.91650390625, 4597.5758056640625, 25.8519287109375, 29.5003662109375]",0.7545335292816162,1
12528,230618_4-1-2.tif,"[4654.1422119140625, 2524.9232177734375, 31.643898010253906, 27.48956298828125]",0.7542389631271362,1
12529,230618_4-1-2.tif,"[3425.948028564453, 2529.1943359375, 18.028228759765625, 43.515774726867676]",0.7542237043380737,1
12530,230618_4-1-2.tif,"[1709.584228515625, 321.12286376953125, 30.8809814453125, 22.8782958984375]",0.7541947364807129,1
12531,230618_4-1-2.tif,"[6364.557586669922, 5731.093566894531, 29.96893310546875, 23.383056640625]",0.7539532780647278,1
12532,230618_4-1-2.tif,"[4820.740295410156, 8211.319091796875, 42.47406005859375, 18.781494140625]",0.7539160251617432,1
12533,230618_4-1-2.tif,"[6048.7413330078125, 5806.123229980469, 18.4005126953125, 36.311920166015625]",0.7537904977798462,1
12534,230618_4-1-2.tif,"[9412.79963684082, 7539.391662597656, 18.843276977539062, 35.5169677734375]",0.7537621855735779,1
12535,230618_4-1-2.tif,"[1007.3081665039062, 4189.7197265625, 32.62387466430664, 19.03424072265625]",0.753635048866272,1
12536,230618_4-1-2.tif,"[8742.08235168457, 2151.23193359375, 20.598678588867188, 42.520294189453125]",0.7536149024963379,1
12537,230618_4-1-2.tif,"[5519.111145019531, 2062.502685546875, 19.37933349609375, 38.358924865722656]",0.7532473206520081,1
12538,230618_4-1-2.tif,"[547.781005859375, 6.1832122802734375, 41.181396484375, 19.44417953491211]",0.7532377243041992,1
12539,230618_4-1-2.tif,"[7047.90625, 864.9781494140625, 22.9376220703125, 41.44720458984375]",0.7531915903091431,1
12540,230618_4-1-2.tif,"[1503.1818237304688, 328.02728271484375, 19.2320556640625, 32.70343017578125]",0.7531329393386841,1
12541,230618_4-1-2.tif,"[224.81484985351562, 4043.7590942382812, 17.27618408203125, 31.7218017578125]",0.7531155943870544,1
12542,230618_4-1-2.tif,"[885.4572143554688, 5241.245361328125, 34.4771728515625, 19.112716674804688]",0.7530607581138611,1
12543,230618_4-1-2.tif,"[4091.3294067382812, 2115.2142486572266, 24.5576171875, 25.686019897460938]",0.7530472874641418,1
12544,230618_4-1-2.tif,"[3140.108757019043, 3127.8914794921875, 36.78998565673828, 31.742416381835938]",0.752621054649353,1
12545,230618_4-1-2.tif,"[487.455322265625, 6925.995300292969, 23.423583984375, 34.3638916015625]",0.7525787949562073,1
12546,230618_4-1-2.tif,"[4515.744201660156, 5341.520324707031, 28.19873046875, 30.787384033203125]",0.7525544166564941,1
12547,230618_4-1-2.tif,"[3443.2247009277344, 4472.750640869141, 36.4429931640625, 18.670166015625]",0.7524842619895935,1
12548,230618_4-1-2.tif,"[4824.209808349609, 5246.172027587891, 20.4345703125, 31.39678955078125]",0.7524779438972473,1
12549,230618_4-1-2.tif,"[3663.805244445801, 2702.0856323242188, 17.834274291992188, 36.342010498046875]",0.7522974014282227,1
12550,230618_4-1-2.tif,"[815.8482360839844, 7202.9344482421875, 40.190643310546875, 20.324684143066406]",0.7522574067115784,1
12551,230618_4-1-2.tif,"[9840.85546875, 9584.14224243164, 27.6864013671875, 26.266387939453125]",0.7521231770515442,1
12552,230618_4-1-2.tif,"[655.8262634277344, 5482.724700927734, 17.83935546875, 34.1597900390625]",0.7519951462745667,1
12553,230618_4-1-2.tif,"[6019.77587890625, 7925.6748046875, 17.0732421875, 33.8599853515625]",0.7518157958984375,1
12554,230618_4-1-2.tif,"[2787.7217407226562, 5837.515930175781, 24.82525634765625, 39.91339111328125]",0.7517827153205872,1
12555,230618_4-1-2.tif,"[2158.3271484375, 1210.7358703613281, 40.889892578125, 18.456634521484375]",0.7517424821853638,1
12556,230618_4-1-2.tif,"[6838.636474609375, 8894.875762939453, 32.45513916015625, 19.30010986328125]",0.7514652609825134,1
12557,230618_4-1-2.tif,"[8051.1956787109375, 9984.583740234375, 27.243408203125, 15.218505859375]",0.7514009475708008,1
12558,230618_4-1-2.tif,"[4230.634414672852, 5591.293304443359, 38.600433349609375, 17.656982421875]",0.7512349486351013,1
12559,230618_4-1-2.tif,"[6726.6728591918945, 2463.01611328125, 39.67266845703125, 25.8519287109375]",0.7511777281761169,1
12560,230618_4-1-2.tif,"[441.8277587890625, 1713.0357513427734, 18.2379150390625, 37.334136962890625]",0.7510281205177307,1
12561,230618_4-1-2.tif,"[9934.059143066406, 2363.8251037597656, 29.5123291015625, 34.41400146484375]",0.7510055899620056,1
12562,230618_4-1-2.tif,"[547.784423828125, 8217.272874832153, 30.007080078125, 26.91639518737793]",0.7507726550102234,1
12563,230618_4-1-2.tif,"[5025.3441162109375, 7414.2264404296875, 19.85858154296875, 29.95343017578125]",0.7507483959197998,1
12564,230618_4-1-2.tif,"[7375.101165771484, 2907.4495544433594, 26.60443115234375, 30.11981201171875]",0.7507320046424866,1
12565,230618_4-1-2.tif,"[4408.5369873046875, 8684.890319824219, 41.126068115234375, 30.05936622619629]",0.750705361366272,1
12566,230618_4-1-2.tif,"[8444.08757019043, 3242.9127197265625, 18.956069946289062, 29.7716064453125]",0.7504820823669434,1
12567,230618_4-1-2.tif,"[4723.211318969727, 8007.435974121094, 16.6414794921875, 38.7467041015625]",0.7502760887145996,1
12568,230618_4-1-2.tif,"[7122.620666503906, 716.6524047851562, 18.01171875, 41.88916015625]",0.75025874376297,1
12569,230618_4-1-2.tif,"[7651.7841796875, 2900.9089965820312, 39.67818832397461, 21.135223388671875]",0.7500585913658142,1
12570,230618_4-1-2.tif,"[350.19464111328125, 4622.538867950439, 26.33428955078125, 34.45173263549805]",0.74996417760849,1
12571,230618_4-1-2.tif,"[1927.0305786132812, 1841.2938842773438, 19.3868408203125, 34.081298828125]",0.7497633099555969,1
12572,230618_4-1-2.tif,"[9740.864685058594, 9414.578140258789, 30.28875732421875, 26.552078247070312]",0.749401867389679,1
12573,230618_4-1-2.tif,"[781.0247497558594, 4095.930206298828, 31.261688232421875, 26.197044372558594]",0.7489875555038452,1
12574,230618_4-1-2.tif,"[679.4109802246094, 1311.5454406738281, 24.341552734375, 31.91961669921875]",0.7488932013511658,1
12575,230618_4-1-2.tif,"[2211.176559448242, 28.894336700439453, 41.894561767578125, 21.361297607421875]",0.7488659620285034,1
12576,230618_4-1-2.tif,"[4425.960998535156, 1920.9207153320312, 27.828369140625, 30.0814208984375]",0.7487805485725403,1
12577,230618_4-1-2.tif,"[2398.1236267089844, 314.31475830078125, 34.1925048828125, 21.5172119140625]",0.7487595677375793,1
12578,230618_4-1-2.tif,"[7495.9407958984375, 3495.5392456054688, 39.54833984375, 18.377197265625]",0.7487496733665466,1
12579,230618_4-1-2.tif,"[4053.651397705078, 4845.870162963867, 25.81085205078125, 41.67884826660156]",0.7487087845802307,1
12580,230618_4-1-2.tif,"[8296.714218139648, 3028.1016235351562, 26.424087524414062, 25.257080078125]",0.74870365858078,1
12581,230618_4-1-2.tif,"[8217.680541992188, 6440.54345703125, 16.1661376953125, 38.572509765625]",0.7484896779060364,1
12582,230618_4-1-2.tif,"[8140.658203125, 8556.492462158203, 35.3040771484375, 15.00860595703125]",0.7484229803085327,1
12583,230618_4-1-2.tif,"[8494.351745605469, 6586.690185546875, 17.1201171875, 33.8675537109375]",0.7483977675437927,1
12584,230618_4-1-2.tif,"[1738.3521881103516, 666.1465759277344, 38.3583984375, 39.0716552734375]",0.7483838796615601,1
12585,230618_4-1-2.tif,"[7472.588317871094, 4690.8824462890625, 35.064453125, 22.761871337890625]",0.7483142018318176,1
12586,230618_4-1-2.tif,"[4509.321868896484, 5092.316467285156, 33.96820068359375, 15.76312255859375]",0.7482502460479736,1
12587,230618_4-1-2.tif,"[297.5918884277344, 1992.7755126953125, 38.2742919921875, 16.4716796875]",0.7482413053512573,1
12588,230618_4-1-2.tif,"[9259.994445800781, 9780.96859741211, 27.17291259765625, 14.56793212890625]",0.7480910420417786,1
12589,230618_4-1-2.tif,"[130.683349609375, 6750.11629486084, 34.299530029296875, 23.365455627441406]",0.7479650974273682,1
12590,230618_4-1-2.tif,"[1512.3959350585938, 2365.3128051757812, 31.6651611328125, 15.602783203125]",0.7478530406951904,1
12591,230618_4-1-2.tif,"[651.4351196289062, 4370.2091064453125, 35.78729248046875, 16.848388671875]",0.7477796673774719,1
12592,230618_4-1-2.tif,"[6117.0311279296875, 807.7047119140625, 29.259521484375, 30.2149658203125]",0.7476454973220825,1
12593,230618_4-1-2.tif,"[799.1465759277344, 7538.831207275391, 41.624755859375, 19.73046875]",0.7471624612808228,1
12594,230618_4-1-2.tif,"[3195.3885803222656, 697.1538543701172, 18.336517333984375, 31.51312255859375]",0.7471590042114258,1
12595,230618_4-1-2.tif,"[3897.7769470214844, 8040.655700683594, 25.03765869140625, 39.82305908203125]",0.7470400929450989,1
12596,230618_4-1-2.tif,"[1439.4683227539062, 812.8650512695312, 18.97125244140625, 33.707275390625]",0.7467913031578064,1
12597,230618_4-1-2.tif,"[5692.7789306640625, 9436.1943359375, 25.3642578125, 37.3060302734375]",0.7467494010925293,1
12598,230618_4-1-2.tif,"[6433.785888671875, 3124.0245475769043, 25.6092529296875, 26.92270278930664]",0.7467065453529358,1
12599,230618_4-1-2.tif,"[225.9649200439453, 3461.6741943359375, 27.110382080078125, 25.8985595703125]",0.7466616034507751,1
12600,230618_4-1-2.tif,"[824.3571166992188, 7039.190887451172, 39.529296875, 17.82379150390625]",0.7466579675674438,1
12601,230618_4-1-2.tif,"[8849.656127929688, 9146.511047363281, 16.72454833984375, 26.3856201171875]",0.7464051842689514,1
12602,230618_4-1-2.tif,"[9601.740966796875, 8968.735900878906, 20.6982421875, 45.39599609375]",0.7463149428367615,1
12603,230618_4-1-2.tif,"[5744.13330078125, 1606.4254455566406, 31.384185791015625, 26.084259033203125]",0.746164083480835,1
12604,230618_4-1-2.tif,"[5506.1859130859375, 5158.1888427734375, 30.792724609375, 19.061233520507812]",0.7460060119628906,1
12605,230618_4-1-2.tif,"[1319.609130859375, 3527.626953125, 33.97607421875, 19.51025390625]",0.745854377746582,1
12606,230618_4-1-2.tif,"[1529.9422912597656, 6624.807678222656, 16.674530029296875, 33.63262939453125]",0.7456828355789185,1
12607,230618_4-1-2.tif,"[3598.2399291992188, 3445.1347045898438, 19.51416015625, 36.2276611328125]",0.7456560134887695,1
12608,230618_4-1-2.tif,"[1081.1239013671875, 2225.9090576171875, 36.06184387207031, 20.9390869140625]",0.7455224990844727,1
12609,230618_4-1-2.tif,"[7425.6328125, 7489.6392822265625, 22.9925537109375, 26.775390625]",0.7455093264579773,1
12610,230618_4-1-2.tif,"[3403.4459838867188, 1567.6229248046875, 21.1650390625, 29.25182342529297]",0.7455087900161743,1
12611,230618_4-1-2.tif,"[9130.862365722656, 6925.335876464844, 32.7623291015625, 18.19793701171875]",0.745156466960907,1
12612,230618_4-1-2.tif,"[3908.849395751953, 2638.226806640625, 22.451690673828125, 33.8154296875]",0.745139479637146,1
12613,230618_4-1-2.tif,"[8640.402160644531, 3219.3134155273438, 25.1112060546875, 30.85919189453125]",0.7449211478233337,1
12614,230618_4-1-2.tif,"[4930.109436035156, 3259.066925048828, 29.9434814453125, 18.092041015625]",0.7448030710220337,1
12615,230618_4-1-2.tif,"[8397.01156616211, 317.4984130859375, 32.384185791015625, 17.413818359375]",0.7442926168441772,1
12616,230618_4-1-2.tif,"[3863.2264099121094, 3290.948211669922, 25.49786376953125, 41.69183349609375]",0.7442471981048584,1
12617,230618_4-1-2.tif,"[7197.031982421875, 5198.284072875977, 32.7197265625, 22.097640991210938]",0.7442452311515808,1
12618,230618_4-1-2.tif,"[813.4756774902344, 7289.22265625, 38.993988037109375, 19.618255615234375]",0.7442178130149841,1
12619,230618_4-1-2.tif,"[916.4766845703125, 3926.2792358398438, 21.4276123046875, 34.677978515625]",0.7442060112953186,1
12620,230618_4-1-2.tif,"[6006.027770996094, 1176.5058898925781, 18.9124755859375, 41.588287353515625]",0.7441989183425903,1
12621,230618_4-1-2.tif,"[1686.5748138427734, 2588.392728805542, 17.236099243164062, 34.65655708312988]",0.7441024780273438,1
12622,230618_4-1-2.tif,"[2030.2961730957031, 2984.5732421875, 17.38458251953125, 30.8948974609375]",0.7440300583839417,1
12623,230618_4-1-2.tif,"[6407.524841308594, 1135.1141357421875, 16.85467529296875, 35.40533447265625]",0.7437624335289001,1
12624,230618_4-1-2.tif,"[2122.6484985351562, 1162.4562072753906, 29.9322509765625, 36.07086181640625]",0.7437183856964111,1
12625,230618_4-1-2.tif,"[861.2660217285156, 8863.153289794922, 35.23541259765625, 19.29254150390625]",0.7435421347618103,1
12626,230618_4-1-2.tif,"[4115.616659164429, 6761.937927246094, 33.57657814025879, 20.6280517578125]",0.7433358430862427,1
12627,230618_4-1-2.tif,"[9305.093383789062, 8092.4222412109375, 16.5986328125, 39.7711181640625]",0.7433039546012878,1
12628,230618_4-1-2.tif,"[8594.549560546875, 8108.441864013672, 36.7275390625, 24.055908203125]",0.7432766556739807,1
12629,230618_4-1-2.tif,"[9908.825561523438, 8166.579772949219, 15.973388671875, 33.685302734375]",0.7432464361190796,1
12630,230618_4-1-2.tif,"[7232.365493774414, 7781.4874267578125, 16.733993530273438, 32.77105712890625]",0.7432273626327515,1
12631,230618_4-1-2.tif,"[4068.7659912109375, 6471.437835693359, 26.03338623046875, 32.4228515625]",0.7431967854499817,1
12632,230618_4-1-2.tif,"[1127.5689697265625, 1436.2780151367188, 32.60807800292969, 24.16998291015625]",0.7429136633872986,1
12633,230618_4-1-2.tif,"[5139.807872772217, 5873.674377441406, 37.4160041809082, 18.493743896484375]",0.7427831888198853,1
12634,230618_4-1-2.tif,"[540.0811138153076, 3866.2010498046875, 25.411882400512695, 31.874267578125]",0.7425519824028015,1
12635,230618_4-1-2.tif,"[3481.31103515625, 1586.993408203125, 21.80615234375, 28.395278930664062]",0.7423449754714966,1
12636,230618_4-1-2.tif,"[1775.5265502929688, 6462.3326416015625, 34.359375, 18.2249755859375]",0.7422155737876892,1
12637,230618_4-1-2.tif,"[881.42919921875, 5301.913848876953, 44.05517578125, 18.22320556640625]",0.7421798706054688,1
12638,230618_4-1-2.tif,"[4026.5614624023438, 4352.01123046875, 34.1646728515625, 23.24267578125]",0.7420648336410522,1
12639,230618_4-1-2.tif,"[7380.785919189453, 2025.0382080078125, 20.7208251953125, 30.0323486328125]",0.7420476675033569,1
12640,230618_4-1-2.tif,"[4463.3814697265625, 9595.740051269531, 32.2767333984375, 26.14739990234375]",0.7420058846473694,1
12641,230618_4-1-2.tif,"[3512.2617797851562, 4489.269470214844, 18.4677734375, 33.8226318359375]",0.7419182062149048,1
12642,230618_4-1-2.tif,"[2880.2540283203125, 4710.290481567383, 28.01171875, 47.6734619140625]",0.7416829466819763,1
12643,230618_4-1-2.tif,"[8295.595581054688, 6583.061553955078, 39.182159423828125, 19.06109619140625]",0.7415870428085327,1
12644,230618_4-1-2.tif,"[1718.4608764648438, 7239.273773193359, 21.1136474609375, 42.051849365234375]",0.7414910793304443,1
12645,230618_4-1-2.tif,"[1066.091049194336, 1062.7349319458008, 37.747344970703125, 18.750980377197266]",0.7414137721061707,1
12646,230618_4-1-2.tif,"[2669.3555297851562, 1014.5958862304688, 41.2742919921875, 25.79635238647461]",0.7413934469223022,1
12647,230618_4-1-2.tif,"[5317.750549316406, 3341.9122619628906, 28.15374755859375, 29.64410400390625]",0.740937352180481,1
12648,230618_4-1-2.tif,"[2370.8016967773438, 6073.9718017578125, 35.5533447265625, 18.19171142578125]",0.7408954501152039,1
12649,230618_4-1-2.tif,"[3456.3617553710938, 3560.4427490234375, 21.0391845703125, 28.27386474609375]",0.7405941486358643,1
12650,230618_4-1-2.tif,"[7973.769775390625, 5207.162048339844, 23.1173095703125, 25.9400634765625]",0.7404900789260864,1
12651,230618_4-1-2.tif,"[8320.806579589844, 3692.6181640625, 37.524871826171875, 19.795455932617188]",0.7404701113700867,1
12652,230618_4-1-2.tif,"[3756.5855102539062, 5624.6563720703125, 18.49896240234375, 47.6736946105957]",0.7403427362442017,1
12653,230618_4-1-2.tif,"[5712.428421020508, 7597.051696777344, 19.130584716796875, 30.5030517578125]",0.7403361201286316,1
12654,230618_4-1-2.tif,"[2056.072229385376, 259.7952575683594, 16.187721252441406, 33.7205810546875]",0.7403005361557007,1
12655,230618_4-1-2.tif,"[1082.9437255859375, 4132.3010177612305, 33.674957275390625, 20.922508239746094]",0.7397897839546204,1
12656,230618_4-1-2.tif,"[1382.9116821289062, 2199.5247497558594, 29.117919921875, 26.431121826171875]",0.7396760582923889,1
12657,230618_4-1-2.tif,"[486.2037353515625, 4004.4154052734375, 35.1326904296875, 24.192626953125]",0.7396029829978943,1
12658,230618_4-1-2.tif,"[1813.6900024414062, 1971.4442749023438, 24.1983642578125, 29.950439453125]",0.73952716588974,1
12659,230618_4-1-2.tif,"[5550.218811035156, 8685.6435546875, 26.6904296875, 30.67120361328125]",0.7390944957733154,1
12660,230618_4-1-2.tif,"[4208.602294921875, 3340.029541015625, 29.876708984375, 31.094482421875]",0.7390456199645996,1
12661,230618_4-1-2.tif,"[663.3050384521484, 655.6180725097656, 33.150543212890625, 21.38726806640625]",0.7389327883720398,1
12662,230618_4-1-2.tif,"[6117.899169921875, 7811.7906494140625, 21.1903076171875, 31.89117431640625]",0.7387611269950867,1
12663,230618_4-1-2.tif,"[33.057464599609375, 7715.091613769531, 22.048446655273438, 28.9490966796875]",0.7386902570724487,1
12664,230618_4-1-2.tif,"[2169.7376556396484, 439.76422119140625, 32.3638916015625, 22.15765380859375]",0.738566517829895,1
12665,230618_4-1-2.tif,"[230.80618286132812, 7718.9287109375, 34.73016357421875, 23.623291015625]",0.7385621666908264,1
12666,230618_4-1-2.tif,"[5093.578125, 7943.553405761719, 24.864990234375, 41.5166015625]",0.7385596632957458,1
12667,230618_4-1-2.tif,"[2429.1986083984375, 1964.1188354492188, 23.3870849609375, 27.690673828125]",0.7385372519493103,1
12668,230618_4-1-2.tif,"[1647.7519226074219, 6450.243408203125, 29.972793579101562, 32.2562255859375]",0.7383261919021606,1
12669,230618_4-1-2.tif,"[4528.437438964844, 5607.367614746094, 36.88214111328125, 19.32928466796875]",0.7382369637489319,1
12670,230618_4-1-2.tif,"[7821.064453125, 1105.33837890625, 23.33978271484375, 31.491943359375]",0.7379172444343567,1
12671,230618_4-1-2.tif,"[4161.545341491699, 1330.1786499023438, 34.26258850097656, 22.72930908203125]",0.7377879619598389,1
12672,230618_4-1-2.tif,"[9604.649963378906, 9439.82991027832, 33.021759033203125, 22.432403564453125]",0.7375403046607971,1
12673,230618_4-1-2.tif,"[156.94790649414062, 3669.0640869140625, 33.9573974609375, 20.2607421875]",0.7375257015228271,1
12674,230618_4-1-2.tif,"[2744.0462799072266, 8759.955383300781, 25.04486083984375, 36.7698974609375]",0.7373284697532654,1
12675,230618_4-1-2.tif,"[915.340087890625, 2124.5325317382812, 17.264617919921875, 33.791961669921875]",0.7371305823326111,1
12676,230618_4-1-2.tif,"[1683.5065612792969, 1603.558349609375, 33.719879150390625, 22.443359375]",0.7370640635490417,1
12677,230618_4-1-2.tif,"[521.414306640625, 1257.55078125, 17.727245330810547, 36.3238525390625]",0.7369832992553711,1
12678,230618_4-1-2.tif,"[8293.918685913086, 8958.08268737793, 33.3511962890625, 21.555679321289062]",0.7368324398994446,1
12679,230618_4-1-2.tif,"[0.0, 9815.025512695312, 22.68665313720703, 25.9149169921875]",0.7367495894432068,1
12680,230618_4-1-2.tif,"[1594.1489295959473, 2580.1456966400146, 18.43770980834961, 36.489397048950195]",0.7367414236068726,1
12681,230618_4-1-2.tif,"[4186.1031494140625, 9628.748168945312, 36.693603515625, 31.2518310546875]",0.7365327477455139,1
12682,230618_4-1-2.tif,"[784.2357177734375, 8122.290832519531, 41.12237548828125, 20.6893310546875]",0.7364996671676636,1
12683,230618_4-1-2.tif,"[8180.722106933594, 8445.923751831055, 21.573974609375, 41.23835754394531]",0.736383318901062,1
12684,230618_4-1-2.tif,"[9810.990295410156, 7892.0450439453125, 34.64923095703125, 20.681854248046875]",0.7362732291221619,1
12685,230618_4-1-2.tif,"[8648.119812011719, 6741.93798828125, 31.016845703125, 28.452850341796875]",0.7361765503883362,1
12686,230618_4-1-2.tif,"[6298.95361328125, 4511.4012451171875, 33.71380615234375, 18.072265625]",0.7361298203468323,1
12687,230618_4-1-2.tif,"[5576.841979980469, 1293.6361389160156, 18.281982421875, 41.7420654296875]",0.7356564402580261,1
12688,230618_4-1-2.tif,"[135.28990173339844, 4093.2535095214844, 16.88330078125, 33.814096450805664]",0.7356371879577637,1
12689,230618_4-1-2.tif,"[5891.140472412109, 7077.808563232422, 24.25897216796875, 30.77587890625]",0.7352977991104126,1
12690,230618_4-1-2.tif,"[2736.300079345703, 94.62510681152344, 35.8870849609375, 25.645416259765625]",0.735253632068634,1
12691,230618_4-1-2.tif,"[7818.385437011719, 5638.852294921875, 35.738372802734375, 21.050277709960938]",0.7352497577667236,1
12692,230618_4-1-2.tif,"[571.596923828125, 2908.1572265625, 19.193862915039062, 34.89013671875]",0.7351971864700317,1
12693,230618_4-1-2.tif,"[5014.9764404296875, 4151.128173828125, 19.3408203125, 35.105224609375]",0.735076904296875,1
12694,230618_4-1-2.tif,"[3793.1243591308594, 4941.194915771484, 16.854736328125, 41.155029296875]",0.7350690364837646,1
12695,230618_4-1-2.tif,"[5632.544851303101, 758.1728515625, 20.929391860961914, 30.484130859375]",0.7349182367324829,1
12696,230618_4-1-2.tif,"[4510.981170654297, 5028.161315917969, 17.8988037109375, 35.51416015625]",0.7340186238288879,1
12697,230618_4-1-2.tif,"[3196.9709548950195, 1348.2175903320312, 18.20946502685547, 37.3282470703125]",0.7333378791809082,1
12698,230618_4-1-2.tif,"[5353.847625732422, 3792.9633026123047, 36.792327880859375, 23.784210205078125]",0.7333340048789978,1
12699,230618_4-1-2.tif,"[0.027069091796875, 7790.027694702148, 31.467243194580078, 18.768524169921875]",0.7332119941711426,1
12700,230618_4-1-2.tif,"[2549.5863037109375, 229.33389282226562, 20.198881149291992, 45.88165283203125]",0.733178436756134,1
12701,230618_4-1-2.tif,"[588.2657470703125, 1767.3989868164062, 38.27783203125, 22.094482421875]",0.7330957651138306,1
12702,230618_4-1-2.tif,"[5294.624267578125, 3511.3675231933594, 40.34295654296875, 19.9091796875]",0.7329291105270386,1
12703,230618_4-1-2.tif,"[3375.4854736328125, 1749.6177520751953, 37.2303466796875, 17.65185546875]",0.7328783273696899,1
12704,230618_4-1-2.tif,"[9088.18310546875, 8747.875408172607, 28.981201171875, 15.831623077392578]",0.7327377200126648,1
12705,230618_4-1-2.tif,"[4269.41845703125, 5804.544342041016, 20.0074462890625, 30.56256103515625]",0.732632040977478,1
12706,230618_4-1-2.tif,"[3074.9417114257812, 1478.9231262207031, 18.9488525390625, 32.314697265625]",0.7322978377342224,1
12707,230618_4-1-2.tif,"[7075.364471435547, 2994.542022705078, 35.90716552734375, 27.640625]",0.7320629954338074,1
12708,230618_4-1-2.tif,"[855.1237182617188, 3464.1973571777344, 35.5068359375, 18.49853515625]",0.732001006603241,1
12709,230618_4-1-2.tif,"[1090.8125915527344, 2612.3835639953613, 29.059783935546875, 27.751461029052734]",0.7319793701171875,1
12710,230618_4-1-2.tif,"[4107.298277854919, 3355.2516174316406, 26.362244606018066, 38.03631591796875]",0.7319321632385254,1
12711,230618_4-1-2.tif,"[8530.234619140625, 2782.245574951172, 22.4044189453125, 35.04437255859375]",0.7317317724227905,1
12712,230618_4-1-2.tif,"[2690.185592651367, 2508.09130859375, 31.04449462890625, 29.61004638671875]",0.7316135764122009,1
12713,230618_4-1-2.tif,"[2982.7708435058594, 3890.712646484375, 17.260009765625, 35.42913818359375]",0.7313824892044067,1
12714,230618_4-1-2.tif,"[7043.552886962891, 4763.854400634766, 23.3167724609375, 31.6829833984375]",0.7311755418777466,1
12715,230618_4-1-2.tif,"[2975.2498474121094, 85.72331237792969, 15.29449462890625, 30.832733154296875]",0.7306033968925476,1
12716,230618_4-1-2.tif,"[7320.290710449219, 4256.59992980957, 28.7869873046875, 33.078704833984375]",0.7305471301078796,1
12717,230618_4-1-2.tif,"[115.88629150390625, 5391.69287109375, 26.26824951171875, 35.2127685546875]",0.7304729223251343,1
12718,230618_4-1-2.tif,"[1343.1514282226562, 635.1997528076172, 22.81317138671875, 31.8077392578125]",0.7299613952636719,1
12719,230618_4-1-2.tif,"[8737.46314239502, 1477.6220092773438, 36.74620819091797, 16.9351806640625]",0.7298745512962341,1
12720,230618_4-1-2.tif,"[7153.34033203125, 4866.567199707031, 20.300657272338867, 38.0880126953125]",0.7298391461372375,1
12721,230618_4-1-2.tif,"[7385.8721923828125, 3212.7501373291016, 23.436126708984375, 39.889892578125]",0.7298352122306824,1
12722,230618_4-1-2.tif,"[3381.5825805664062, 1018.8538513183594, 23.071441650390625, 29.31730842590332]",0.7297853827476501,1
12723,230618_4-1-2.tif,"[7784.0501708984375, 3006.0497436523438, 27.095626831054688, 30.1273193359375]",0.729780912399292,1
12724,230618_4-1-2.tif,"[7298.290191650391, 7224.29150390625, 22.68280029296875, 20.185791015625]",0.7297748327255249,1
12725,230618_4-1-2.tif,"[3367.5560302734375, 89.33071899414062, 35.9993896484375, 19.27728271484375]",0.7296362519264221,1
12726,230618_4-1-2.tif,"[9107.295654296875, 638.1937713623047, 17.7440185546875, 30.392822265625]",0.7296311259269714,1
12727,230618_4-1-2.tif,"[5429.718078613281, 2792.8377990722656, 23.3426513671875, 31.0113525390625]",0.7296266555786133,1
12728,230618_4-1-2.tif,"[5932.2501220703125, 9082.198822021484, 22.4017333984375, 32.97314453125]",0.7294473648071289,1
12729,230618_4-1-2.tif,"[1706.0898742675781, 1498.0590209960938, 16.8145751953125, 34.942626953125]",0.7293047904968262,1
12730,230618_4-1-2.tif,"[9104.432067871094, 227.1497802734375, 21.78515625, 33.379913330078125]",0.7290402054786682,1
12731,230618_4-1-2.tif,"[8787.519348144531, 0.0, 24.2513427734375, 12.281658172607422]",0.7290200591087341,1
12732,230618_4-1-2.tif,"[2488.7508850097656, 2885.8030395507812, 34.9088134765625, 21.1739501953125]",0.7289562225341797,1
12733,230618_4-1-2.tif,"[4132.562774658203, 5287.039520263672, 42.1973876953125, 18.20263671875]",0.7285791635513306,1
12734,230618_4-1-2.tif,"[6098.229644775391, 9.105101585388184, 30.9832763671875, 31.47445774078369]",0.7285042405128479,1
12735,230618_4-1-2.tif,"[7907.553192138672, 553.341064453125, 24.86785888671875, 17.41857147216797]",0.7282859086990356,1
12736,230618_4-1-2.tif,"[7057.541687011719, 3451.8482360839844, 21.34637451171875, 38.09136962890625]",0.7281653881072998,1
12737,230618_4-1-2.tif,"[5938.719177246094, 1602.6476135253906, 21.20361328125, 31.707916259765625]",0.7280862331390381,1
12738,230618_4-1-2.tif,"[188.02725219726562, 4561.245422363281, 17.0771484375, 43.497802734375]",0.7280033230781555,1
12739,230618_4-1-2.tif,"[4984.863586425781, 5516.008972167969, 21.29296875, 22.510009765625]",0.727931559085846,1
12740,230618_4-1-2.tif,"[8284.679931640625, 943.42822265625, 16.6510009765625, 35.60064697265625]",0.7279257774353027,1
12741,230618_4-1-2.tif,"[1447.5349426269531, 2333.4892578125, 21.0982666015625, 29.99407958984375]",0.7276998162269592,1
12742,230618_4-1-2.tif,"[9422.276985168457, 9350.225143432617, 30.941604614257812, 29.490020751953125]",0.727449357509613,1
12743,230618_4-1-2.tif,"[2744.3091430664062, 2100.5445251464844, 16.214874267578125, 31.151336669921875]",0.7274146676063538,1
12744,230618_4-1-2.tif,"[8161.546081542969, 9646.29135131836, 14.20166015625, 30.76556396484375]",0.727107584476471,1
12745,230618_4-1-2.tif,"[6597.2293701171875, 298.6561279296875, 34.67730712890625, 20.5321044921875]",0.7270472049713135,1
12746,230618_4-1-2.tif,"[4137.282081604004, 241.9725341796875, 32.32335662841797, 27.780242919921875]",0.7267189621925354,1
12747,230618_4-1-2.tif,"[4706.364944458008, 5112.443908691406, 38.93626403808594, 17.7413330078125]",0.7264512181282043,1
12748,230618_4-1-2.tif,"[1896.0780639648438, 2745.882049560547, 35.5245361328125, 17.84228515625]",0.7262231707572937,1
12749,230618_4-1-2.tif,"[1439.1390380859375, 542.190055847168, 16.35760498046875, 33.85193634033203]",0.7261772751808167,1
12750,230618_4-1-2.tif,"[6659.7352294921875, 1091.7618408203125, 23.30859375, 43.905517578125]",0.7260780930519104,1
12751,230618_4-1-2.tif,"[5652.0869140625, 2217.8457946777344, 44.5802001953125, 21.046112060546875]",0.7260181307792664,1
12752,230618_4-1-2.tif,"[1974.6033935546875, 327.2326354980469, 28.416015625, 24.7734375]",0.7254589200019836,1
12753,230618_4-1-2.tif,"[4479.686340332031, 1654.2552795410156, 43.837158203125, 16.87078857421875]",0.7254306077957153,1
12754,230618_4-1-2.tif,"[3249.2281799316406, 1442.8721923828125, 32.28094482421875, 17.9107666015625]",0.7254003882408142,1
12755,230618_4-1-2.tif,"[6791.250885009766, 7421.50422668457, 19.06103515625, 37.52708435058594]",0.7253566384315491,1
12756,230618_4-1-2.tif,"[2255.537872314453, 6646.45849609375, 32.26983642578125, 33.498046875]",0.725227415561676,1
12757,230618_4-1-2.tif,"[976.4277954101562, 3693.2715606689453, 32.43048095703125, 32.1861572265625]",0.7251733541488647,1
12758,230618_4-1-2.tif,"[1427.1265869140625, 4345.846282958984, 30.2879638671875, 29.55712890625]",0.7250937223434448,1
12759,230618_4-1-2.tif,"[7040.516357421875, 1296.7422485351562, 18.05438232421875, 32.0677490234375]",0.7245940566062927,1
12760,230618_4-1-2.tif,"[1002.4418334960938, 2591.557861328125, 17.2542724609375, 32.3519287109375]",0.7245846390724182,1
12761,230618_4-1-2.tif,"[1920.9595031738281, 606.1308898925781, 31.645965576171875, 25.018524169921875]",0.7244927883148193,1
12762,230618_4-1-2.tif,"[2503.388641357422, 497.829833984375, 32.43414306640625, 30.412158966064453]",0.7244598269462585,1
12763,230618_4-1-2.tif,"[6417.543548583984, 9489.854614257812, 17.4371337890625, 21.24853515625]",0.7243436574935913,1
12764,230618_4-1-2.tif,"[8644.627624511719, 223.25921630859375, 18.6619873046875, 37.049163818359375]",0.7242329716682434,1
12765,230618_4-1-2.tif,"[332.1455383300781, 7722.150238037109, 31.763519287109375, 24.767974853515625]",0.7241607308387756,1
12766,230618_4-1-2.tif,"[6692.129409790039, 3943.727325439453, 29.025543212890625, 29.0220947265625]",0.7240598797798157,1
12767,230618_4-1-2.tif,"[5101.664611816406, 1974.748779296875, 18.6763916015625, 26.240478515625]",0.7240250110626221,1
12768,230618_4-1-2.tif,"[4954.776641845703, 6461.789794921875, 26.2471923828125, 41.602294921875]",0.7239672541618347,1
12769,230618_4-1-2.tif,"[0.0352935791015625, 2300.1397552490234, 17.17239761352539, 27.327163696289062]",0.7239068746566772,1
12770,230618_4-1-2.tif,"[6165.323547363281, 2335.8142700195312, 21.783447265625, 38.042724609375]",0.7238062620162964,1
12771,230618_4-1-2.tif,"[3520.6646118164062, 4749.3363037109375, 28.501220703125, 35.130096435546875]",0.723702609539032,1
12772,230618_4-1-2.tif,"[91.85212707519531, 4369.821594238281, 26.855133056640625, 28.4227294921875]",0.7232416868209839,1
12773,230618_4-1-2.tif,"[2920.1707153320312, 4049.9677124023438, 20.5069580078125, 33.51904296875]",0.7232329249382019,1
12774,230618_4-1-2.tif,"[2615.717041015625, 1352.5392761230469, 40.9951171875, 22.220947265625]",0.7228251099586487,1
12775,230618_4-1-2.tif,"[9815.064758300781, 1452.8235473632812, 34.05438232421875, 20.7418212890625]",0.7224801778793335,1
12776,230618_4-1-2.tif,"[2714.333251953125, 2622.138999938965, 37.7867431640625, 20.279739379882812]",0.7224717736244202,1
12777,230618_4-1-2.tif,"[2330.107666015625, 407.0340576171875, 35.0333251953125, 17.5374755859375]",0.7224529981613159,1
12778,230618_4-1-2.tif,"[433.9004211425781, 4032.816192626953, 16.412353515625, 37.143798828125]",0.721899151802063,1
12779,230618_4-1-2.tif,"[7174.890580177307, 7145.614685058594, 26.284384727478027, 26.7747802734375]",0.7215351462364197,1
12780,230618_4-1-2.tif,"[1964.4536743164062, 6388.6580810546875, 37.87030029296875, 17.185302734375]",0.7211923599243164,1
12781,230618_4-1-2.tif,"[5270.588897705078, 7144.5440673828125, 34.764892578125, 23.17047119140625]",0.7210424542427063,1
12782,230618_4-1-2.tif,"[2337.2046508789062, 1057.7528457641602, 33.75494384765625, 24.878257751464844]",0.720970094203949,1
12783,230618_4-1-2.tif,"[87.2480239868164, 9073.009460449219, 18.62652587890625, 35.6552734375]",0.7209545969963074,1
12784,230618_4-1-2.tif,"[8288.316635131836, 2287.3053283691406, 15.739028930664062, 36.88720703125]",0.7209192514419556,1
12785,230618_4-1-2.tif,"[2845.2408752441406, 3029.781219482422, 25.4105224609375, 28.9222412109375]",0.7208981513977051,1
12786,230618_4-1-2.tif,"[978.9656372070312, 813.8821716308594, 16.4700927734375, 31.25238037109375]",0.7208126783370972,1
12787,230618_4-1-2.tif,"[2958.103759765625, 2194.570510864258, 18.0904541015625, 32.383636474609375]",0.720487117767334,1
12788,230618_4-1-2.tif,"[887.6024475097656, 5048.0328369140625, 40.44805908203125, 17.8857421875]",0.7203924655914307,1
12789,230618_4-1-2.tif,"[3511.6863403320312, 7015.335601806641, 29.34765625, 25.75006103515625]",0.7199869155883789,1
12790,230618_4-1-2.tif,"[4342.294158935547, 4756.89111328125, 13.554107666015625, 21.439208984375]",0.7195574641227722,1
12791,230618_4-1-2.tif,"[2546.586181640625, 9445.477813720703, 16.96728515625, 37.51103210449219]",0.719002902507782,1
12792,230618_4-1-2.tif,"[603.1801452636719, 4429.727783203125, 21.674102783203125, 34.2056884765625]",0.71875,1
12793,230618_4-1-2.tif,"[9666.757781982422, 1046.8164653778076, 18.077423095703125, 33.22979927062988]",0.7180518507957458,1
12794,230618_4-1-2.tif,"[2130.9483184814453, 413.777587890625, 33.04716491699219, 21.275390625]",0.7180162072181702,1
12795,230618_4-1-2.tif,"[7224.70068359375, 8875.714416503906, 23.88720703125, 32.357635498046875]",0.7173126935958862,1
12796,230618_4-1-2.tif,"[3465.1703491210938, 9175.588684082031, 24.0858154296875, 34.518798828125]",0.7168082594871521,1
12797,230618_4-1-2.tif,"[3566.4446716308594, 5492.616638183594, 49.334014892578125, 23.0894775390625]",0.7166439294815063,1
12798,230618_4-1-2.tif,"[1382.9672241210938, 8479.071105957031, 20.18475341796875, 31.3961181640625]",0.7164575457572937,1
12799,230618_4-1-2.tif,"[9342.011306762695, 7767.2049560546875, 26.057907104492188, 32.838623046875]",0.716334879398346,1
12800,230618_4-1-2.tif,"[7108.081481933594, 73.19611358642578, 32.640380859375, 20.2359619140625]",0.7162914276123047,1
12801,230618_4-1-2.tif,"[1060.1854782104492, 2092.4630126953125, 19.70655059814453, 31.71564483642578]",0.716070294380188,1
12802,230618_4-1-2.tif,"[7241.6260986328125, 1654.0260314941406, 21.085693359375, 38.978424072265625]",0.7160400152206421,1
12803,230618_4-1-2.tif,"[2482.156494140625, 2060.3089599609375, 19.3062744140625, 34.49962615966797]",0.7160394787788391,1
12804,230618_4-1-2.tif,"[530.5521240234375, 6229.521942138672, 30.3084716796875, 18.029510498046875]",0.7157064080238342,1
12805,230618_4-1-2.tif,"[2670.7754516601562, 1439.0218200683594, 33.715118408203125, 27.060882568359375]",0.7155922055244446,1
12806,230618_4-1-2.tif,"[1540.2066459655762, 2974.9494018554688, 41.35976028442383, 17.625]",0.715573251247406,1
12807,230618_4-1-2.tif,"[7722.112449645996, 2103.7550659179688, 30.739791870117188, 20.987564086914062]",0.7155443429946899,1
12808,230618_4-1-2.tif,"[994.5543823242188, 4988.4793701171875, 24.422607421875, 31.8544921875]",0.7145325541496277,1
12809,230618_4-1-2.tif,"[2995.2710571289062, 6492.049072265625, 32.871337890625, 28.0931396484375]",0.7137653231620789,1
12810,230618_4-1-2.tif,"[726.2495422363281, 9678.044616699219, 33.15484619140625, 27.10009765625]",0.7136508822441101,1
12811,230618_4-1-2.tif,"[7221.001842498779, 7574.15625, 33.85405349731445, 17.8443603515625]",0.7131091952323914,1
12812,230618_4-1-2.tif,"[8286.317993164062, 398.59375, 31.4619140625, 32.17987060546875]",0.7130573391914368,1
12813,230618_4-1-2.tif,"[6777.265274047852, 2571.9122314453125, 14.957778930664062, 41.346923828125]",0.7126884460449219,1
12814,230618_4-1-2.tif,"[4693.1350021362305, 3067.0322265625, 21.03083038330078, 18.7567138671875]",0.7126830816268921,1
12815,230618_4-1-2.tif,"[9706.961120605469, 2216.4366760253906, 24.535888671875, 33.342041015625]",0.7121055722236633,1
12816,230618_4-1-2.tif,"[6248.243545532227, 4786.006134033203, 20.969955444335938, 25.685791015625]",0.7117342352867126,1
12817,230618_4-1-2.tif,"[4181.481048583984, 7115.392730712891, 25.445709228515625, 21.6446533203125]",0.7111861109733582,1
12818,230618_4-1-2.tif,"[853.2955627441406, 5990.99560546875, 45.61676025390625, 19.895751953125]",0.7108846306800842,1
12819,230618_4-1-2.tif,"[5561.566558837891, 1609.4461669921875, 18.281494140625, 43.406158447265625]",0.710760235786438,1
12820,230618_4-1-2.tif,"[7912.62776184082, 1140.5101318359375, 19.698501586914062, 38.99452209472656]",0.7097543478012085,1
12821,230618_4-1-2.tif,"[3752.9136352539062, 5105.114685058594, 40.992340087890625, 20.17599582672119]",0.7097532749176025,1
12822,230618_4-1-2.tif,"[4935.828521728516, 7437.985900878906, 36.6143798828125, 16.852783203125]",0.709752082824707,1
12823,230618_4-1-2.tif,"[5.2523345947265625, 4668.1083984375, 38.21527862548828, 24.8585205078125]",0.7094200253486633,1
12824,230618_4-1-2.tif,"[613.5882568359375, 2289.7555541992188, 43.1505126953125, 22.69415283203125]",0.7089547514915466,1
12825,230618_4-1-2.tif,"[1934.8435668945312, 6490.441955566406, 30.2681884765625, 27.67132568359375]",0.7087308168411255,1
12826,230618_4-1-2.tif,"[1290.7337646484375, 2986.4090576171875, 17.595703125, 34.7877197265625]",0.70805823802948,1
12827,230618_4-1-2.tif,"[6842.357147216797, 624.078125, 16.063323974609375, 45.472076416015625]",0.7078234553337097,1
12828,230618_4-1-2.tif,"[8416.425918579102, 338.74322509765625, 26.679443359375, 30.0650634765625]",0.7076367735862732,1
12829,230618_4-1-2.tif,"[2175.844253540039, 265.5841979980469, 22.788787841796875, 35.61767578125]",0.7069161534309387,1
12830,230618_4-1-2.tif,"[2012.3601684570312, 1250.8336181640625, 41.2147216796875, 19.29156494140625]",0.7069081664085388,1
12831,230618_4-1-2.tif,"[2716.6724853515625, 2838.028594970703, 16.9134521484375, 32.66290283203125]",0.7067880630493164,1
12832,230618_4-1-2.tif,"[7626.34228515625, 3394.4403686523438, 40.27508544921875, 16.5101318359375]",0.706587016582489,1
12833,230618_4-1-2.tif,"[5066.302001953125, 3634.387939453125, 21.6610107421875, 26.1746826171875]",0.7056566476821899,1
12834,230618_4-1-2.tif,"[2026.6455688476562, 901.8904113769531, 28.223537921905518, 40.208221435546875]",0.7054101228713989,1
12835,230618_4-1-2.tif,"[1628.0476837158203, 589.2727661132812, 36.385589599609375, 18.63037109375]",0.7052419185638428,1
12836,230618_4-1-2.tif,"[3838.329055786133, 7652.584533691406, 20.168624877929688, 44.95415687561035]",0.7048280239105225,1
12837,230618_4-1-2.tif,"[8858.740631103516, 151.9134521484375, 24.852935791015625, 28.279266357421875]",0.7048256993293762,1
12838,230618_4-1-2.tif,"[1590.98095703125, 195.63336181640625, 44.762451171875, 26.7530517578125]",0.7048121690750122,1
12839,230618_4-1-2.tif,"[8217.025085449219, 3615.195960998535, 34.3223876953125, 34.11797332763672]",0.7045803070068359,1
12840,230618_4-1-2.tif,"[6283.460388183594, 5290.960433959961, 23.8834228515625, 33.437255859375]",0.7045096755027771,1
12841,230618_4-1-2.tif,"[6139.2845458984375, 8942.912414550781, 26.221364974975586, 42.583740234375]",0.704218327999115,1
12842,230618_4-1-2.tif,"[3040.4149780273438, 1857.4533081054688, 18.49169921875, 35.0833740234375]",0.7039119601249695,1
12843,230618_4-1-2.tif,"[8321.721160888672, 238.60504150390625, 19.7147216796875, 32.13372802734375]",0.7036401629447937,1
12844,230618_4-1-2.tif,"[9556.864196777344, 7694.9166259765625, 34.330078125, 21.204010009765625]",0.7035355567932129,1
12845,230618_4-1-2.tif,"[8720.586029052734, 2670.897918701172, 31.213584899902344, 28.877944946289062]",0.7031551003456116,1
12846,230618_4-1-2.tif,"[2698.7255859375, 1527.771240234375, 29.7056884765625, 37.11819648742676]",0.7028836607933044,1
12847,230618_4-1-2.tif,"[749.2959899902344, 9008.707763671875, 38.127197265625, 21.13836669921875]",0.7028438448905945,1
12848,230618_4-1-2.tif,"[2063.343017578125, 2412.78759765625, 31.843505859375, 26.85693359375]",0.7027400732040405,1
12849,230618_4-1-2.tif,"[7766.0015869140625, 3564.5787963867188, 18.634765625, 35.60595703125]",0.7027105093002319,1
12850,230618_4-1-2.tif,"[4782.479507446289, 7912.6358642578125, 18.040496826171875, 35.463134765625]",0.7024800777435303,1
12851,230618_4-1-2.tif,"[271.166015625, 4199.8536376953125, 43.17327880859375, 26.843063354492188]",0.7023985385894775,1
12852,230618_4-1-2.tif,"[9071.876281738281, 8866.330764770508, 17.612548828125, 43.394866943359375]",0.7022456526756287,1
12853,230618_4-1-2.tif,"[1194.3148345947266, 1403.0564270019531, 37.5755615234375, 23.30224609375]",0.7022050619125366,1
12854,230618_4-1-2.tif,"[1099.2115478515625, 3499.2661743164062, 22.404541015625, 31.88897705078125]",0.7021827697753906,1
12855,230618_4-1-2.tif,"[8246.250366210938, 6811.175506591797, 29.31640625, 23.95880126953125]",0.7019915580749512,1
12856,230618_4-1-2.tif,"[1079.9187850952148, 4035.091796875, 34.049163818359375, 23.9796142578125]",0.7016111016273499,1
12857,230618_4-1-2.tif,"[3644.9949798583984, 2672.052001953125, 17.853530883789062, 40.926971435546875]",0.701403021812439,1
12858,230618_4-1-2.tif,"[3566.9996337890625, 5514.4471435546875, 16.45343017578125, 33.57183837890625]",0.7013298869132996,1
12859,230618_4-1-2.tif,"[6174.5836181640625, 2672.831298828125, 28.74835205078125, 32.788665771484375]",0.7010958194732666,1
12860,230618_4-1-2.tif,"[9447.787826538086, 9203.102783203125, 21.692291259765625, 33.87488555908203]",0.7010611295700073,1
12861,230618_4-1-2.tif,"[7954.179107666016, 3909.9507446289062, 38.986328125, 22.4569091796875]",0.7010001540184021,1
12862,230618_4-1-2.tif,"[6965.075286865234, 2102.924514770508, 24.863525390625, 26.787612915039062]",0.7009738087654114,1
12863,230618_4-1-2.tif,"[1487.8895874023438, 2859.5870971679688, 43.8135986328125, 18.7742919921875]",0.7008644938468933,1
12864,230618_4-1-2.tif,"[5772.338531494141, 5679.2919845581055, 33.4404296875, 21.49781036376953]",0.700801432132721,1
12865,230618_4-1-2.tif,"[953.4589538574219, 6997.196716308594, 30.5714111328125, 18.7674560546875]",0.7007164359092712,1
12866,230618_4-1-2.tif,"[8060.9681396484375, 5618.789978027344, 18.75445556640625, 35.51994705200195]",0.7006233334541321,1
12867,230618_4-1-2.tif,"[8829.606132507324, 2687.2679748535156, 33.64246368408203, 19.045654296875]",0.7005346417427063,1
12868,230618_4-1-2.tif,"[509.99853515625, 2099.8773193359375, 18.14569091796875, 38.088623046875]",0.7000227570533752,1
12869,230618_4-1-2.tif,"[2966.8352661132812, 590.2816162109375, 17.8328857421875, 34.358642578125]",0.699958086013794,1
12870,230618_4-1-2.tif,"[3190.753189086914, 6.975959777832031, 21.60333251953125, 31.525657653808594]",0.6999518871307373,1
12871,230618_4-1-2.tif,"[8746.29296875, 2507.9041748046875, 33.71142578125, 27.8482666015625]",0.699709415435791,1
12872,230618_4-1-2.tif,"[4051.2326049804688, 2447.0875854492188, 32.00408935546875, 26.98211669921875]",0.699675977230072,1
12873,230618_4-1-2.tif,"[3810.2884521484375, 1227.9702453613281, 22.38665771484375, 34.05126953125]",0.6995265483856201,1
12874,230618_4-1-2.tif,"[520.6979494094849, 847.0565185546875, 24.935111045837402, 33.21002197265625]",0.6993189454078674,1
12875,230618_4-1-2.tif,"[1329.7646484375, 3050.4827270507812, 17.984619140625, 36.38861083984375]",0.699207067489624,1
12876,230618_4-1-2.tif,"[8499.776184082031, 8095.542175292969, 25.3848876953125, 29.637451171875]",0.6990827322006226,1
12877,230618_4-1-2.tif,"[2789.6576232910156, 1047.92653465271, 22.7908935546875, 24.13438606262207]",0.6986789107322693,1
12878,230618_4-1-2.tif,"[5915.333923339844, 3131.4171142578125, 43.86517333984375, 19.977783203125]",0.6985692977905273,1
12879,230618_4-1-2.tif,"[933.1497497558594, 213.5060272216797, 23.288818359375, 32.406585693359375]",0.6983669996261597,1
12880,230618_4-1-2.tif,"[2473.4352416992188, 1382.5196838378906, 25.42437744140625, 16.53204345703125]",0.6983219385147095,1
12881,230618_4-1-2.tif,"[8641.9150390625, 2562.2939453125, 25.4249267578125, 39.929351806640625]",0.6982902884483337,1
12882,230618_4-1-2.tif,"[8089.834320068359, 8724.037603378296, 22.822998046875, 24.5613956451416]",0.6981053948402405,1
12883,230618_4-1-2.tif,"[4960.800201416016, 1023.7083740234375, 36.22802734375, 19.280488967895508]",0.6978588700294495,1
12884,230618_4-1-2.tif,"[6656.481853485107, 6365.817230224609, 24.016132354736328, 17.619476318359375]",0.697647750377655,1
12885,230618_4-1-2.tif,"[4136.304672241211, 7226.94607925415, 26.093338012695312, 31.405162811279297]",0.6975801587104797,1
12886,230618_4-1-2.tif,"[17.925758361816406, 3742.2415924072266, 20.444595336914062, 31.91339111328125]",0.6975330710411072,1
12887,230618_4-1-2.tif,"[7946.923187255859, 2979.329315185547, 25.9527587890625, 30.9776611328125]",0.6972312331199646,1
12888,230618_4-1-2.tif,"[8664.870544433594, 7952.340576171875, 16.7403564453125, 33.863525390625]",0.6972033977508545,1
12889,230618_4-1-2.tif,"[89.49551391601562, 3206.5843505859375, 31.871673583984375, 19.661376953125]",0.6971234679222107,1
12890,230618_4-1-2.tif,"[8417.304443359375, 3122.5905151367188, 35.197601318359375, 30.6019287109375]",0.6967965364456177,1
12891,230618_4-1-2.tif,"[7888.521392822266, 7994.819885253906, 24.463134765625, 26.508056640625]",0.6966527700424194,1
12892,230618_4-1-2.tif,"[7947.613586425781, 6192.595603942871, 33.38427734375, 17.11357879638672]",0.6965191960334778,1
12893,230618_4-1-2.tif,"[6308.253204345703, 4616.398254394531, 23.13037109375, 41.8551025390625]",0.6964844465255737,1
12894,230618_4-1-2.tif,"[2287.2293090820312, 2415.5773315429688, 24.17657470703125, 33.756591796875]",0.696121335029602,1
12895,230618_4-1-2.tif,"[6058.331237792969, 110.49129486083984, 18.903564453125, 40.39429473876953]",0.6961066126823425,1
12896,230618_4-1-2.tif,"[1296.7430419921875, 2304.8569946289062, 34.01739501953125, 22.021240234375]",0.6960858106613159,1
12897,230618_4-1-2.tif,"[734.5415344238281, 9407.520233154297, 38.425323486328125, 17.897003173828125]",0.6960652470588684,1
12898,230618_4-1-2.tif,"[6459.138427734375, 9954.867553710938, 43.890380859375, 30.9012451171875]",0.6958640813827515,1
12899,230618_4-1-2.tif,"[5582.943359375, 1533.5313110351562, 34.89263916015625, 34.0533447265625]",0.6956945061683655,1
12900,230618_4-1-2.tif,"[3684.5198974609375, 4219.137588500977, 22.47052001953125, 35.88999938964844]",0.6955190300941467,1
12901,230618_4-1-2.tif,"[1853.5955505371094, 8482.565979003906, 19.3856201171875, 43.86328125]",0.6954582333564758,1
12902,230618_4-1-2.tif,"[973.05126953125, 3197.55322265625, 18.1202392578125, 38.671844482421875]",0.6953839063644409,1
12903,230618_4-1-2.tif,"[4123.060302734375, 2875.9664306640625, 31.237060546875, 29.2069091796875]",0.6952177286148071,1
12904,230618_4-1-2.tif,"[4706.005859375, 7765.9598388671875, 23.276123046875, 42.03369140625]",0.6951470971107483,1
12905,230618_4-1-2.tif,"[2404.1918334960938, 1015.7685852050781, 24.402099609375, 34.40814781188965]",0.694831132888794,1
12906,230618_4-1-2.tif,"[706.882568359375, 3317.6192016601562, 18.08831787109375, 36.58782958984375]",0.6947524547576904,1
12907,230618_4-1-2.tif,"[4362.039398193359, 2940.6942138671875, 24.71282958984375, 25.1256103515625]",0.694672167301178,1
12908,230618_4-1-2.tif,"[8849.205810546875, 2559.9354553222656, 33.91375732421875, 33.511199951171875]",0.6943714618682861,1
12909,230618_4-1-2.tif,"[742.4889221191406, 9103.941711425781, 45.320831298828125, 19.1341552734375]",0.6942985653877258,1
12910,230618_4-1-2.tif,"[169.42306518554688, 2760.0132751464844, 30.010894775390625, 47.29144287109375]",0.6942553520202637,1
12911,230618_4-1-2.tif,"[5472.662780761719, 7256.7977294921875, 29.0299072265625, 24.8707275390625]",0.6942365765571594,1
12912,230618_4-1-2.tif,"[7836.398834228516, 3408.2532348632812, 30.711456298828125, 30.78961181640625]",0.6942052841186523,1
12913,230618_4-1-2.tif,"[2355.1851501464844, 9529.47036743164, 40.00347900390625, 24.34722900390625]",0.6941714882850647,1
12914,230618_4-1-2.tif,"[7672.734619140625, 5546.429992675781, 28.26171875, 23.02392578125]",0.6941398978233337,1
12915,230618_4-1-2.tif,"[3014.6748046875, 2477.6197509765625, 18.0240478515625, 29.62158203125]",0.6940594911575317,1
12916,230618_4-1-2.tif,"[6328.6492919921875, 1375.4780883789062, 38.846221923828125, 16.36566162109375]",0.6940093636512756,1
12917,230618_4-1-2.tif,"[9636.464477539062, 7341.345520019531, 19.2655029296875, 27.85400390625]",0.6939250230789185,1
12918,230618_4-1-2.tif,"[8331.523818969727, 1042.96240234375, 18.236328125, 39.411712646484375]",0.6937862634658813,1
12919,230618_4-1-2.tif,"[8361.308715820312, 8505.971557617188, 40.40399169921875, 20.20556640625]",0.6937459111213684,1
12920,230618_4-1-2.tif,"[949.1427001953125, 6080.7574462890625, 19.4364013671875, 30.7655029296875]",0.6936675310134888,1
12921,230618_4-1-2.tif,"[5844.15153503418, 7180.650939941406, 29.73907470703125, 32.268165588378906]",0.693642795085907,1
12922,230618_4-1-2.tif,"[1916.8076782226562, 2013.2100830078125, 30.2955322265625, 21.352783203125]",0.6932768821716309,1
12923,230618_4-1-2.tif,"[4069.2263793945312, 3986.878173828125, 27.77099609375, 22.54998779296875]",0.6930669546127319,1
12924,230618_4-1-2.tif,"[4713.603958129883, 7301.34016418457, 33.53544616699219, 35.44618225097656]",0.6923400163650513,1
12925,230618_4-1-2.tif,"[9047.328308105469, 8040.028961181641, 26.597412109375, 26.42303466796875]",0.6923288702964783,1
12926,230618_4-1-2.tif,"[1117.238296508789, 4689.8880615234375, 20.081756591796875, 34.67474365234375]",0.6923198699951172,1
12927,230618_4-1-2.tif,"[306.869140625, 1564.8845806121826, 25.50830078125, 37.61155891418457]",0.6922323107719421,1
12928,230618_4-1-2.tif,"[4967.3316650390625, 2878.95361328125, 19.468994140625, 36.95361328125]",0.6922071576118469,1
12929,230618_4-1-2.tif,"[7406.756988525391, 3785.4152221679688, 27.8677978515625, 29.5794677734375]",0.6921345591545105,1
12930,230618_4-1-2.tif,"[9218.784614562988, 8877.936584472656, 38.11650085449219, 23.6431884765625]",0.6919848322868347,1
12931,230618_4-1-2.tif,"[0.12478160858154297, 1481.5072631835938, 13.37291431427002, 34.7528076171875]",0.6918949484825134,1
12932,230618_4-1-2.tif,"[5151.0993728637695, 1553.3389205932617, 17.555206298828125, 38.97150421142578]",0.6916980147361755,1
12933,230618_4-1-2.tif,"[3577.2509765625, 3314.1146240234375, 22.35206413269043, 38.5372314453125]",0.6916205883026123,1
12934,230618_4-1-2.tif,"[6982.050140380859, 1001.877197265625, 24.852447509765625, 34.99411678314209]",0.6914363503456116,1
12935,230618_4-1-2.tif,"[1745.7644958496094, 3447.2374877929688, 33.733642578125, 41.96484375]",0.6912317872047424,1
12936,230618_4-1-2.tif,"[6489.098083496094, 1192.7261657714844, 20.327880859375, 31.809661865234375]",0.6911872029304504,1
12937,230618_4-1-2.tif,"[9095.92935180664, 8261.148193359375, 16.3558349609375, 23.040847778320312]",0.690834105014801,1
12938,230618_4-1-2.tif,"[6149.935119628906, 1232.8519744873047, 33.43701171875, 25.381668090820312]",0.6895265579223633,1
12939,230618_4-1-2.tif,"[4414.231262207031, 4722.1064453125, 22.333770751953125, 32.00059509277344]",0.6895021796226501,1
12940,230618_4-1-2.tif,"[2064.665283203125, 327.8893737792969, 22.51953125, 52.58734130859375]",0.6892408728599548,1
12941,230618_4-1-2.tif,"[963.6398315429688, 4409.3060302734375, 29.361328125, 30.22161865234375]",0.6891491413116455,1
12942,230618_4-1-2.tif,"[1328.3265380859375, 2756.0433959960938, 18.3125, 35.689727783203125]",0.6888154149055481,1
12943,230618_4-1-2.tif,"[8818.194580078125, 6962.328430175781, 17.154922485351562, 31.4302978515625]",0.6887437701225281,1
12944,230618_4-1-2.tif,"[304.0279235839844, 2108.3349609375, 17.847381591796875, 37.15673828125]",0.6886692643165588,1
12945,230618_4-1-2.tif,"[7291.8319091796875, 2385.043426513672, 20.4564208984375, 39.61676025390625]",0.6885799169540405,1
12946,230618_4-1-2.tif,"[2946.7730102539062, 819.8187255859375, 31.052001953125, 27.782470703125]",0.6883231401443481,1
12947,230618_4-1-2.tif,"[392.2374572753906, 9718.52197265625, 29.003173828125, 36.186767578125]",0.688234269618988,1
12948,230618_4-1-2.tif,"[8095.201232910156, 2785.0472717285156, 20.96099853515625, 27.430145263671875]",0.6877028346061707,1
12949,230618_4-1-2.tif,"[6717.491271972656, 3389.4419860839844, 28.1593017578125, 31.00347900390625]",0.6876959204673767,1
12950,230618_4-1-2.tif,"[3300.188766479492, 6964.783874511719, 19.87493896484375, 44.3155517578125]",0.6875604391098022,1
12951,230618_4-1-2.tif,"[7488.781219482422, 3709.833755493164, 28.159912109375, 34.36785888671875]",0.6873305439949036,1
12952,230618_4-1-2.tif,"[2936.8148193359375, 911.614990234375, 20.4859619140625, 32.33624267578125]",0.6872421503067017,1
12953,230618_4-1-2.tif,"[2984.3197631835938, 2273.4878845214844, 20.0511474609375, 34.14581298828125]",0.6869425177574158,1
12954,230618_4-1-2.tif,"[8393.61361694336, 1658.28076171875, 28.5938720703125, 19.123825073242188]",0.6865085959434509,1
12955,230618_4-1-2.tif,"[946.6534423828125, 6953.722106933594, 36.58441162109375, 17.8394775390625]",0.6861565113067627,1
12956,230618_4-1-2.tif,"[5120.664436340332, 7526.014678955078, 30.30504608154297, 18.29974365234375]",0.6855955719947815,1
12957,230618_4-1-2.tif,"[8863.136322021484, 7351.084259033203, 28.53106689453125, 22.94989013671875]",0.68527752161026,1
12958,230618_4-1-2.tif,"[8647.52099609375, 8448.803588867188, 38.0750732421875, 28.17181396484375]",0.6850178241729736,1
12959,230618_4-1-2.tif,"[6383.192321777344, 304.00872802734375, 28.94805908203125, 29.39697265625]",0.6842883229255676,1
12960,230618_4-1-2.tif,"[2359.8768920898438, 2048.937744140625, 22.9932861328125, 26.883544921875]",0.6840163469314575,1
12961,230618_4-1-2.tif,"[157.559326171875, 1794.3665771484375, 17.870819091796875, 38.2369384765625]",0.6836265325546265,1
12962,230618_4-1-2.tif,"[7317.918533325195, 3862.1889038085938, 27.516754150390625, 39.4256591796875]",0.6835761070251465,1
12963,230618_4-1-2.tif,"[7452.868896484375, 6262.395751953125, 31.62261962890625, 18.501022338867188]",0.6828204989433289,1
12964,230618_4-1-2.tif,"[7538.884826660156, 11.345829010009766, 19.484619140625, 37.816532135009766]",0.682661771774292,1
12965,230618_4-1-2.tif,"[4125.0920486450195, 4499.0128173828125, 23.035293579101562, 27.28753662109375]",0.6823899745941162,1
12966,230618_4-1-2.tif,"[6696.818115234375, 2200.6997985839844, 21.1427001953125, 29.4373779296875]",0.6821175813674927,1
12967,230618_4-1-2.tif,"[2393.2472534179688, 1220.8971252441406, 20.974853515625, 32.93927001953125]",0.6821040511131287,1
12968,230618_4-1-2.tif,"[2343.752166748047, 2744.1817169189453, 18.305908203125, 35.82568359375]",0.6820492744445801,1
12969,230618_4-1-2.tif,"[7637.275329589844, 5924.082763671875, 31.536376953125, 23.2994384765625]",0.6819921135902405,1
12970,230618_4-1-2.tif,"[197.23483276367188, 7681.392028808594, 21.99755859375, 51.883758544921875]",0.681755781173706,1
12971,230618_4-1-2.tif,"[2389.2009887695312, 1297.6415405273438, 18.6412353515625, 43.8348388671875]",0.6814519166946411,1
12972,230618_4-1-2.tif,"[8003.474853515625, 5225.31379699707, 18.6336669921875, 40.21138000488281]",0.6812846660614014,1
12973,230618_4-1-2.tif,"[7153.226501464844, 2180.364715576172, 28.00708293914795, 45.546112060546875]",0.6811023950576782,1
12974,230618_4-1-2.tif,"[3088.7952880859375, 758.0292053222656, 36.36428451538086, 43.53265380859375]",0.6809808015823364,1
12975,230618_4-1-2.tif,"[2403.2944946289062, 2079.5686378479004, 33.49237060546875, 18.52950668334961]",0.6805108785629272,1
12976,230618_4-1-2.tif,"[2250.341079711914, 6837.220764160156, 34.048004150390625, 18.210693359375]",0.680414080619812,1
12977,230618_4-1-2.tif,"[7248.695220947266, 881.9238891601562, 39.46600341796875, 19.9521484375]",0.6803211569786072,1
12978,230618_4-1-2.tif,"[2516.8033447265625, 1924.0539855957031, 26.41094970703125, 44.29827880859375]",0.6799578666687012,1
12979,230618_4-1-2.tif,"[726.9689331054688, 9559.929779052734, 39.86669921875, 42.32958984375]",0.6797940731048584,1
12980,230618_4-1-2.tif,"[9128.106872558594, 1895.0756530761719, 25.5068359375, 29.3958740234375]",0.6797565221786499,1
12981,230618_4-1-2.tif,"[2831.1884765625, 7871.968505859375, 20.5394287109375, 29.35284423828125]",0.6791215538978577,1
12982,230618_4-1-2.tif,"[1310.4066772460938, 1232.2715759277344, 31.61322021484375, 32.98712158203125]",0.6790654063224792,1
12983,230618_4-1-2.tif,"[7157.387878417969, 8824.1597366333, 27.2916259765625, 27.50426483154297]",0.6784719824790955,1
12984,230618_4-1-2.tif,"[8629.309387207031, 7580.058044433594, 27.11785888671875, 14.847900390625]",0.6781169772148132,1
12985,230618_4-1-2.tif,"[802.9893798828125, 4320.931457519531, 34.156005859375, 21.6226806640625]",0.6777854561805725,1
12986,230618_4-1-2.tif,"[3389.1358642578125, 518.472412109375, 15.71319580078125, 33.303955078125]",0.6773102879524231,1
12987,230618_4-1-2.tif,"[6680.889831542969, 1313.2361145019531, 34.12975311279297, 25.822723388671875]",0.6770803928375244,1
12988,230618_4-1-2.tif,"[1114.7655181884766, 2403.408935546875, 38.65875244140625, 18.1392822265625]",0.6766582727432251,1
12989,230618_4-1-2.tif,"[7680.789176940918, 7740.771728515625, 34.64136505126953, 15.54150390625]",0.6760242581367493,1
12990,230618_4-1-2.tif,"[4021.6793823242188, 5637.805641174316, 23.3935546875, 27.256973266601562]",0.6756523847579956,1
12991,230618_4-1-2.tif,"[4462.1728515625, 7554.274139404297, 18.64776611328125, 41.576416015625]",0.6755028963088989,1
12992,230618_4-1-2.tif,"[9297.891174316406, 9056.550903320312, 41.86248779296875, 40.6541748046875]",0.6749070882797241,1
12993,230618_4-1-2.tif,"[3877.001922607422, 983.425537109375, 30.27301025390625, 17.8614501953125]",0.6748713850975037,1
12994,230618_4-1-2.tif,"[6206.878559112549, 2002.9934387207031, 27.89931869506836, 29.4337158203125]",0.6747704148292542,1
12995,230618_4-1-2.tif,"[3777.567337036133, 400.6898193359375, 16.740203857421875, 29.719482421875]",0.674642026424408,1
12996,230618_4-1-2.tif,"[6396.272125244141, 4947.815246582031, 25.9473876953125, 27.526123046875]",0.6745306253433228,1
12997,230618_4-1-2.tif,"[7027.0267333984375, 4489.6971435546875, 17.25701904296875, 43.28375244140625]",0.6743215322494507,1
12998,230618_4-1-2.tif,"[7026.7630615234375, 7116.3665771484375, 25.5277099609375, 26.805419921875]",0.6741020083427429,1
12999,230618_4-1-2.tif,"[8431.997863769531, 7947.3092041015625, 27.200439453125, 24.6571044921875]",0.674101710319519,1
13000,230618_4-1-2.tif,"[9169.01528930664, 9762.526947021484, 14.2705078125, 29.41107177734375]",0.673913836479187,1
13001,230618_4-1-2.tif,"[1791.2576446533203, 1125.143798828125, 28.360336303710938, 43.28538513183594]",0.6738023161888123,1
13002,230618_4-1-2.tif,"[7617.2396240234375, 5089.130859375, 37.28369140625, 21.296630859375]",0.6731501221656799,1
13003,230618_4-1-2.tif,"[6593.0064697265625, 32.532310485839844, 19.5399169921875, 42.412139892578125]",0.6729639768600464,1
13004,230618_4-1-2.tif,"[3233.8218536376953, 2330.8551635742188, 20.700408935546875, 25.5115966796875]",0.6728388667106628,1
13005,230618_4-1-2.tif,"[3743.3814086914062, 4606.7987060546875, 18.85772705078125, 42.9964599609375]",0.6723815202713013,1
13006,230618_4-1-2.tif,"[807.9242553710938, 1551.0793933868408, 39.5330810546875, 37.99970817565918]",0.6723734140396118,1
13007,230618_4-1-2.tif,"[4730.041442871094, 5342.886077880859, 27.3743896484375, 33.1715087890625]",0.6721779704093933,1
13008,230618_4-1-2.tif,"[9287.834594726562, 8603.468505859375, 46.935546875, 19.19329833984375]",0.6719485521316528,1
13009,230618_4-1-2.tif,"[7918.381500244141, 2303.326858520508, 19.226318359375, 35.45433044433594]",0.6718078851699829,1
13010,230618_4-1-2.tif,"[196.05752563476562, 5545.757598876953, 28.3406982421875, 29.73052978515625]",0.6716605424880981,1
13011,230618_4-1-2.tif,"[6465.023651123047, 817.435791015625, 29.5592041015625, 21.479736328125]",0.6711576581001282,1
13012,230618_4-1-2.tif,"[6290.082946777344, 3392.28076171875, 35.15325927734375, 17.3697509765625]",0.6710918545722961,1
13013,230618_4-1-2.tif,"[1019.2625732421875, 509.4991760253906, 36.8687744140625, 36.394256591796875]",0.6708040833473206,1
13014,230618_4-1-2.tif,"[3572.2460021972656, 703.751708984375, 25.994274139404297, 21.764404296875]",0.6707906723022461,1
13015,230618_4-1-2.tif,"[3837.9427795410156, 1135.6202392578125, 38.26690673828125, 16.894973754882812]",0.6702553033828735,1
13016,230618_4-1-2.tif,"[1886.8323974609375, 2281.723907470703, 36.78564453125, 20.17230224609375]",0.6699658632278442,1
13017,230618_4-1-2.tif,"[8705.661255836487, 8059.6405029296875, 30.90511989593506, 15.3814697265625]",0.669580340385437,1
13018,230618_4-1-2.tif,"[6039.207702636719, 452.43585205078125, 21.9139404296875, 32.412109375]",0.6695576906204224,1
13019,230618_4-1-2.tif,"[3727.1595764160156, 7227.370361328125, 26.903411865234375, 33.6739501953125]",0.6692286729812622,1
13020,230618_4-1-2.tif,"[1083.9371185302734, 4648.4400634765625, 41.17799377441406, 21.548095703125]",0.6692039370536804,1
13021,230618_4-1-2.tif,"[2673.2464599609375, 1511.0430297851562, 32.44696044921875, 49.934865951538086]",0.6691722273826599,1
13022,230618_4-1-2.tif,"[4321.7916259765625, 3655.63623046875, 17.32769775390625, 37.412353515625]",0.6690969467163086,1
13023,230618_4-1-2.tif,"[3657.669174194336, 7260.912414550781, 20.306015014648438, 43.145294189453125]",0.6689837574958801,1
13024,230618_4-1-2.tif,"[3789.170425415039, 154.54254150390625, 30.493072509765625, 15.9290771484375]",0.6689444780349731,1
13025,230618_4-1-2.tif,"[94.48200225830078, 1261.3728485107422, 17.234970092773438, 39.25904846191406]",0.6689024567604065,1
13026,230618_4-1-2.tif,"[6013.507568359375, 9983.485229492188, 19.3690185546875, 16.5147705078125]",0.6688604354858398,1
13027,230618_4-1-2.tif,"[5799.595367431641, 4452.096008300781, 31.414459228515625, 26.92431640625]",0.6686903238296509,1
13028,230618_4-1-2.tif,"[9922.4296875, 1787.1929779052734, 43.407958984375, 30.243301391601562]",0.6683539152145386,1
13029,230618_4-1-2.tif,"[3814.2306518554688, 2687.0135040283203, 19.16583251953125, 26.03936767578125]",0.6682308316230774,1
13030,230618_4-1-2.tif,"[9848.890380859375, 3008.5394897460938, 39.1234130859375, 17.4893798828125]",0.6681541204452515,1
13031,230618_4-1-2.tif,"[5210.81298828125, 2935.991668701172, 30.5284423828125, 29.429412841796875]",0.668043851852417,1
13032,230618_4-1-2.tif,"[5114.321685791016, 5923.691589355469, 18.691131591796875, 16.81390380859375]",0.6678988337516785,1
13033,230618_4-1-2.tif,"[1409.950927734375, 394.77752685546875, 19.71435546875, 31.43621826171875]",0.6678249835968018,1
13034,230618_4-1-2.tif,"[3250.463623046875, 657.5622253417969, 17.82855224609375, 28.43682861328125]",0.6675069332122803,1
13035,230618_4-1-2.tif,"[9318.542251586914, 7342.000823974609, 29.177627563476562, 36.04254150390625]",0.6670591831207275,1
13036,230618_4-1-2.tif,"[2241.8411865234375, 3049.6368408203125, 33.5433349609375, 49.72055244445801]",0.6669966578483582,1
13037,230618_4-1-2.tif,"[1907.248779296875, 3127.2161865234375, 24.98779296875, 36.019287109375]",0.6665031313896179,1
13038,230618_4-1-2.tif,"[554.3103942871094, 5924.825988769531, 40.960479736328125, 17.5806884765625]",0.6661689877510071,1
13039,230618_4-1-2.tif,"[1531.6832275390625, 4099.2581787109375, 49.4381103515625, 23.07666015625]",0.6657763719558716,1
13040,230618_4-1-2.tif,"[4526.801116943359, 4493.81640625, 22.88275146484375, 17.26800537109375]",0.6657226085662842,1
13041,230618_4-1-2.tif,"[8610.338012695312, 7403.467834472656, 33.10986328125, 17.42352294921875]",0.665386974811554,1
13042,230618_4-1-2.tif,"[2684.786552429199, 2331.99365234375, 37.81830596923828, 40.7877197265625]",0.6651326417922974,1
13043,230618_4-1-2.tif,"[3688.1853637695312, 648.4555816650391, 19.13372802734375, 28.84161376953125]",0.6650777459144592,1
13044,230618_4-1-2.tif,"[3002.3341064453125, 2033.1318054199219, 36.70526123046875, 40.39206886291504]",0.6649158596992493,1
13045,230618_4-1-2.tif,"[3265.4981689453125, 936.1128540039062, 19.24285888671875, 31.8538818359375]",0.6647904515266418,1
13046,230618_4-1-2.tif,"[9272.637832641602, 8209.743713378906, 39.712677001953125, 46.415252685546875]",0.6647756099700928,1
13047,230618_4-1-2.tif,"[9759.058959960938, 1891.6152954101562, 35.4967041015625, 31.1353759765625]",0.6645375490188599,1
13048,230618_4-1-2.tif,"[8423.608306884766, 754.9428100585938, 18.79595947265625, 46.8990478515625]",0.6643821001052856,1
13049,230618_4-1-2.tif,"[2572.35400390625, 2391.8486328125, 33.078369140625, 19.738525390625]",0.6641905307769775,1
13050,230618_4-1-2.tif,"[8113.855224609375, 7089.910949707031, 27.4937744140625, 34.27484130859375]",0.6640534996986389,1
13051,230618_4-1-2.tif,"[409.94964599609375, 3567.4085693359375, 23.858642578125, 60.5943603515625]",0.6639016270637512,1
13052,230618_4-1-2.tif,"[5981.91064453125, 9360.0, 29.0323486328125, 11.71098518371582]",0.6636778712272644,1
13053,230618_4-1-2.tif,"[3645.2063598632812, 1190.5271301269531, 18.614852905273438, 36.47015380859375]",0.6634746193885803,1
13054,230618_4-1-2.tif,"[1340.0926208496094, 1200.6238403320312, 20.37725830078125, 30.08087158203125]",0.6633972525596619,1
13055,230618_4-1-2.tif,"[619.1950149536133, 4089.3063049316406, 43.12834930419922, 18.72171974182129]",0.663297176361084,1
13056,230618_4-1-2.tif,"[6988.257385253906, 9568.43862915039, 20.77447509765625, 32.705902099609375]",0.6621934175491333,1
13057,230618_4-1-2.tif,"[855.8359680175781, 6355.598205566406, 36.763427734375, 18.40179443359375]",0.6618093252182007,1
13058,230618_4-1-2.tif,"[8927.698455810547, 1554.3270378112793, 43.647216796875, 16.808826446533203]",0.6612576246261597,1
13059,230618_4-1-2.tif,"[3370.740234375, 5062.968231201172, 21.00830078125, 28.14794921875]",0.6612118482589722,1
13060,230618_4-1-2.tif,"[5754.04801940918, 639.1893768310547, 23.173004150390625, 30.47283935546875]",0.6609479784965515,1
13061,230618_4-1-2.tif,"[3095.160820007324, 1288.5244750976562, 21.33179473876953, 35.256103515625]",0.6608967781066895,1
13062,230618_4-1-2.tif,"[9127.282531738281, 8883.081604003906, 25.9329833984375, 49.01922607421875]",0.6607260704040527,1
13063,230618_4-1-2.tif,"[9358.457916259766, 8974.813171386719, 31.08984375, 36.74652099609375]",0.6605830192565918,1
13064,230618_4-1-2.tif,"[6716.8536376953125, 5820.798126220703, 19.536865234375, 35.55670166015625]",0.6602906584739685,1
13065,230618_4-1-2.tif,"[7728.950569152832, 5020.760986328125, 29.04448699951172, 25.21337890625]",0.6597992777824402,1
13066,230618_4-1-2.tif,"[8789.208984375, 7241.2498779296875, 14.8218994140625, 27.317825317382812]",0.6590499877929688,1
13067,230618_4-1-2.tif,"[8684.715087890625, 7673.3160400390625, 25.35296630859375, 32.484182357788086]",0.6589463353157043,1
13068,230618_4-1-2.tif,"[628.2913208007812, 6044.909484863281, 32.520843505859375, 34.607513427734375]",0.6587152481079102,1
13069,230618_4-1-2.tif,"[9486.229858398438, 6673.735935211182, 52.616943359375, 28.918624877929688]",0.6585987210273743,1
13070,230618_4-1-2.tif,"[4328.2286376953125, 2612.2338790893555, 35.8822021484375, 16.04950714111328]",0.65787273645401,1
13071,230618_4-1-2.tif,"[2554.587127685547, 2983.0965576171875, 28.48310089111328, 40.8076171875]",0.6578348875045776,1
13072,230618_4-1-2.tif,"[3954.3345947265625, 5138.168991088867, 20.75762939453125, 47.125282287597656]",0.6575655937194824,1
13073,230618_4-1-2.tif,"[7891.948394775391, 8371.401718139648, 27.8375244140625, 28.416412353515625]",0.6570557355880737,1
13074,230618_4-1-2.tif,"[1891.6132507324219, 2523.7555541992188, 40.7509765625, 17.44659423828125]",0.6567238569259644,1
13075,230618_4-1-2.tif,"[2115.6923828125, 4205.5748291015625, 18.914794921875, 18.3583984375]",0.6564424633979797,1
13076,230618_4-1-2.tif,"[2572.2548751831055, 901.9901733398438, 35.295936584472656, 17.797607421875]",0.6560951471328735,1
13077,230618_4-1-2.tif,"[809.716796875, 7414.640045166016, 34.249755859375, 25.567138671875]",0.6554166674613953,1
13078,230618_4-1-2.tif,"[1009.0275268554688, 3380.0172119140625, 27.216978073120117, 40.1318359375]",0.6551214456558228,1
13079,230618_4-1-2.tif,"[6564.538391113281, 3621.20068359375, 33.65838623046875, 21.78231430053711]",0.6549602746963501,1
13080,230618_4-1-2.tif,"[8218.053146362305, 7473.078674316406, 26.503799438476562, 26.1094970703125]",0.6547110676765442,1
13081,230618_4-1-2.tif,"[1843.8375244140625, 3426.1824340820312, 22.1451416015625, 45.310791015625]",0.6540413498878479,1
13082,230618_4-1-2.tif,"[3491.0068359375, 807.7649230957031, 26.515380859375, 23.62652587890625]",0.6539356112480164,1
13083,230618_4-1-2.tif,"[9550.449462890625, 7042.1329345703125, 33.14013671875, 24.5919189453125]",0.6538481712341309,1
13084,230618_4-1-2.tif,"[9606.126449584961, 8696.636047363281, 23.980331420898438, 34.38427734375]",0.6536837220191956,1
13085,230618_4-1-2.tif,"[44.334197998046875, 6398.680633544922, 19.647918701171875, 35.6248779296875]",0.6530481576919556,1
13086,230618_4-1-2.tif,"[7959.796325683594, 287.1917724609375, 17.6490478515625, 44.3876953125]",0.6528956890106201,1
13087,230618_4-1-2.tif,"[3125.5255126953125, 1221.3814849853516, 30.7369384765625, 28.672454833984375]",0.6528422832489014,1
13088,230618_4-1-2.tif,"[3419.0209350585938, 3345.2593383789062, 20.64306640625, 43.89935302734375]",0.6527937054634094,1
13089,230618_4-1-2.tif,"[8576.049835205078, 2790.9837036132812, 31.9178466796875, 39.412384033203125]",0.6512055993080139,1
13090,230618_4-1-2.tif,"[2395.5159912109375, 356.7135009765625, 37.45794677734375, 15.7529296875]",0.6506797075271606,1
13091,230618_4-1-2.tif,"[3701.166015625, 1157.6377563476562, 17.385894775390625, 35.0802001953125]",0.650637149810791,1
13092,230618_4-1-2.tif,"[3922.7338256835938, 6639.6617431640625, 39.901123046875, 18.92169189453125]",0.650609016418457,1
13093,230618_4-1-2.tif,"[7037.993103027344, 352.0938720703125, 17.608154296875, 33.5606689453125]",0.650473952293396,1
13094,230618_4-1-2.tif,"[1052.3172359466553, 3929.5523681640625, 21.53404426574707, 54.956787109375]",0.6503791213035583,1
13095,230618_4-1-2.tif,"[7573.377166748047, 6439.011657714844, 28.33245849609375, 27.0919189453125]",0.6502825021743774,1
13096,230618_4-1-2.tif,"[719.0848693847656, 4761.401229858398, 26.1083984375, 27.973968505859375]",0.6498894691467285,1
13097,230618_4-1-2.tif,"[4679.305816650391, 2855.56640625, 37.792449951171875, 16.51373291015625]",0.6498091220855713,1
13098,230618_4-1-2.tif,"[9381.246238708496, 8129.184631347656, 54.48754119873047, 42.0106201171875]",0.6496634483337402,1
13099,230618_4-1-2.tif,"[1918.725830078125, 3350.481903076172, 51.97869873046875, 23.15765380859375]",0.6492733955383301,1
13100,230618_4-1-2.tif,"[4326.789398193359, 8466.84341430664, 36.110321044921875, 20.764892578125]",0.6492362022399902,1
13101,230618_4-1-2.tif,"[3395.3413696289062, 3967.0055541992188, 28.0477294921875, 33.8843994140625]",0.6491382718086243,1
13102,230618_4-1-2.tif,"[528.0890083312988, 1822.0929565429688, 35.51799011230469, 32.2208251953125]",0.6488510370254517,1
13103,230618_4-1-2.tif,"[1666.1551818847656, 3467.8154907226562, 31.76116943359375, 40.8343505859375]",0.6488088965415955,1
13104,230618_4-1-2.tif,"[9788.857025146484, 9157.254943847656, 41.89849853515625, 17.51068115234375]",0.648779571056366,1
13105,230618_4-1-2.tif,"[590.19775390625, 9410.793769836426, 33.763671875, 31.122764587402344]",0.6485603451728821,1
13106,230618_4-1-2.tif,"[6426.1116943359375, 934.4488220214844, 41.6910400390625, 19.45654296875]",0.648543119430542,1
13107,230618_4-1-2.tif,"[4118.965148925781, 4199.511199951172, 28.15643310546875, 23.265228271484375]",0.6483435034751892,1
13108,230618_4-1-2.tif,"[825.9649047851562, 6991.484710693359, 38.57171630859375, 20.49822998046875]",0.6480825543403625,1
13109,230618_4-1-2.tif,"[2380.5680541992188, 3315.416793823242, 18.71295166015625, 33.99049377441406]",0.6479541659355164,1
13110,230618_4-1-2.tif,"[6479.083343505859, 5382.430847167969, 18.63092041015625, 40.2708740234375]",0.6476559042930603,1
13111,230618_4-1-2.tif,"[646.8448333740234, 2773.00537109375, 24.840484619140625, 34.00555419921875]",0.6475061774253845,1
13112,230618_4-1-2.tif,"[626.9296875, 6073.814483642578, 45.60350036621094, 24.971160888671875]",0.6470749974250793,1
13113,230618_4-1-2.tif,"[9029.584747314453, 9930.648376464844, 31.47161865234375, 15.372314453125]",0.6468178033828735,1
13114,230618_4-1-2.tif,"[8226.8076171875, 3081.3452758789062, 30.09619140625, 32.3880615234375]",0.6466264724731445,1
13115,230618_4-1-2.tif,"[7847.372955322266, 7754.652557373047, 19.650543212890625, 28.107818603515625]",0.645847737789154,1
13116,230618_4-1-2.tif,"[9320.22525024414, 9613.175201416016, 26.436004638671875, 33.43817138671875]",0.6456218957901001,1
13117,230618_4-1-2.tif,"[2120.468017578125, 2617.642333984375, 40.39552307128906, 18.90594482421875]",0.6450832486152649,1
13118,230618_4-1-2.tif,"[8002.630554199219, 5738.313812255859, 23.12652587890625, 52.147247314453125]",0.6449267268180847,1
13119,230618_4-1-2.tif,"[5824.5914306640625, 8428.108123779297, 20.352447509765625, 31.10638427734375]",0.6449083685874939,1
13120,230618_4-1-2.tif,"[6648.64501953125, 5544.3280029296875, 19.251708984375, 34.544677734375]",0.6443468332290649,1
13121,230618_4-1-2.tif,"[6348.064788818359, 6287.231201171875, 15.220184326171875, 27.18658447265625]",0.6439257860183716,1
13122,230618_4-1-2.tif,"[7113.850738525391, 6017.9207763671875, 21.88958740234375, 31.758056640625]",0.6434638500213623,1
13123,230618_4-1-2.tif,"[3286.6851501464844, 1402.8076171875, 37.70721435546875, 39.4107666015625]",0.6434063911437988,1
13124,230618_4-1-2.tif,"[2402.80712890625, 1081.166015625, 24.806884765625, 43.11181640625]",0.642747700214386,1
13125,230618_4-1-2.tif,"[5884.853942871094, 9456.103881835938, 20.41937255859375, 42.964111328125]",0.6423746347427368,1
13126,230618_4-1-2.tif,"[4291.358749389648, 1661.731201171875, 21.166656494140625, 28.79302978515625]",0.642358660697937,1
13127,230618_4-1-2.tif,"[5086.001708984375, 7838.106384277344, 14.8099365234375, 33.329345703125]",0.6417597532272339,1
13128,230618_4-1-2.tif,"[1525.8661499023438, 216.07675170898438, 32.10342597961426, 39.525146484375]",0.6413351893424988,1
13129,230618_4-1-2.tif,"[9419.730072021484, 9242.66506767273, 37.40106201171875, 22.21880531311035]",0.6411834359169006,1
13130,230618_4-1-2.tif,"[239.84153747558594, 133.74130249023438, 36.19813537597656, 32.86279296875]",0.6410956978797913,1
13131,230618_4-1-2.tif,"[385.61639404296875, 3849.1367797851562, 26.48046875, 46.5369873046875]",0.6409655809402466,1
13132,230618_4-1-2.tif,"[2779.185516357422, 2484.8406982421875, 35.242034912109375, 18.0594482421875]",0.64082270860672,1
13133,230618_4-1-2.tif,"[9060.638916015625, 2445.6464233398438, 42.3572998046875, 46.2401123046875]",0.6407100558280945,1
13134,230618_4-1-2.tif,"[7328.228912353516, 6050.118469238281, 33.51971435546875, 19.5911865234375]",0.6402341723442078,1
13135,230618_4-1-2.tif,"[749.9981994628906, 5095.3057861328125, 32.998809814453125, 22.978271484375]",0.640200138092041,1
13136,230618_4-1-2.tif,"[939.8865356445312, 2838.9462890625, 28.740966796875, 25.348602294921875]",0.6395090818405151,1
13137,230618_4-1-2.tif,"[5620.036926269531, 5199.8206787109375, 19.56187629699707, 43.6650390625]",0.6393386721611023,1
13138,230618_4-1-2.tif,"[7154.642150878906, 4018.7645874023438, 24.06640625, 38.65875244140625]",0.6393229961395264,1
13139,230618_4-1-2.tif,"[1612.458969116211, 843.0410766601562, 27.460830688476562, 36.2412109375]",0.6385795474052429,1
13140,230618_4-1-2.tif,"[6124.626708984375, 321.8160095214844, 26.121826171875, 25.8291015625]",0.6381152272224426,1
13141,230618_4-1-2.tif,"[653.5952301025391, 7888.248489379883, 30.004730224609375, 30.748687744140625]",0.6380636692047119,1
13142,230618_4-1-2.tif,"[0.2536640167236328, 5792.407531738281, 12.457830429077148, 32.62310791015625]",0.6380612850189209,1
13143,230618_4-1-2.tif,"[5596.658660888672, 4305.930999755859, 22.60369873046875, 38.68206787109375]",0.6378938555717468,1
13144,230618_4-1-2.tif,"[4335.326751708984, 1398.1991577148438, 26.153106689453125, 28.39739990234375]",0.6377544403076172,1
13145,230618_4-1-2.tif,"[8600.77587890625, 25.620464324951172, 27.2060546875, 29.13763427734375]",0.6376274824142456,1
13146,230618_4-1-2.tif,"[8614.880554199219, 313.9327392578125, 37.4132080078125, 20.44427490234375]",0.6376033425331116,1
13147,230618_4-1-2.tif,"[7572.995178222656, 3640.63179397583, 26.75323486328125, 30.478801727294922]",0.6376004219055176,1
13148,230618_4-1-2.tif,"[550.3851318359375, 1996.7545166015625, 29.426513671875, 34.7791748046875]",0.637131929397583,1
13149,230618_4-1-2.tif,"[6888.737976074219, 9179.734344482422, 27.59429931640625, 22.2783203125]",0.6370707750320435,1
13150,230618_4-1-2.tif,"[5989.58447265625, 4027.0449829101562, 26.9630126953125, 25.7147216796875]",0.6368288993835449,1
13151,230618_4-1-2.tif,"[9102.144592285156, 2235.3666229248047, 21.619873046875, 33.079620361328125]",0.6366078853607178,1
13152,230618_4-1-2.tif,"[7493.332458496094, 7164.160888671875, 33.3203125, 28.15771484375]",0.6363304853439331,1
13153,230618_4-1-2.tif,"[8301.100326538086, 4024.823760986328, 20.523406982421875, 32.6917724609375]",0.635968804359436,1
13154,230618_4-1-2.tif,"[7099.241760253906, 9093.539855957031, 16.204833984375, 39.9576416015625]",0.6355054974555969,1
13155,230618_4-1-2.tif,"[7285.037261962891, 665.1806030273438, 21.8216552734375, 41.69012451171875]",0.6354258060455322,1
13156,230618_4-1-2.tif,"[1584.9494171142578, 2871.320068359375, 44.76319885253906, 26.79302978515625]",0.6354219317436218,1
13157,230618_4-1-2.tif,"[9875.136779785156, 499.67852783203125, 21.840576171875, 43.43427276611328]",0.6349560618400574,1
13158,230618_4-1-2.tif,"[833.5117797851562, 6893.265380859375, 36.2239990234375, 19.15899658203125]",0.6344382762908936,1
13159,230618_4-1-2.tif,"[6859.416397094727, 3245.7267456054688, 21.059814453125, 43.806976318359375]",0.6343867182731628,1
13160,230618_4-1-2.tif,"[4065.2828369140625, 1258.4345245361328, 20.571533203125, 57.03038024902344]",0.634316623210907,1
13161,230618_4-1-2.tif,"[6386.645721435547, 5392.501281738281, 17.761077880859375, 36.92742919921875]",0.634274423122406,1
13162,230618_4-1-2.tif,"[8616.553680419922, 2975.4681701660156, 41.18402099609375, 25.765625]",0.6341922283172607,1
13163,230618_4-1-2.tif,"[9490.058319091797, 14.979938507080078, 16.89794921875, 26.68240737915039]",0.6341190338134766,1
13164,230618_4-1-2.tif,"[3266.799041748047, 7452.511810302734, 27.02947998046875, 23.2191162109375]",0.6338399648666382,1
13165,230618_4-1-2.tif,"[3559.181640625, 4854.163726806641, 18.4404296875, 38.052978515625]",0.632935106754303,1
13166,230618_4-1-2.tif,"[6197.999607086182, 5663.5181884765625, 37.344966888427734, 21.9906005859375]",0.6325795650482178,1
13167,230618_4-1-2.tif,"[2319.228973388672, 8479.989654541016, 35.75830078125, 22.99554443359375]",0.6325293183326721,1
13168,230618_4-1-2.tif,"[736.4366455078125, 9302.440246582031, 39.578094482421875, 20.49749755859375]",0.632384717464447,1
13169,230618_4-1-2.tif,"[4845.635559082031, 4190.964111328125, 29.556396484375, 29.95697021484375]",0.6319169998168945,1
13170,230618_4-1-2.tif,"[3449.830810546875, 5189.69140625, 26.46893310546875, 52.813232421875]",0.6319020986557007,1
13171,230618_4-1-2.tif,"[980.4224853515625, 1818.5420532226562, 20.643310546875, 49.6982421875]",0.6318234205245972,1
13172,230618_4-1-2.tif,"[7780.743118286133, 4670.952995300293, 17.945831298828125, 18.3203125]",0.6316958069801331,1
13173,230618_4-1-2.tif,"[3428.86376953125, 1444.1240844726562, 42.9970703125, 41.018798828125]",0.6311832070350647,1
13174,230618_4-1-2.tif,"[5180.658935546875, 9162.540588378906, 33.8485107421875, 19.19281005859375]",0.6308149695396423,1
13175,230618_4-1-2.tif,"[555.0387725830078, 137.2305908203125, 20.41259002685547, 45.91326904296875]",0.630752682685852,1
13176,230618_4-1-2.tif,"[5228.599426269531, 5576.918426513672, 47.876922607421875, 24.353240966796875]",0.6300829648971558,1
13177,230618_4-1-2.tif,"[8916.850387573242, 2507.7822265625, 27.39501953125, 37.5380859375]",0.6299595832824707,1
13178,230618_4-1-2.tif,"[9015.534484863281, 4068.3893432617188, 16.80517578125, 42.32244873046875]",0.629952609539032,1
13179,230618_4-1-2.tif,"[1071.2275466918945, 98.06303405761719, 20.73455810546875, 32.729400634765625]",0.6294677257537842,1
13180,230618_4-1-2.tif,"[9249.764930725098, 2227.6150665283203, 22.140235900878906, 26.918182373046875]",0.6286603808403015,1
13181,230618_4-1-2.tif,"[6558.290283203125, 7864.387130737305, 24.1337890625, 18.085906982421875]",0.6282427906990051,1
13182,230618_4-1-2.tif,"[4277.017791748047, 138.50067138671875, 21.799957275390625, 27.79791259765625]",0.6280857920646667,1
13183,230618_4-1-2.tif,"[873.1727294921875, 5751.312744140625, 47.014801025390625, 20.161666870117188]",0.6273187398910522,1
13184,230618_4-1-2.tif,"[1183.835205078125, 2144.079345703125, 29.48455810546875, 41.227691650390625]",0.6268032789230347,1
13185,230618_4-1-2.tif,"[3987.3346252441406, 5465.151123046875, 22.3392333984375, 29.840087890625]",0.6260465979576111,1
13186,230618_4-1-2.tif,"[6352.231719970703, 7831.160736083984, 33.092376708984375, 18.9554443359375]",0.6259666681289673,1
13187,230618_4-1-2.tif,"[2936.1027221679688, 1401.7199096679688, 38.1435546875, 28.7486572265625]",0.6256898641586304,1
13188,230618_4-1-2.tif,"[243.09088134765625, 0.03921318054199219, 29.20904541015625, 9.770853996276855]",0.6253898739814758,1
13189,230618_4-1-2.tif,"[1823.8177490234375, 2094.4613037109375, 34.998779296875, 43.26793670654297]",0.6247421503067017,1
13190,230618_4-1-2.tif,"[7579.50537109375, 6809.96240234375, 20.49951171875, 25.5623779296875]",0.624650239944458,1
13191,230618_4-1-2.tif,"[3167.696304321289, 255.85794067382812, 26.745162963867188, 19.6583251953125]",0.6245145201683044,1
13192,230618_4-1-2.tif,"[8137.702392578125, 6524.770080566406, 19.823974609375, 44.37835693359375]",0.62351393699646,1
13193,230618_4-1-2.tif,"[7681.163860321045, 2743.2578125, 24.756427764892578, 28.163101196289062]",0.6234847903251648,1
13194,230618_4-1-2.tif,"[6895.7366943359375, 9066.705261230469, 21.551025390625, 36.63812255859375]",0.6232694387435913,1
13195,230618_4-1-2.tif,"[58.752750396728516, 4701.927658081055, 33.242183685302734, 52.68415832519531]",0.6227757334709167,1
13196,230618_4-1-2.tif,"[9554.745513916016, 9273.375, 25.841156005859375, 58.02272033691406]",0.6227632164955139,1
13197,230618_4-1-2.tif,"[4988.0458984375, 4636.690673828125, 30.41021728515625, 18.636550903320312]",0.6218067407608032,1
13198,230618_4-1-2.tif,"[3618.1953125, 3528.0250244140625, 26.3421630859375, 27.4903564453125]",0.6213760375976562,1
13199,230618_4-1-2.tif,"[9746.321105957031, 8720.583255767822, 18.123626708984375, 19.727367401123047]",0.6213441491127014,1
13200,230618_4-1-2.tif,"[5966.858093261719, 4657.659637451172, 22.7235107421875, 28.236663818359375]",0.6206851601600647,1
13201,230618_4-1-2.tif,"[7970.093719482422, 2576.3016662597656, 24.927459716796875, 35.472503662109375]",0.6203995943069458,1
13202,230618_4-1-2.tif,"[21.68438720703125, 3347.752655029297, 31.525123596191406, 17.34271240234375]",0.6203802227973938,1
13203,230618_4-1-2.tif,"[2291.4512939453125, 2329.96923828125, 27.56597900390625, 38.07049560546875]",0.6201626658439636,1
13204,230618_4-1-2.tif,"[1949.6054382324219, 3246.1190490722656, 35.23248291015625, 22.597412109375]",0.6200681924819946,1
13205,230618_4-1-2.tif,"[6091.0953369140625, 5870.322357177734, 19.67974853515625, 32.5460205078125]",0.6197155117988586,1
13206,230618_4-1-2.tif,"[8401.130020141602, 4068.25146484375, 23.084381103515625, 34.08856201171875]",0.6195598244667053,1
13207,230618_4-1-2.tif,"[2026.6506958007812, 3333.2056884765625, 27.59625244140625, 48.853759765625]",0.618885338306427,1
13208,230618_4-1-2.tif,"[1238.8104553222656, 4488.076843261719, 16.55206298828125, 40.39910888671875]",0.6187232732772827,1
13209,230618_4-1-2.tif,"[752.84423828125, 8897.53305053711, 38.50958251953125, 37.186920166015625]",0.6185446381568909,1
13210,230618_4-1-2.tif,"[2794.6174926757812, 682.1123657226562, 26.120880126953125, 36.7642822265625]",0.6183623671531677,1
13211,230618_4-1-2.tif,"[4135.502380371094, 7711.5850830078125, 14.3546142578125, 29.208251953125]",0.6176676154136658,1
13212,230618_4-1-2.tif,"[9672.078094482422, 9106.122375488281, 33.180450439453125, 23.86505126953125]",0.617617130279541,1
13213,230618_4-1-2.tif,"[1453.9531860351562, 7664.8646240234375, 37.5489501953125, 39.264583587646484]",0.6175136566162109,1
13214,230618_4-1-2.tif,"[8180.7493896484375, 1637.0460815429688, 26.8270263671875, 25.4766845703125]",0.6172361969947815,1
13215,230618_4-1-2.tif,"[7185.700834274292, 2443.8842163085938, 34.26364326477051, 25.5081787109375]",0.6169120669364929,1
13216,230618_4-1-2.tif,"[4638.5443115234375, 5697.886962890625, 46.0093994140625, 31.140869140625]",0.6167663335800171,1
13217,230618_4-1-2.tif,"[2582.479259490967, 1038.0552101135254, 18.25200653076172, 30.89571762084961]",0.6162918210029602,1
13218,230618_4-1-2.tif,"[2576.817092895508, 2150.0924682617188, 52.86277770996094, 30.297958374023438]",0.6160668730735779,1
13219,230618_4-1-2.tif,"[677.6441955566406, 7643.683532714844, 22.332275390625, 42.0545654296875]",0.6158610582351685,1
13220,230618_4-1-2.tif,"[166.73045349121094, 4184.5377197265625, 27.32305908203125, 28.17138671875]",0.6157801151275635,1
13221,230618_4-1-2.tif,"[2006.7199401855469, 3095.9293212890625, 24.366973876953125, 30.630615234375]",0.6157752871513367,1
13222,230618_4-1-2.tif,"[6182.853225708008, 4332.761428833008, 25.172645568847656, 42.49766540527344]",0.6144921183586121,1
13223,230618_4-1-2.tif,"[5862.298645019531, 4781.030853271484, 36.81134033203125, 19.92449951171875]",0.6142297387123108,1
13224,230618_4-1-2.tif,"[8875.86279296875, 2756.6187438964844, 32.05352783203125, 23.077728271484375]",0.6141452193260193,1
13225,230618_4-1-2.tif,"[1313.7581787109375, 910.5957641601562, 42.25079345703125, 27.1397705078125]",0.6139594316482544,1
13226,230618_4-1-2.tif,"[7963.094970703125, 9710.039611816406, 21.5081787109375, 38.77197265625]",0.6139526963233948,1
13227,230618_4-1-2.tif,"[9799.889526367188, 8739.339225769043, 32.16796875, 19.48352813720703]",0.613822877407074,1
13228,230618_4-1-2.tif,"[1613.733512878418, 3215.8523864746094, 29.64654541015625, 54.136505126953125]",0.6130993366241455,1
13229,230618_4-1-2.tif,"[5902.461029052734, 5896.509002685547, 20.327789306640625, 36.628326416015625]",0.6127949357032776,1
13230,230618_4-1-2.tif,"[5987.311462402344, 3036.1526794433594, 18.4747314453125, 33.38720703125]",0.6125937700271606,1
13231,230618_4-1-2.tif,"[1652.869384765625, 7970.796813964844, 31.075668334960938, 30.20635986328125]",0.6123855113983154,1
13232,230618_4-1-2.tif,"[8785.900695800781, 9217.99760055542, 16.418052673339844, 32.46577835083008]",0.6123743653297424,1
13233,230618_4-1-2.tif,"[6441.308410644531, 6724.87712097168, 23.39434814453125, 28.344314575195312]",0.6123384237289429,1
13234,230618_4-1-2.tif,"[2742.7252502441406, 1634.56396484375, 44.17478942871094, 36.115020751953125]",0.6118488311767578,1
13235,230618_4-1-2.tif,"[983.3964538574219, 2331.5990600585938, 24.67767333984375, 29.50823974609375]",0.6106165051460266,1
13236,230618_4-1-2.tif,"[775.2783813476562, 8308.003677368164, 26.0587158203125, 41.684783935546875]",0.6104176044464111,1
13237,230618_4-1-2.tif,"[9013.383361816406, 7953.746643066406, 15.69189453125, 32.53460693359375]",0.6100239753723145,1
13238,230618_4-1-2.tif,"[833.4081420898438, 2450.5164794921875, 26.4615478515625, 44.060546875]",0.6098564267158508,1
13239,230618_4-1-2.tif,"[1226.8529510498047, 662.7661743164062, 21.9495849609375, 42.82745361328125]",0.6068812012672424,1
13240,230618_4-1-2.tif,"[9016.83251953125, 1372.2705078125, 26.0838623046875, 22.5367431640625]",0.6066092848777771,1
13241,230618_4-1-2.tif,"[529.8107757568359, 3509.7763061523438, 27.568496704101562, 25.61822509765625]",0.6056699156761169,1
13242,230618_4-1-2.tif,"[4177.935974121094, 1973.4313354492188, 38.881683349609375, 20.454833984375]",0.6056206822395325,1
13243,230618_4-1-2.tif,"[1166.5936431884766, 2859.8167419433594, 24.400146484375, 49.871826171875]",0.605338454246521,1
13244,230618_4-1-2.tif,"[416.647705078125, 189.93153381347656, 42.90771484375, 41.49066162109375]",0.6050180792808533,1
13245,230618_4-1-2.tif,"[3388.9865112304688, 3753.03564453125, 15.54541015625, 21.04132080078125]",0.6047687530517578,1
13246,230618_4-1-2.tif,"[7508.347106933594, 6716.968078613281, 32.0277099609375, 27.194412231445312]",0.6043487191200256,1
13247,230618_4-1-2.tif,"[252.93780517578125, 1153.3699645996094, 18.94769287109375, 47.3831787109375]",0.6039776802062988,1
13248,230618_4-1-2.tif,"[1560.2501831054688, 1713.5508117675781, 25.0, 30.267364501953125]",0.6029626131057739,1
13249,230618_4-1-2.tif,"[975.0025329589844, 74.62033081054688, 31.54766845703125, 21.8936767578125]",0.6027349233627319,1
13250,230618_4-1-2.tif,"[3867.4154663085938, 5096.919342041016, 37.402587890625, 18.76068115234375]",0.6026433706283569,1
13251,230618_4-1-2.tif,"[9187.342193603516, 1697.0867004394531, 25.26483154296875, 32.074462890625]",0.6016526222229004,1
13252,230618_4-1-2.tif,"[6249.36930847168, 715.589111328125, 28.072540283203125, 26.112396240234375]",0.6012375354766846,1
13253,230618_4-1-2.tif,"[4243.305450439453, 4910.987091064453, 15.745697021484375, 35.85345458984375]",0.6008430123329163,1
13254,230618_4-1-2.tif,"[1151.9032287597656, 4751.713836669922, 34.1312255859375, 17.90899658203125]",0.6008198857307434,1
13255,230618_4-1-2.tif,"[15.6827392578125, 4555.948394775391, 17.343852996826172, 39.800048828125]",0.6007175445556641,1
13256,230618_4-1-2.tif,"[1815.61474609375, 3363.1900024414062, 22.0040283203125, 51.150634765625]",0.6007083654403687,1
13257,230618_4-1-2.tif,"[856.3375854492188, 799.0916748046875, 35.3359375, 35.82427978515625]",0.6007072925567627,1
13258,230618_4-1-2.tif,"[8868.380187988281, 7690.670593261719, 29.088134765625, 28.1712646484375]",0.600545346736908,1
13259,230618_4-1-2.tif,"[5557.258605957031, 4504.340270996094, 16.412841796875, 25.0726318359375]",0.6003611087799072,1
13260,230618_4-1-2.tif,"[4318.166442871094, 4894.3328857421875, 39.639007568359375, 27.819580078125]",0.6002295613288879,1
13261,230618_4-1-2.tif,"[648.0546112060547, 827.71240234375, 18.238616943359375, 42.668212890625]",0.6002145409584045,1
13262,230618_4-1-2.tif,"[2178.4854431152344, 2490.7396545410156, 36.37579345703125, 40.44696044921875]",0.6001694202423096,1
13263,230618_4-1-2.tif,"[1737.135009765625, 1871.9804077148438, 16.30328369140625, 36.9056396484375]",0.6000963449478149,1
13264,230618_4-1-2.tif,"[1913.3102111816406, 2174.4653930664062, 42.91046142578125, 32.118804931640625]",0.5997154712677002,1
13265,230618_4-1-2.tif,"[917.7391357421875, 1679.3361511230469, 39.5780029296875, 27.935943603515625]",0.5996918082237244,1
13266,230618_4-1-2.tif,"[0.30917930603027344, 390.56390380859375, 27.9288272857666, 25.260986328125]",0.5995538234710693,1
13267,230618_4-1-2.tif,"[2529.5541381835938, 412.31103515625, 35.937255859375, 35.7535400390625]",0.599287748336792,1
13268,230618_4-1-2.tif,"[1835.88525390625, 1314.5779418945312, 44.373291015625, 35.24578857421875]",0.5988065004348755,1
13269,230618_4-1-2.tif,"[8687.547302246094, 2217.0778045654297, 19.1033935546875, 38.8116455078125]",0.5972031354904175,1
13270,230618_4-1-2.tif,"[724.3231201171875, 102.27316284179688, 20.40802001953125, 42.202545166015625]",0.5969257950782776,1
13271,230618_4-1-2.tif,"[5625.400939941406, 877.7871704101562, 39.9761962890625, 17.4482421875]",0.596636950969696,1
13272,230618_4-1-2.tif,"[681.4205017089844, 2199.261993408203, 23.085205078125, 57.85089111328125]",0.5963931083679199,1
13273,230618_4-1-2.tif,"[2033.4210205078125, 3394.6730346679688, 21.311279296875, 47.1513671875]",0.5962327122688293,1
13274,230618_4-1-2.tif,"[2063.6871337890625, 1104.8504028320312, 23.859375, 44.3734130859375]",0.5959092378616333,1
13275,230618_4-1-2.tif,"[9120.836486816406, 2342.1629943847656, 34.56793212890625, 44.26861572265625]",0.5959017872810364,1
13276,230618_4-1-2.tif,"[2474.1632080078125, 2224.348434448242, 24.262451171875, 30.22869873046875]",0.5950580835342407,1
13277,230618_4-1-2.tif,"[8070.8157958984375, 6202.587341308594, 15.78863525390625, 29.11126708984375]",0.5941946506500244,1
13278,230618_4-1-2.tif,"[1103.2568817138672, 1724.8296203613281, 20.132110595703125, 38.8006591796875]",0.594187319278717,1
13279,230618_4-1-2.tif,"[128.54013061523438, 4680.810607910156, 25.4107666015625, 52.892578125]",0.5939980149269104,1
13280,230618_4-1-2.tif,"[4341.88655090332, 5113.9674072265625, 30.921249389648438, 46.0599365234375]",0.593780517578125,1
13281,230618_4-1-2.tif,"[4105.410888671875, 3835.9115600585938, 46.837646484375, 38.520660400390625]",0.5930128693580627,1
13282,230618_4-1-2.tif,"[1541.5758056640625, 977.9799194335938, 42.16650390625, 31.209228515625]",0.5929524302482605,1
13283,230618_4-1-2.tif,"[3225.0632934570312, 5699.228927612305, 31.0732421875, 25.664260864257812]",0.5923246145248413,1
13284,230618_4-1-2.tif,"[1474.7626953125, 2989.0416870117188, 24.430908203125, 26.0228271484375]",0.5918212532997131,1
13285,230618_4-1-2.tif,"[7588.55615234375, 5754.302436828613, 20.4361572265625, 31.68871307373047]",0.5916845202445984,1
13286,230618_4-1-2.tif,"[1567.0730686187744, 9149.781677246094, 34.754446029663086, 17.86248779296875]",0.5915055871009827,1
13287,230618_4-1-2.tif,"[5191.49267578125, 5108.2161865234375, 26.853973388671875, 30.93184471130371]",0.5907875895500183,1
13288,230618_4-1-2.tif,"[9669.94857788086, 9218.639137268066, 29.108917236328125, 37.58098602294922]",0.5906922817230225,1
13289,230618_4-1-2.tif,"[2992.4973754882812, 3394.2363891601562, 31.45086669921875, 56.7149658203125]",0.5904853343963623,1
13290,230618_4-1-2.tif,"[46.603851318359375, 577.0933074951172, 22.882339477539062, 55.382293701171875]",0.5902668237686157,1
13291,230618_4-1-2.tif,"[1132.5092010498047, 641.8009643554688, 44.006591796875, 48.19622802734375]",0.5900248289108276,1
13292,230618_4-1-2.tif,"[9590.932678222656, 9276.67219543457, 46.0, 33.56976318359375]",0.5894782543182373,1
13293,230618_4-1-2.tif,"[1680.1493225097656, 3305.3609924316406, 32.0216064453125, 31.268829345703125]",0.5891939997673035,1
13294,230618_4-1-2.tif,"[8929.04411315918, 2588.945474624634, 23.225784301757812, 33.911970138549805]",0.5890762209892273,1
13295,230618_4-1-2.tif,"[3463.690887451172, 7405.8812255859375, 23.1639404296875, 23.1669921875]",0.5890069007873535,1
13296,230618_4-1-2.tif,"[9946.409790039062, 9486.432189941406, 38.46826171875, 28.1187744140625]",0.5888505578041077,1
13297,230618_4-1-2.tif,"[2545.7272338867188, 2322.0914916992188, 24.80474853515625, 46.01416015625]",0.5883454084396362,1
13298,230618_4-1-2.tif,"[1519.560546875, 3221.509246826172, 52.12519454956055, 24.5040283203125]",0.5876277089118958,1
13299,230618_4-1-2.tif,"[5954.715728759766, 7516.248077392578, 32.47552490234375, 17.84942626953125]",0.5874804854393005,1
13300,230618_4-1-2.tif,"[3088.1237716674805, 3233.3764038085938, 16.608299255371094, 34.03460693359375]",0.5872511863708496,1
13301,230618_4-1-2.tif,"[3730.696014404297, 1229.8818359375, 37.9129638671875, 32.809326171875]",0.5869367718696594,1
13302,230618_4-1-2.tif,"[1470.5758666992188, 3507.2462158203125, 48.1351318359375, 45.8486328125]",0.5864489674568176,1
13303,230618_4-1-2.tif,"[8474.623992919922, 3428.5308227539062, 20.7708740234375, 37.9278564453125]",0.5863184928894043,1
13304,230618_4-1-2.tif,"[6603.752685546875, 5318.27799987793, 35.5712890625, 30.572723388671875]",0.5861460566520691,1
13305,230618_4-1-2.tif,"[597.32373046875, 3908.4672241210938, 34.92431640625, 36.3330078125]",0.585989236831665,1
13306,230618_4-1-2.tif,"[6070.656311035156, 5545.4232177734375, 37.65325927734375, 20.7490234375]",0.5859882235527039,1
13307,230618_4-1-2.tif,"[9383.89217376709, 7992.197509765625, 47.350608825683594, 24.5552978515625]",0.5855099558830261,1
13308,230618_4-1-2.tif,"[8312.788162231445, 6721.065536499023, 19.488784790039062, 30.366592407226562]",0.5853766202926636,1
13309,230618_4-1-2.tif,"[1755.8915710449219, 2719.1934814453125, 42.74383544921875, 35.460693359375]",0.5851638913154602,1
13310,230618_4-1-2.tif,"[2995.415740966797, 9015.0830078125, 21.534423828125, 44.84613037109375]",0.5845687985420227,1
13311,230618_4-1-2.tif,"[908.0903015136719, 6296.67626953125, 24.49395751953125, 41.0108642578125]",0.5844720005989075,1
13312,230618_4-1-2.tif,"[3068.87890625, 8118.189971923828, 19.007080078125, 33.829315185546875]",0.5841120481491089,1
13313,230618_4-1-2.tif,"[8589.710418701172, 7568.416809082031, 22.5111083984375, 13.5615234375]",0.5839716196060181,1
13314,230618_4-1-2.tif,"[8076.673889160156, 1073.4215698242188, 21.4053955078125, 57.173797607421875]",0.5835299491882324,1
13315,230618_4-1-2.tif,"[7664.759094238281, 3557.345489501953, 30.8179931640625, 25.916015625]",0.5835190415382385,1
13316,230618_4-1-2.tif,"[1817.1669311523438, 166.60012817382812, 50.034912109375, 33.40130615234375]",0.5833484530448914,1
13317,230618_4-1-2.tif,"[838.3442993164062, 3170.0735931396484, 41.05035400390625, 22.775527954101562]",0.5831704139709473,1
13318,230618_4-1-2.tif,"[1417.5453491210938, 3230.5140075683594, 16.580322265625, 36.86785888671875]",0.5829845070838928,1
13319,230618_4-1-2.tif,"[1755.785903930664, 2525.8214111328125, 34.04034423828125, 27.31890869140625]",0.5827139019966125,1
13320,230618_4-1-2.tif,"[215.02081298828125, 3167.456268310547, 23.331939697265625, 48.109100341796875]",0.5826306939125061,1
13321,230618_4-1-2.tif,"[2193.9727478027344, 2351.4407958984375, 18.106201171875, 36.4356689453125]",0.5823047757148743,1
13322,230618_4-1-2.tif,"[713.7588500976562, 3893.84033203125, 25.512969970703125, 29.0299072265625]",0.5820319652557373,1
13323,230618_4-1-2.tif,"[779.1663818359375, 248.61434936523438, 22.353271484375, 51.75933837890625]",0.5815112590789795,1
13324,230618_4-1-2.tif,"[974.4542236328125, 1571.7146911621094, 27.5772705078125, 49.31299591064453]",0.5815103650093079,1
13325,230618_4-1-2.tif,"[6085.9649658203125, 2132.8329696655273, 33.55615234375, 21.478790283203125]",0.581473171710968,1
13326,230618_4-1-2.tif,"[5476.480895996094, 2384.4078979492188, 26.050537109375, 30.9434814453125]",0.5812042951583862,1
13327,230618_4-1-2.tif,"[7279.206924438477, 1986.4686889648438, 22.83026123046875, 39.008087158203125]",0.580864429473877,1
13328,230618_4-1-2.tif,"[683.1086730957031, 4056.3079223632812, 27.06463623046875, 49.32373046875]",0.5807626247406006,1
13329,230618_4-1-2.tif,"[5317.664489746094, 6426.346954345703, 29.83453369140625, 19.356201171875]",0.5803090929985046,1
13330,230618_4-1-2.tif,"[904.9287109375, 5073.835388183594, 15.4346923828125, 75.25777435302734]",0.5795459151268005,1
13331,230618_4-1-2.tif,"[9821.561645507812, 1852.0113525390625, 40.8367919921875, 32.203369140625]",0.5792587399482727,1
13332,230618_4-1-2.tif,"[3254.854248046875, 7826.722595214844, 26.32763671875, 22.58416748046875]",0.579067587852478,1
13333,230618_4-1-2.tif,"[2125.2889404296875, 2345.5130004882812, 29.119033813476562, 48.1463623046875]",0.5788384079933167,1
13334,230618_4-1-2.tif,"[8715.523193359375, 9124.553649902344, 14.437881469726562, 15.74090576171875]",0.5787089467048645,1
13335,230618_4-1-2.tif,"[5559.890441894531, 7449.100830078125, 34.869384765625, 18.5277099609375]",0.5781059861183167,1
13336,230618_4-1-2.tif,"[9603.762084960938, 7370.664367675781, 33.95135498046875, 41.60418701171875]",0.5777957439422607,1
13337,230618_4-1-2.tif,"[3678.0669708251953, 1582.965087890625, 21.439666748046875, 47.41845703125]",0.5773056745529175,1
13338,230618_4-1-2.tif,"[4137.431259155273, 5121.3160400390625, 24.316909790039062, 45.390525817871094]",0.5769894123077393,1
13339,230618_4-1-2.tif,"[2905.2286376953125, 630.4749908447266, 43.77581787109375, 21.67864990234375]",0.5764623284339905,1
13340,230618_4-1-2.tif,"[7513.516052246094, 7680.2118282318115, 15.557861328125, 7.1160993576049805]",0.5760883688926697,1
13341,230618_4-1-2.tif,"[6703.810409545898, 2882.653778076172, 24.266357421875, 36.7266845703125]",0.5760619044303894,1
13342,230618_4-1-2.tif,"[2679.89501953125, 296.56231689453125, 21.501495361328125, 39.921356201171875]",0.575545608997345,1
13343,230618_4-1-2.tif,"[2824.05078125, 2033.3655395507812, 39.8392333984375, 29.268413543701172]",0.5754117369651794,1
13344,230618_4-1-2.tif,"[3106.9517402648926, 6706.739685058594, 22.806678771972656, 50.4471435546875]",0.5746922492980957,1
13345,230618_4-1-2.tif,"[5793.7039794921875, 3293.3917846679688, 34.50311279296875, 29.8675537109375]",0.5745213627815247,1
13346,230618_4-1-2.tif,"[9009.943359375, 7047.213409423828, 29.7711181640625, 35.68359375]",0.572054922580719,1
13347,230618_4-1-2.tif,"[790.9705200195312, 188.72021484375, 33.37799072265625, 20.25799560546875]",0.5718450546264648,1
13348,230618_4-1-2.tif,"[8950.572967529297, 2479.77978515625, 37.96356201171875, 28.1151123046875]",0.5716961026191711,1
13349,230618_4-1-2.tif,"[2761.5457458496094, 1818.66455078125, 20.850616455078125, 54.2586669921875]",0.5716748237609863,1
13350,230618_4-1-2.tif,"[2613.586669921875, 3065.4356079101562, 35.995391845703125, 22.366511344909668]",0.5712170600891113,1
13351,230618_4-1-2.tif,"[1373.4549865722656, 2375.4623413085938, 26.36126708984375, 55.3973388671875]",0.5709456205368042,1
13352,230618_4-1-2.tif,"[2567.593017578125, 6218.358154296875, 34.442626953125, 28.1201171875]",0.5697433352470398,1
13353,230618_4-1-2.tif,"[8501.796661376953, 3204.7925720214844, 30.75616455078125, 20.62939453125]",0.5694616436958313,1
13354,230618_4-1-2.tif,"[5161.95947265625, 6548.660095214844, 22.2156982421875, 34.1580810546875]",0.56940096616745,1
13355,230618_4-1-2.tif,"[845.4561767578125, 2139.4327392578125, 19.7628173828125, 45.878753662109375]",0.5688216686248779,1
13356,230618_4-1-2.tif,"[2086.13916015625, 2268.141326904297, 42.887939453125, 33.4434814453125]",0.5677832961082458,1
13357,230618_4-1-2.tif,"[9180.84130859375, 8062.878601074219, 28.09661865234375, 28.28839111328125]",0.5674728155136108,1
13358,230618_4-1-2.tif,"[2961.5770874023438, 6389.8038330078125, 44.5953369140625, 23.5802001953125]",0.5672750473022461,1
13359,230618_4-1-2.tif,"[1291.2855224609375, 0.21797847747802734, 19.18408203125, 7.050573348999023]",0.5661876797676086,1
13360,230618_4-1-2.tif,"[475.42877197265625, 2734.07275390625, 21.2144775390625, 34.54791259765625]",0.5654737949371338,1
13361,230618_4-1-2.tif,"[584.1612091064453, 834.7075805664062, 19.5615234375, 40.068603515625]",0.5653237700462341,1
13362,230618_4-1-2.tif,"[4245.006896972656, 5104.384582519531, 21.431640625, 44.3994140625]",0.5649736523628235,1
13363,230618_4-1-2.tif,"[3245.4244537353516, 4493.5079345703125, 24.15032958984375, 20.4949951171875]",0.5647692680358887,1
13364,230618_4-1-2.tif,"[8739.864501953125, 476.33953857421875, 18.847511291503906, 32.9052734375]",0.5644874572753906,1
13365,230618_4-1-2.tif,"[2726.5887451171875, 3113.0491943359375, 30.3636474609375, 25.89427947998047]",0.564383864402771,1
13366,230618_4-1-2.tif,"[189.92393493652344, 2443.8455200195312, 38.23872375488281, 20.24737548828125]",0.5633392333984375,1
13367,230618_4-1-2.tif,"[2222.763427734375, 2993.4223022460938, 36.763427734375, 23.6988525390625]",0.5630716681480408,1
13368,230618_4-1-2.tif,"[3365.935028076172, 0.0, 21.387451171875, 33.67087936401367]",0.5624867677688599,1
13369,230618_4-1-2.tif,"[4630.186943054199, 2962.0799865722656, 22.68683624267578, 28.98040771484375]",0.5624808073043823,1
13370,230618_4-1-2.tif,"[9034.822845458984, 4104.376627922058, 23.914642333984375, 24.338582038879395]",0.5624006390571594,1
13371,230618_4-1-2.tif,"[3011.496368408203, 3889.9036254882812, 34.8685302734375, 22.745361328125]",0.5622738599777222,1
13372,230618_4-1-2.tif,"[3973.0430297851562, 5269.482269287109, 38.70556640625, 32.61822509765625]",0.5621830821037292,1
13373,230618_4-1-2.tif,"[3184.8177185058594, 1725.6856079101562, 16.795318603515625, 37.39338684082031]",0.5621586441993713,1
13374,230618_4-1-2.tif,"[9970.706298828125, 827.5661010742188, 28.1748046875, 18.4046630859375]",0.5619804859161377,1
13375,230618_4-1-2.tif,"[943.054443359375, 2205.6043395996094, 17.3350830078125, 40.89593505859375]",0.5618417263031006,1
13376,230618_4-1-2.tif,"[2254.3905029296875, 4027.382781982422, 36.869415283203125, 22.29669189453125]",0.5618361234664917,1
13377,230618_4-1-2.tif,"[677.7502746582031, 201.6315460205078, 37.75006103515625, 18.944915771484375]",0.5616093277931213,1
13378,230618_4-1-2.tif,"[4917.212463378906, 6687.631896972656, 37.916015625, 20.70263671875]",0.5615705847740173,1
13379,230618_4-1-2.tif,"[968.7879333496094, 3789.5667724609375, 24.08148193359375, 51.65411376953125]",0.5610495805740356,1
13380,230618_4-1-2.tif,"[860.3451232910156, 6088.140716552734, 42.9818115234375, 18.16290283203125]",0.5607524514198303,1
13381,230618_4-1-2.tif,"[2675.612663269043, 3216.9213256835938, 32.50000762939453, 34.50042724609375]",0.560478687286377,1
13382,230618_4-1-2.tif,"[586.5135498046875, 7652.103332519531, 22.286178588867188, 40.65728759765625]",0.5602434873580933,1
13383,230618_4-1-2.tif,"[8123.5758056640625, 85.24659729003906, 18.9130859375, 45.805145263671875]",0.56004798412323,1
13384,230618_4-1-2.tif,"[7076.3797607421875, 685.4543914794922, 24.7467041015625, 27.3450927734375]",0.5598762035369873,1
13385,230618_4-1-2.tif,"[2107.6546630859375, 3025.48486328125, 20.355667114257812, 48.25299072265625]",0.5593512654304504,1
13386,230618_4-1-2.tif,"[1391.1708984375, 3959.754852294922, 24.203125, 28.7950439453125]",0.5590986609458923,1
13387,230618_4-1-2.tif,"[6773.709167480469, 5131.477855682373, 27.268463134765625, 27.670093536376953]",0.5579897165298462,1
13388,230618_4-1-2.tif,"[2675.3936614990234, 2139.923049926758, 40.331146240234375, 30.30242919921875]",0.5575263500213623,1
13389,230618_4-1-2.tif,"[2861.3053588867188, 2364.8500061035156, 24.0072021484375, 18.97027587890625]",0.5574110150337219,1
13390,230618_4-1-2.tif,"[8050.346862792969, 6040.717834472656, 19.291259765625, 23.477783203125]",0.5572397708892822,1
13391,230618_4-1-2.tif,"[1748.7950744628906, 2161.3267211914062, 48.993560791015625, 25.674560546875]",0.557164192199707,1
13392,230618_4-1-2.tif,"[7212.4119873046875, 8260.597900390625, 13.640243530273438, 39.53746032714844]",0.5568265318870544,1
13393,230618_4-1-2.tif,"[2931.0513916015625, 3066.9044799804688, 43.6368408203125, 34.269269943237305]",0.5565464496612549,1
13394,230618_4-1-2.tif,"[3081.748466491699, 4622.375244140625, 33.9503173828125, 19.65478515625]",0.5564789175987244,1
13395,230618_4-1-2.tif,"[1398.825439453125, 1057.205711364746, 32.21319580078125, 29.051002502441406]",0.5559870600700378,1
13396,230618_4-1-2.tif,"[9011.872375488281, 7304.506378173828, 26.43798828125, 46.324951171875]",0.5555673241615295,1
13397,230618_4-1-2.tif,"[7157.337097167969, 0.03972148895263672, 17.8717041015625, 14.491209983825684]",0.5549166202545166,1
13398,230618_4-1-2.tif,"[1495.7991027832031, 4015.9558715820312, 38.62664794921875, 34.0640869140625]",0.5546841621398926,1
13399,230618_4-1-2.tif,"[9239.356689453125, 594.6434326171875, 20.2105712890625, 36.426025390625]",0.5541885495185852,1
13400,230618_4-1-2.tif,"[8058.767517089844, 5873.128723144531, 33.6669921875, 29.84869384765625]",0.5541462898254395,1
13401,230618_4-1-2.tif,"[861.7575378417969, 891.0709228515625, 38.81646728515625, 19.0662841796875]",0.5537722110748291,1
13402,230618_4-1-2.tif,"[8779.161499023438, 7119.021545410156, 30.095458984375, 36.64324951171875]",0.5537607669830322,1
13403,230618_4-1-2.tif,"[2417.9515380859375, 5136.366394042969, 29.068115234375, 59.9776611328125]",0.5537466406822205,1
13404,230618_4-1-2.tif,"[2784.859130859375, 1408.3643493652344, 42.80548095703125, 48.33917236328125]",0.5536476373672485,1
13405,230618_4-1-2.tif,"[6591.424468994141, 6171.754564285278, 18.78863525390625, 38.641035079956055]",0.5536186695098877,1
13406,230618_4-1-2.tif,"[3493.2184448242188, 6342.1651611328125, 23.2509765625, 44.479400634765625]",0.5532087683677673,1
13407,230618_4-1-2.tif,"[8916.759414672852, 2423.646697998047, 28.435943603515625, 42.26190185546875]",0.5531208515167236,1
13408,230618_4-1-2.tif,"[9440.125244140625, 8356.945343017578, 31.285400390625, 37.10260009765625]",0.5531132817268372,1
13409,230618_4-1-2.tif,"[3672.2996826171875, 948.6823120117188, 31.5869140625, 47.8499755859375]",0.5530727505683899,1
13410,230618_4-1-2.tif,"[5702.577087402344, 3589.3033447265625, 50.766357421875, 41.65771484375]",0.5530100464820862,1
13411,230618_4-1-2.tif,"[6900.253753662109, 1734.8805389404297, 34.1558837890625, 23.194488525390625]",0.5519694685935974,1
13412,230618_4-1-2.tif,"[8769.939628601074, 2624.3043823242188, 30.71636962890625, 24.803436279296875]",0.5519173741340637,1
13413,230618_4-1-2.tif,"[831.5985717773438, 2235.5429077148438, 19.2784423828125, 41.150390625]",0.5508966445922852,1
13414,230618_4-1-2.tif,"[1960.8702392578125, 3142.921859741211, 20.54638671875, 47.244476318359375]",0.5505306720733643,1
13415,230618_4-1-2.tif,"[86.23765563964844, 1793.70458984375, 31.77264404296875, 28.49713134765625]",0.5502918362617493,1
13416,230618_4-1-2.tif,"[1392.894287109375, 2658.5520782470703, 20.86773681640625, 38.8956298828125]",0.5502131581306458,1
13417,230618_4-1-2.tif,"[5207.713020324707, 7639.897644042969, 17.60131072998047, 30.2178955078125]",0.5498306751251221,1
13418,230618_4-1-2.tif,"[5485.864562988281, 6034.439270019531, 33.3729248046875, 31.0062255859375]",0.5492796301841736,1
13419,230618_4-1-2.tif,"[8293.982040405273, 2402.63232421875, 25.9620361328125, 50.7335205078125]",0.5491562485694885,1
13420,230618_4-1-2.tif,"[1337.545654296875, 713.1154479980469, 23.58026123046875, 44.4732666015625]",0.5490678548812866,1
13421,230618_4-1-2.tif,"[2969.7130737304688, 1630.70263671875, 28.760009765625, 41.89080810546875]",0.5490468740463257,1
13422,230618_4-1-2.tif,"[2465.9548950195312, 1232.6640625, 46.470947265625, 18.69586181640625]",0.5486361384391785,1
13423,230618_4-1-2.tif,"[1059.1544876098633, 2497.5491943359375, 39.12327575683594, 34.550201416015625]",0.5481061339378357,1
13424,230618_4-1-2.tif,"[2094.6202392578125, 3292.798095703125, 19.3018798828125, 44.11676025390625]",0.5478061437606812,1
13425,230618_4-1-2.tif,"[6824.2333984375, 1094.8153076171875, 34.572662353515625, 19.44384765625]",0.5477668046951294,1
13426,230618_4-1-2.tif,"[187.67974853515625, 4021.4545288085938, 35.60693359375, 19.1107177734375]",0.5470451712608337,1
13427,230618_4-1-2.tif,"[3596.931640625, 905.7220458984375, 35.979957580566406, 40.448760986328125]",0.5440240502357483,1
13428,230618_4-1-2.tif,"[2463.7923583984375, 1871.0206298828125, 20.2518310546875, 43.1090087890625]",0.5432120561599731,1
13429,230618_4-1-2.tif,"[8664.605163574219, 3102.6555709838867, 36.0013427734375, 19.27179718017578]",0.5429633855819702,1
13430,230618_4-1-2.tif,"[884.8292846679688, 5527.370574951172, 38.8155517578125, 33.42791748046875]",0.5425778031349182,1
13431,230618_4-1-2.tif,"[4837.370147705078, 7063.971862792969, 20.34014892578125, 30.57666015625]",0.5425230264663696,1
13432,230618_4-1-2.tif,"[6931.799072265625, 385.43701171875, 32.33026123046875, 16.60009765625]",0.5421543717384338,1
13433,230618_4-1-2.tif,"[832.5826416015625, 6788.601455688477, 34.2904052734375, 31.69744873046875]",0.541948676109314,1
13434,230618_4-1-2.tif,"[8475.29736328125, 7820.610565185547, 16.4984130859375, 19.3878173828125]",0.5417836308479309,1
13435,230618_4-1-2.tif,"[6425.538818359375, 4112.237537384033, 20.954345703125, 23.872325897216797]",0.5416629314422607,1
13436,230618_4-1-2.tif,"[6687.7432861328125, 512.9992294311523, 22.09326171875, 49.49095916748047]",0.5416048765182495,1
13437,230618_4-1-2.tif,"[2683.7457580566406, 5398.2955322265625, 29.981048583984375, 22.0244140625]",0.5415335893630981,1
13438,230618_4-1-2.tif,"[5986.1112060546875, 5608.932373046875, 49.76031494140625, 30.322017669677734]",0.5415323972702026,1
13439,230618_4-1-2.tif,"[1838.6126708984375, 94.45970153808594, 22.34521484375, 41.96043395996094]",0.5409437417984009,1
13440,230618_4-1-2.tif,"[9235.687631607056, 88.161376953125, 30.591054916381836, 26.446273803710938]",0.5408464074134827,1
13441,230618_4-1-2.tif,"[374.14825439453125, 4306.51155090332, 45.1109619140625, 23.800933837890625]",0.5408318638801575,1
13442,230618_4-1-2.tif,"[1063.4490966796875, 391.92694091796875, 44.033203125, 23.9647216796875]",0.5406936407089233,1
13443,230618_4-1-2.tif,"[839.002685546875, 4242.631439208984, 24.67437744140625, 32.12579345703125]",0.5403546094894409,1
13444,230618_4-1-2.tif,"[7686.4146728515625, 923.568603515625, 29.384449005126953, 60.993408203125]",0.5399898290634155,1
13445,230618_4-1-2.tif,"[6460.587310791016, 1979.5485229492188, 18.0159912109375, 40.9832763671875]",0.5386763215065002,1
13446,230618_4-1-2.tif,"[8374.4599609375, 6778.36767578125, 157.5615234375, 145.984375]",0.5379306674003601,1
13447,230618_4-1-2.tif,"[5869.9462890625, 2507.6341552734375, 23.373748779296875, 42.26708984375]",0.5366373062133789,1
13448,230618_4-1-2.tif,"[919.2687377929688, 4644.931396484375, 32.490234375, 43.95686340332031]",0.535880982875824,1
13449,230618_4-1-2.tif,"[8715.990818023682, 2625.294479370117, 31.752933502197266, 43.72563171386719]",0.5357422232627869,1
13450,230618_4-1-2.tif,"[7585.504638671875, 1392.3519897460938, 34.3067626953125, 20.26165771484375]",0.5347214341163635,1
13451,230618_4-1-2.tif,"[5185.16650390625, 52.92495346069336, 19.4422607421875, 51.67916488647461]",0.5338187217712402,1
13452,230618_4-1-2.tif,"[3178.870361328125, 668.7363891601562, 24.50018310546875, 38.61077880859375]",0.5334214568138123,1
13453,230618_4-1-2.tif,"[8053.9266357421875, 5934.639831542969, 39.7874755859375, 28.2003173828125]",0.5332241654396057,1
13454,230618_4-1-2.tif,"[3271.94677734375, 4685.769714355469, 24.238983154296875, 47.73036193847656]",0.5321802496910095,1
13455,230618_4-1-2.tif,"[9844.425476074219, 2926.846923828125, 38.8875732421875, 33.66888427734375]",0.532109797000885,1
13456,230618_4-1-2.tif,"[3695.6383056640625, 1324.4896240234375, 21.951187133789062, 47.6253662109375]",0.5318781733512878,1
13457,230618_4-1-2.tif,"[7413.192962646484, 710.0298767089844, 17.96221923828125, 17.490447998046875]",0.5313701629638672,1
13458,230618_4-1-2.tif,"[7155.123992919922, 1742.2250061035156, 30.478546142578125, 23.840423583984375]",0.5311749577522278,1
13459,230618_4-1-2.tif,"[920.9494323730469, 5184.77294921875, 39.201416015625, 19.7899169921875]",0.5307787656784058,1
13460,230618_4-1-2.tif,"[6623.010101318359, 3766.9236755371094, 27.4498291015625, 37.331329345703125]",0.5307297110557556,1
13461,230618_4-1-2.tif,"[1740.4742889404297, 1201.6400756835938, 16.07672119140625, 32.3978271484375]",0.5294967293739319,1
13462,230618_4-1-2.tif,"[3060.8506469726562, 2147.7657623291016, 27.101806640625, 47.90800476074219]",0.5292719602584839,1
13463,230618_4-1-2.tif,"[4353.3271484375, 2998.269287109375, 35.408203125, 20.9156494140625]",0.5291783213615417,1
13464,230618_4-1-2.tif,"[3271.4432983398438, 6644.9061279296875, 19.791748046875, 35.8944091796875]",0.5290191173553467,1
13465,230618_4-1-2.tif,"[2285.2942504882812, 2711.6939239501953, 18.99420166015625, 41.53765869140625]",0.5283675193786621,1
13466,230618_4-1-2.tif,"[3294.8594970703125, 2503.368438720703, 19.753326416015625, 27.51910400390625]",0.5276640057563782,1
13467,230618_4-1-2.tif,"[665.8551330566406, 981.929443359375, 38.461700439453125, 46.95330810546875]",0.5274750590324402,1
13468,230618_4-1-2.tif,"[77.44001770019531, 7338.051361083984, 16.98388671875, 27.955963134765625]",0.5266334414482117,1
13469,230618_4-1-2.tif,"[2504.1267700195312, 6814.980560302734, 23.296875, 21.6275634765625]",0.5264474153518677,1
13470,230618_4-1-2.tif,"[3562.5613403320312, 5258.964859008789, 20.7447509765625, 38.82867431640625]",0.5261321067810059,1
13471,230618_4-1-2.tif,"[4184.89404296875, 2213.491485595703, 39.8289794921875, 17.8642578125]",0.5261093974113464,1
13472,230618_4-1-2.tif,"[5732.783538818359, 3521.551788330078, 38.254730224609375, 21.2235107421875]",0.5256302356719971,1
13473,230618_4-1-2.tif,"[482.751220703125, 3089.00927734375, 28.9700927734375, 29.675209045410156]",0.5255483388900757,1
13474,230618_4-1-2.tif,"[3465.4154663085938, 4384.805236816406, 17.268798828125, 34.23870849609375]",0.5254547595977783,1
13475,230618_4-1-2.tif,"[5361.468902587891, 6834.207656860352, 37.6739501953125, 34.274658203125]",0.5254380106925964,1
13476,230618_4-1-2.tif,"[3555.5160522460938, 1177.480712890625, 27.322509765625, 41.4735107421875]",0.524389922618866,1
13477,230618_4-1-2.tif,"[4518.1593017578125, 2467.4478149414062, 23.69140625, 45.56488037109375]",0.524092972278595,1
13478,230618_4-1-2.tif,"[6271.731643676758, 5115.616455078125, 29.406097412109375, 19.9158935546875]",0.5239099264144897,1
13479,230618_4-1-2.tif,"[877.4815063476562, 5696.204833984375, 36.37451171875, 14.674560546875]",0.5237229466438293,1
13480,230618_4-1-2.tif,"[6647.9053955078125, 621.5788269042969, 36.2696533203125, 38.560791015625]",0.523009717464447,1
13481,230618_4-1-2.tif,"[150.33018493652344, 1980.5714416503906, 21.30792236328125, 44.71923828125]",0.5229300260543823,1
13482,230618_4-1-2.tif,"[9262.444946289062, 7989.923126220703, 33.47705078125, 34.81005859375]",0.5223996639251709,1
13483,230618_4-1-2.tif,"[2736.0338134765625, 670.820556640625, 39.19061279296875, 38.8685302734375]",0.5221908688545227,1
13484,230618_4-1-2.tif,"[503.36822509765625, 3692.5732421875, 22.76171875, 40.135284423828125]",0.5220206379890442,1
13485,230618_4-1-2.tif,"[3734.3635864257812, 3544.1982421875, 29.6168212890625, 43.23223876953125]",0.521879255771637,1
13486,230618_4-1-2.tif,"[5062.8148193359375, 5490.159027099609, 20.349365234375, 38.416015625]",0.5218105316162109,1
13487,230618_4-1-2.tif,"[3324.477020263672, 7477.591705322266, 52.62677001953125, 31.56085205078125]",0.5215142369270325,1
13488,230618_4-1-2.tif,"[6976.548583984375, 7116.110595703125, 28.14306640625, 22.1668701171875]",0.5213845372200012,1
13489,230618_4-1-2.tif,"[4450.859313964844, 1271.8875122070312, 23.786376953125, 34.17926025390625]",0.521342396736145,1
13490,230618_4-1-2.tif,"[514.831563949585, 3249.7192993164062, 23.882097244262695, 46.218048095703125]",0.5202342867851257,1
13491,230618_4-1-2.tif,"[177.36154174804688, 3851.3828125, 22.95819091796875, 52.96380615234375]",0.5201845169067383,1
13492,230618_4-1-2.tif,"[9231.792358398438, 7916.724090576172, 36.095703125, 29.57464599609375]",0.5200719237327576,1
13493,230618_4-1-2.tif,"[8575.903625488281, 8227.543701171875, 25.66162109375, 14.986572265625]",0.5199670791625977,1
13494,230618_4-1-2.tif,"[4975.242248535156, 22.45697021484375, 22.219970703125, 36.881019592285156]",0.5199078917503357,1
13495,230618_4-1-2.tif,"[3305.671142578125, 16.624801635742188, 34.026519775390625, 36.78242492675781]",0.5198358297348022,1
13496,230618_4-1-2.tif,"[7311.874053955078, 75.87213134765625, 30.31829833984375, 25.834320068359375]",0.5190761685371399,1
13497,230618_4-1-2.tif,"[9124.374267578125, 2832.5880432128906, 46.06005859375, 28.328125]",0.5189968347549438,1
13498,230618_4-1-2.tif,"[263.7154541015625, 569.1121673583984, 36.6051025390625, 36.94390869140625]",0.5189692378044128,1
13499,230618_4-1-2.tif,"[1849.037109375, 3262.0396423339844, 26.0477294921875, 38.811859130859375]",0.5189557671546936,1
13500,230618_4-1-2.tif,"[1279.6452026367188, 3595.254020690918, 32.906982421875, 34.53728485107422]",0.5183247327804565,1
13501,230618_4-1-2.tif,"[3233.6893615722656, 2204.321823120117, 36.37060546875, 16.3271484375]",0.5182626247406006,1
13502,230618_4-1-2.tif,"[8386.284973144531, 7010.888122558594, 19.003997802734375, 12.96771240234375]",0.5181837677955627,1
13503,230618_4-1-2.tif,"[1582.6258583068848, 595.5854339599609, 42.486080169677734, 38.86659240722656]",0.5181276202201843,1
13504,230618_4-1-2.tif,"[1492.8416748046875, 74.37344360351562, 27.753662109375, 48.34637451171875]",0.5177220702171326,1
13505,230618_4-1-2.tif,"[1214.539306640625, 4526.762481689453, 25.0523681640625, 31.669189453125]",0.5175337195396423,1
13506,230618_4-1-2.tif,"[6447.2154541015625, 2861.7691345214844, 27.56024169921875, 51.96929931640625]",0.5172069072723389,1
13507,230618_4-1-2.tif,"[7965.115692138672, 1651.4937744140625, 24.96563720703125, 12.5062255859375]",0.516518771648407,1
13508,230618_4-1-2.tif,"[750.2424926757812, 9230.9912109375, 36.232421875, 26.00455093383789]",0.5158606767654419,1
13509,230618_4-1-2.tif,"[8371.08462524414, 8433.629699707031, 27.97412109375, 31.94775390625]",0.5155413150787354,1
13510,230618_4-1-2.tif,"[2031.1932373046875, 0.0, 37.739990234375, 21.86284637451172]",0.5153247714042664,1
13511,230618_4-1-2.tif,"[2956.4539184570312, 3603.5101318359375, 20.478515625, 36.993919372558594]",0.5152643322944641,1
13512,230618_4-1-2.tif,"[9271.5595703125, 9574.499328613281, 23.9366455078125, 23.557861328125]",0.5142650008201599,1
13513,230618_4-1-2.tif,"[4908.073486328125, 4653.988227844238, 20.488616943359375, 37.432830810546875]",0.5139349699020386,1
13514,230618_4-1-2.tif,"[2061.148681640625, 2005.1401977539062, 34.614013671875, 42.0189208984375]",0.5131111145019531,1
13515,230618_4-1-2.tif,"[9111.113037109375, 1089.3210754394531, 34.4886474609375, 20.208953857421875]",0.5126820802688599,1
13516,230618_4-1-2.tif,"[5001.0257568359375, 8199.878967285156, 34.144287109375, 25.880859375]",0.5126777291297913,1
13517,230618_4-1-2.tif,"[5684.890625, 2348.9981079101562, 18.4583740234375, 34.149658203125]",0.511830747127533,1
13518,230618_4-1-2.tif,"[2128.609245300293, 3236.1441955566406, 22.682327270507812, 53.04107666015625]",0.5117542147636414,1
13519,230618_4-1-2.tif,"[9014.601684570312, 2430.384735107422, 34.8575439453125, 23.276123046875]",0.5115393996238708,1
13520,230618_4-1-2.tif,"[6764.179138183594, 6361.163330078125, 26.043548583984375, 39.82183837890625]",0.5111330151557922,1
13521,230618_4-1-2.tif,"[7433.0406494140625, 1695.1231079101562, 18.72320556640625, 20.24713134765625]",0.5109013915061951,1
13522,230618_4-1-2.tif,"[8850.619384765625, 8406.280548095703, 22.1104736328125, 34.84393310546875]",0.5107461214065552,1
13523,230618_4-1-2.tif,"[9004.333862304688, 1820.754638671875, 29.4642333984375, 17.4195556640625]",0.510145902633667,1
13524,230618_4-1-2.tif,"[9384.889560699463, 9604.181396484375, 20.612789154052734, 48.996826171875]",0.5099697113037109,1
13525,230618_4-1-2.tif,"[2348.1152954101562, 3127.5463066101074, 28.7923583984375, 46.37204360961914]",0.5099316835403442,1
13526,230618_4-1-2.tif,"[3079.064697265625, 839.9466247558594, 25.132080078125, 48.235595703125]",0.5092949867248535,1
13527,230618_4-1-2.tif,"[441.64483642578125, 3293.09130859375, 29.218505859375, 46.180419921875]",0.5091743469238281,1
13528,230618_4-1-2.tif,"[5240.324417114258, 4924.105407714844, 31.51092529296875, 24.879150390625]",0.5089850425720215,1
13529,230618_4-1-2.tif,"[2072.0545654296875, 1278.0380859375, 30.73486328125, 53.61016845703125]",0.5088968276977539,1
13530,230618_4-1-2.tif,"[7827.348175048828, 6529.235260009766, 19.91827392578125, 28.41229248046875]",0.5087459683418274,1
13531,230618_4-1-2.tif,"[1319.78759765625, 5616.7298583984375, 40.5958251953125, 18.5439453125]",0.508417546749115,1
13532,230618_4-1-2.tif,"[7347.501678466797, 994.7348022460938, 18.376678466796875, 20.65966796875]",0.5077449083328247,1
13533,230618_4-1-2.tif,"[821.0044555664062, 108.25366973876953, 36.4285888671875, 42.78392791748047]",0.5075994729995728,1
13534,230618_4-1-2.tif,"[1738.5779113769531, 2616.566692352295, 43.23590087890625, 25.986408233642578]",0.5074273943901062,1
13535,230618_4-1-2.tif,"[5954.067138671875, 4180.590576171875, 32.9063720703125, 41.02490234375]",0.5068824887275696,1
13536,230618_4-1-2.tif,"[7638.529296875, 6551.635986328125, 26.27880859375, 26.633056640625]",0.5067222714424133,1
13537,230618_4-1-2.tif,"[4074.081512451172, 5382.2178955078125, 21.09381103515625, 48.27392578125]",0.5064324140548706,1
13538,230618_4-1-2.tif,"[8198.018440246582, 7267.227783203125, 37.13048553466797, 15.14837646484375]",0.5064312219619751,1
13539,230618_4-1-2.tif,"[9871.161743164062, 9154.365325927734, 27.703369140625, 37.89630126953125]",0.5054918527603149,1
13540,230618_4-1-2.tif,"[1103.9367065429688, 363.37701416015625, 35.4617919921875, 25.850921630859375]",0.5042601823806763,1
13541,230618_4-1-2.tif,"[9225.340393066406, 7961.9967041015625, 22.347900390625, 45.0234375]",0.5033264756202698,1
13542,230618_4-1-2.tif,"[5667.9466552734375, 1293.16259765625, 27.455223083496094, 33.15325927734375]",0.502326250076294,1
13543,230618_4-1-2.tif,"[1167.9643859863281, 595.893798828125, 52.98260498046875, 31.095977783203125]",0.5009850263595581,1
13544,230618_4-1-2.tif,"[1088.5603485107422, 1985.6039428710938, 27.839752197265625, 39.19500732421875]",0.5006002187728882,1
13545,230618_4-1-2.tif,"[6330.07373046875, 403.776123046875, 31.53179931640625, 29.484619140625]",0.500507116317749,1
13546,230618_4-1-2.tif,"[768.928466796875, 4512.954650878906, 45.06304931640625, 34.2459716796875]",0.5004806518554688,1
13547,230618_4-1-2.tif,"[9374.558296203613, 8109.979309082031, 47.00065612792969, 20.6597900390625]",0.4992295503616333,1
13548,230618_4-1-2.tif,"[1223.3086242675781, 2443.1764221191406, 26.65679931640625, 53.20068359375]",0.4989957809448242,1
13549,230618_4-1-2.tif,"[6544.930267333984, 4636.728395462036, 32.034698486328125, 15.75294303894043]",0.49877822399139404,1
13550,230618_4-1-2.tif,"[3528.9140014648438, 987.81103515625, 33.4228515625, 28.0032958984375]",0.49873659014701843,1
13551,230618_4-1-2.tif,"[747.0058441162109, 1931.28173828125, 20.886627197265625, 40.484375]",0.4974980354309082,1
13552,230618_4-1-2.tif,"[900.2233276367188, 1044.197467803955, 39.4586181640625, 39.96394348144531]",0.49590107798576355,1
13553,230618_4-1-2.tif,"[7102.74365234375, 6595.841094970703, 16.136474609375, 30.51727294921875]",0.4955974817276001,1
13554,230618_4-1-2.tif,"[3536.404541015625, 2378.61865234375, 18.8636474609375, 26.17913818359375]",0.4951831102371216,1
13555,230618_4-1-2.tif,"[1612.056137084961, 2930.6634826660156, 39.00128173828125, 48.0272216796875]",0.49463242292404175,1
13556,230618_4-1-2.tif,"[9035.557189941406, 7118.150665283203, 27.9737548828125, 36.0322265625]",0.4939799904823303,1
13557,230618_4-1-2.tif,"[394.30780029296875, 3700.292434692383, 19.052001953125, 13.085052490234375]",0.49327123165130615,1
13558,230618_4-1-2.tif,"[1111.1820068359375, 3336.510009765625, 32.7945556640625, 37.8929443359375]",0.49301669001579285,1
13559,230618_4-1-2.tif,"[4070.2013549804688, 8601.427490234375, 25.17889404296875, 22.983154296875]",0.4926353096961975,1
13560,230618_4-1-2.tif,"[1284.2117919921875, 2160.251922607422, 23.296875, 32.994903564453125]",0.49259886145591736,1
13561,230618_4-1-2.tif,"[6526.9273681640625, 5003.734313964844, 23.7852783203125, 51.96484375]",0.4919414222240448,1
13562,230618_4-1-2.tif,"[139.43801879882812, 7258.26383972168, 45.631103515625, 24.166961669921875]",0.4912099242210388,1
13563,230618_4-1-2.tif,"[6764.209274291992, 4928.8226318359375, 20.0155029296875, 36.5494384765625]",0.49068182706832886,1
13564,230618_4-1-2.tif,"[9862.167205810547, 1822.7487182617188, 44.119903564453125, 23.0966796875]",0.4901764988899231,1
13565,230618_4-1-2.tif,"[8711.459350585938, 8631.094299316406, 14.845178604125977, 22.52001953125]",0.4900914430618286,1
13566,230618_4-1-2.tif,"[1306.3802185058594, 475.06787109375, 35.684326171875, 34.66064453125]",0.48991289734840393,1
13567,230618_4-1-2.tif,"[6303.613708496094, 1181.5863952636719, 38.99530029296875, 23.858795166015625]",0.4898226261138916,1
13568,230618_4-1-2.tif,"[954.3224792480469, 4040.5304260253906, 36.5704345703125, 23.18914794921875]",0.48923274874687195,1
13569,230618_4-1-2.tif,"[7947.458190917969, 1125.83935546875, 18.21258544921875, 35.85211181640625]",0.4891557991504669,1
13570,230618_4-1-2.tif,"[702.5767211914062, 4823.532485961914, 23.597259521484375, 38.93310546875]",0.4889659583568573,1
13571,230618_4-1-2.tif,"[4608.2702293396, 3805.9764099121094, 10.959829330444336, 19.844146728515625]",0.48856863379478455,1
13572,230618_4-1-2.tif,"[3612.48779296875, 3629.709648132324, 32.00048828125, 14.367828369140625]",0.4878089725971222,1
13573,230618_4-1-2.tif,"[4450.4722900390625, 4621.9287757873535, 22.34234619140625, 37.125850677490234]",0.4876544177532196,1
13574,230618_4-1-2.tif,"[638.7615509033203, 3001.3594360351562, 23.679046630859375, 42.450927734375]",0.48725956678390503,1
13575,230618_4-1-2.tif,"[3320.0140686035156, 7984.341369628906, 38.85760498046875, 29.4808349609375]",0.48714563250541687,1
13576,230618_4-1-2.tif,"[6809.996551513672, 485.419189453125, 32.753173828125, 24.1495361328125]",0.486911416053772,1
13577,230618_4-1-2.tif,"[8128.379577636719, 6219.648681640625, 26.3612060546875, 30.685791015625]",0.4867575466632843,1
13578,230618_4-1-2.tif,"[3527.517364501953, 1025.818115234375, 42.539886474609375, 38.32298278808594]",0.4867101013660431,1
13579,230618_4-1-2.tif,"[381.01116943359375, 1108.2870025634766, 39.5263671875, 35.15452575683594]",0.486489474773407,1
13580,230618_4-1-2.tif,"[3710.7571716308594, 5552.533782958984, 29.039398193359375, 25.796142578125]",0.4861339032649994,1
13581,230618_4-1-2.tif,"[5069.374603271484, 4649.235107421875, 18.9132080078125, 41.1380615234375]",0.4861229658126831,1
13582,230618_4-1-2.tif,"[2215.037109375, 2638.93603515625, 39.94146728515625, 17.752471923828125]",0.4860475957393646,1
13583,230618_4-1-2.tif,"[5781.556747436523, 8111.572265625, 17.22039794921875, 18.54937744140625]",0.48558369278907776,1
13584,230618_4-1-2.tif,"[1720.3021240234375, 7273.652725219727, 20.6956787109375, 48.746978759765625]",0.4851439893245697,1
13585,230618_4-1-2.tif,"[7266.577529907227, 8949.772735595703, 27.642807006835938, 14.596588134765625]",0.4840550422668457,1
13586,230618_4-1-2.tif,"[3419.458984375, 5373.813995361328, 22.86431884765625, 37.668182373046875]",0.48318496346473694,1
13587,230618_4-1-2.tif,"[5034.4791259765625, 8661.390258789062, 32.38922119140625, 19.3841552734375]",0.48253685235977173,1
13588,230618_4-1-2.tif,"[9168.138610839844, 8297.20915222168, 27.00390625, 31.490158081054688]",0.48222285509109497,1
13589,230618_4-1-2.tif,"[1394.3774719238281, 7357.374298095703, 39.00286865234375, 19.10870361328125]",0.4817502498626709,1
13590,230618_4-1-2.tif,"[7438.661926269531, 4976.0233154296875, 24.3480224609375, 18.9287109375]",0.48169243335723877,1
13591,230618_4-1-2.tif,"[8858.073928833008, 7438.439056396484, 22.463165283203125, 49.9439697265625]",0.4815595746040344,1
13592,230618_4-1-2.tif,"[1651.0149841308594, 3137.4912109375, 42.14080810546875, 35.852783203125]",0.4811692237854004,1
13593,230618_4-1-2.tif,"[821.1552124023438, 4870.242736816406, 34.065185546875, 29.8724365234375]",0.48071789741516113,1
13594,230618_4-1-2.tif,"[700.2340545654297, 1546.7936401367188, 42.7645263671875, 40.1591796875]",0.4804791212081909,1
13595,230618_4-1-2.tif,"[233.43045043945312, 6306.061126708984, 30.97540283203125, 40.043121337890625]",0.4804684519767761,1
13596,230618_4-1-2.tif,"[775.8425903320312, 643.9888000488281, 30.92791748046875, 38.448150634765625]",0.4803658723831177,1
13597,230618_4-1-2.tif,"[2580.1219177246094, 7570.488586425781, 17.55004119873047, 28.7266845703125]",0.47999006509780884,1
13598,230618_4-1-2.tif,"[170.95077514648438, 405.8854675292969, 33.39715576171875, 48.414794921875]",0.479961633682251,1
13599,230618_4-1-2.tif,"[5971.032897949219, 6636.00634765625, 31.5513916015625, 23.7125244140625]",0.479740709066391,1
13600,230618_4-1-2.tif,"[394.974365234375, 7443.56640625, 27.423583984375, 33.789306640625]",0.47962233424186707,1
13601,230618_4-1-2.tif,"[2674.8760528564453, 6597.937072753906, 20.531005859375, 45.99560546875]",0.4796123504638672,1
13602,230618_4-1-2.tif,"[7398.11376953125, 2148.139633178711, 23.65924072265625, 46.37870788574219]",0.4795612394809723,1
13603,230618_4-1-2.tif,"[1626.1968994140625, 393.5364685058594, 30.204345703125, 40.45526123046875]",0.4791799783706665,1
13604,230618_4-1-2.tif,"[7512.613952636719, 3042.3505249023438, 23.7086181640625, 38.61383056640625]",0.4780932068824768,1
13605,230618_4-1-2.tif,"[7793.477767944336, 6041.972442626953, 30.272430419921875, 23.95111083984375]",0.47780829668045044,1
13606,230618_4-1-2.tif,"[5791.152526855469, 8709.207397460938, 49.297515869140625, 23.43798828125]",0.4775000512599945,1
13607,230618_4-1-2.tif,"[928.7174072265625, 5007.179351806641, 33.4847412109375, 11.9361572265625]",0.4772326350212097,1
13608,230618_4-1-2.tif,"[568.4632568359375, 3535.3053588867188, 30.033203125, 37.6746826171875]",0.47693365812301636,1
13609,230618_4-1-2.tif,"[1917.9730529785156, 1284.1418762207031, 35.78253173828125, 41.11090087890625]",0.47618573904037476,1
13610,230618_4-1-2.tif,"[2871.1970825195312, 4459.383483886719, 19.41717529296875, 28.3094482421875]",0.4755094647407532,1
13611,230618_4-1-2.tif,"[7955.066467285156, 443.799560546875, 30.150146484375, 23.5009765625]",0.47548365592956543,1
13612,230618_4-1-2.tif,"[1708.8014373779297, 620.0974502563477, 24.684783935546875, 49.58324432373047]",0.4751618504524231,1
13613,230618_4-1-2.tif,"[9172.616638183594, 8479.06640625, 35.637939453125, 20.001220703125]",0.4751109778881073,1
13614,230618_4-1-2.tif,"[2129.8360595703125, 2892.862274169922, 36.498291015625, 54.52313232421875]",0.47495758533477783,1
13615,230618_4-1-2.tif,"[181.58779907226562, 9154.055541992188, 39.574981689453125, 37.246826171875]",0.47450870275497437,1
13616,230618_4-1-2.tif,"[2191.2618713378906, 2874.742919921875, 39.901763916015625, 31.25439453125]",0.4737388789653778,1
13617,230618_4-1-2.tif,"[850.4515380859375, 6654.600860595703, 11.653564453125, 31.297088623046875]",0.4735229015350342,1
13618,230618_4-1-2.tif,"[2921.0339965820312, 7108.808288574219, 17.949462890625, 19.023681640625]",0.4733601212501526,1
13619,230618_4-1-2.tif,"[1092.53955078125, 2158.8138427734375, 24.325927734375, 40.54022216796875]",0.4728336036205292,1
13620,230618_4-1-2.tif,"[1231.5334167480469, 4025.2801513671875, 35.0008544921875, 41.1864013671875]",0.47265398502349854,1
13621,230618_4-1-2.tif,"[2045.565185546875, 2368.5494079589844, 21.372394561767578, 50.66375732421875]",0.47263726592063904,1
13622,230618_4-1-2.tif,"[5981.767608642578, 9308.996704101562, 22.04119873046875, 42.33824157714844]",0.4722910523414612,1
13623,230618_4-1-2.tif,"[8250.529777526855, 5848.6961669921875, 27.143508911132812, 34.3065185546875]",0.4719587564468384,1
13624,230618_4-1-2.tif,"[42.7205810546875, 3870.2347412109375, 35.86620330810547, 23.1832275390625]",0.47148752212524414,1
13625,230618_4-1-2.tif,"[1811.6016845703125, 6040.275054931641, 12.422119140625, 23.8397216796875]",0.4701554775238037,1
13626,230618_4-1-2.tif,"[3195.82763671875, 4058.1576538085938, 16.257659912109375, 31.7537841796875]",0.46994486451148987,1
13627,230618_4-1-2.tif,"[2743.371780395508, 769.26171875, 31.420623779296875, 48.92681884765625]",0.4699345529079437,1
13628,230618_4-1-2.tif,"[495.1065673828125, 4460.3682861328125, 35.839759826660156, 33.274383544921875]",0.46949246525764465,1
13629,230618_4-1-2.tif,"[5582.162902832031, 2066.6157150268555, 35.0657958984375, 32.80823516845703]",0.46920058131217957,1
13630,230618_4-1-2.tif,"[3818.3204345703125, 942.0433349609375, 43.35150146484375, 27.8232421875]",0.46891993284225464,1
13631,230618_4-1-2.tif,"[1505.6207885742188, 396.82452392578125, 22.755859375, 36.3587646484375]",0.4688621163368225,1
13632,230618_4-1-2.tif,"[1455.5662231445312, 9392.978424072266, 20.3968505859375, 20.16998291015625]",0.46860945224761963,1
13633,230618_4-1-2.tif,"[9105.43960571289, 7215.8170166015625, 40.62225341796875, 41.1260986328125]",0.4684735834598541,1
13634,230618_4-1-2.tif,"[1200.4468994140625, 3746.8451080322266, 30.02996826171875, 19.500274658203125]",0.46836790442466736,1
13635,230618_4-1-2.tif,"[3868.2377319335938, 5176.533203125, 30.880126953125, 61.0367431640625]",0.4683435559272766,1
13636,230618_4-1-2.tif,"[578.6486206054688, 3037.10498046875, 31.5638427734375, 39.8858642578125]",0.467853844165802,1
13637,230618_4-1-2.tif,"[6774.334320068359, 8317.391845703125, 17.003997802734375, 33.58015441894531]",0.4676610231399536,1
13638,230618_4-1-2.tif,"[1286.6273193359375, 4395.907409667969, 61.7794189453125, 26.184814453125]",0.46692466735839844,1
13639,230618_4-1-2.tif,"[1238.4980773925781, 1532.2609558105469, 33.13934326171875, 43.98382568359375]",0.46689853072166443,1
13640,230618_4-1-2.tif,"[100.18594360351562, 3964.1503295898438, 44.69354248046875, 25.1143798828125]",0.46620994806289673,1
13641,230618_4-1-2.tif,"[3965.6527709960938, 6842.071228027344, 21.14501953125, 41.118255615234375]",0.466023325920105,1
13642,230618_4-1-2.tif,"[6350.030364990234, 848.0170288085938, 28.2711181640625, 53.25]",0.46601253747940063,1
13643,230618_4-1-2.tif,"[874.6629638671875, 5802.3809814453125, 24.6434326171875, 35.1484375]",0.4657991826534271,1
13644,230618_4-1-2.tif,"[8016.208801269531, 1027.2706298828125, 25.637298583984375, 40.98309326171875]",0.4655386507511139,1
13645,230618_4-1-2.tif,"[750.4816589355469, 4451.454040527344, 19.0438232421875, 43.426025390625]",0.4654083847999573,1
13646,230618_4-1-2.tif,"[2161.911117553711, 3194.292304992676, 23.405593872070312, 49.99736785888672]",0.4653621017932892,1
13647,230618_4-1-2.tif,"[3659.502685546875, 9357.993850708008, 34.2354736328125, 35.520233154296875]",0.4650591313838959,1
13648,230618_4-1-2.tif,"[2812.2516174316406, 8051.490173339844, 17.3792724609375, 14.73114013671875]",0.4644385874271393,1
13649,230618_4-1-2.tif,"[6183.4051513671875, 7155.703186035156, 27.704673767089844, 35.00978088378906]",0.4641210734844208,1
13650,230618_4-1-2.tif,"[5579.581359863281, 2399.2820434570312, 20.2877197265625, 46.838623046875]",0.4634627401828766,1
13651,230618_4-1-2.tif,"[2664.7540283203125, 2278.5140991210938, 38.71656799316406, 37.1446533203125]",0.4634377956390381,1
13652,230618_4-1-2.tif,"[318.02923583984375, 3818.426300048828, 38.2987060546875, 45.18731689453125]",0.4633316397666931,1
13653,230618_4-1-2.tif,"[1016.0692138671875, 2221.9911499023438, 29.8433837890625, 44.3126220703125]",0.46301400661468506,1
13654,230618_4-1-2.tif,"[2807.6930236816406, 3155.504623413086, 24.013427734375, 40.305877685546875]",0.46248799562454224,1
13655,230618_4-1-2.tif,"[7285.098693847656, 4223.451995849609, 20.17547607421875, 36.002410888671875]",0.4623850882053375,1
13656,230618_4-1-2.tif,"[9257.464206695557, 9054.104797363281, 10.56283187866211, 18.38055419921875]",0.4616717994213104,1
13657,230618_4-1-2.tif,"[5759.529922485352, 1497.8692932128906, 34.22930908203125, 29.537109375]",0.46153295040130615,1
13658,230618_4-1-2.tif,"[9915.957397460938, 7680.414108276367, 38.557861328125, 37.900733947753906]",0.4611999988555908,1
13659,230618_4-1-2.tif,"[8391.272369384766, 2948.1405029296875, 31.513153076171875, 23.19830322265625]",0.46090731024742126,1
13660,230618_4-1-2.tif,"[2873.851806640625, 3277.645233154297, 19.2652587890625, 39.6484375]",0.4606021046638489,1
13661,230618_4-1-2.tif,"[2778.4463500976562, 4171.883277893066, 22.63592529296875, 46.435203552246094]",0.46057838201522827,1
13662,230618_4-1-2.tif,"[2331.72021484375, 1224.821273803711, 40.39404296875, 23.013885498046875]",0.460416704416275,1
13663,230618_4-1-2.tif,"[7085.157958984375, 4437.031311035156, 19.58447265625, 32.817138671875]",0.46030452847480774,1
13664,230618_4-1-2.tif,"[9491.896209716797, 8124.277038574219, 23.974365234375, 52.5975341796875]",0.4602872431278229,1
13665,230618_4-1-2.tif,"[7.008563995361328, 6058.7596435546875, 32.40623092651367, 32.856201171875]",0.4600678086280823,1
13666,230618_4-1-2.tif,"[9978.901977539062, 1738.5061492919922, 20.72998046875, 40.88182067871094]",0.4600294828414917,1
13667,230618_4-1-2.tif,"[497.85565185546875, 3424.205322265625, 33.396772384643555, 25.58837890625]",0.459457665681839,1
13668,230618_4-1-2.tif,"[2548.711669921875, 0.2579193115234375, 17.565673828125, 16.58722686767578]",0.4593648314476013,1
13669,230618_4-1-2.tif,"[85.58094787597656, 354.9256896972656, 27.915130615234375, 36.29901123046875]",0.4591714143753052,1
13670,230618_4-1-2.tif,"[3446.5792846679688, 1100.0616455078125, 29.56640625, 36.4140625]",0.4589111804962158,1
13671,230618_4-1-2.tif,"[6411.676055908203, 3801.206527709961, 38.2353515625, 20.3447265625]",0.45853373408317566,1
13672,230618_4-1-2.tif,"[3540.4450073242188, 3673.5420837402344, 20.544189453125, 47.884307861328125]",0.4582764804363251,1
13673,230618_4-1-2.tif,"[3332.942138671875, 1450.4392395019531, 26.80810546875, 47.18511962890625]",0.457261323928833,1
13674,230618_4-1-2.tif,"[2156.3595275878906, 3449.6268310546875, 31.66571044921875, 55.2908935546875]",0.45643186569213867,1
13675,230618_4-1-2.tif,"[850.2832641601562, 2347.0908203125, 29.43109130859375, 34.710693359375]",0.45619139075279236,1
13676,230618_4-1-2.tif,"[2644.886962890625, 2859.2342529296875, 16.54345703125, 28.49688720703125]",0.4560437798500061,1
13677,230618_4-1-2.tif,"[5222.850646972656, 9900.345764160156, 31.2235107421875, 24.2537841796875]",0.45576271414756775,1
13678,230618_4-1-2.tif,"[5968.800964355469, 2076.1149291992188, 12.6051025390625, 15.3350830078125]",0.45548099279403687,1
13679,230618_4-1-2.tif,"[8499.848449707031, 373.9056701660156, 16.221435546875, 28.41314697265625]",0.4551030695438385,1
13680,230618_4-1-2.tif,"[3736.1852111816406, 993.908447265625, 32.7640380859375, 29.0548095703125]",0.45467695593833923,1
13681,230618_4-1-2.tif,"[6443.957458496094, 258.0068359375, 25.5169677734375, 33.549072265625]",0.4542087912559509,1
13682,230618_4-1-2.tif,"[9581.510284423828, 7411.7083740234375, 17.46099853515625, 35.59100341796875]",0.4541870057582855,1
13683,230618_4-1-2.tif,"[1431.2335815429688, 3880.243682861328, 41.8868408203125, 40.20977783203125]",0.4535980224609375,1
13684,230618_4-1-2.tif,"[3419.1375122070312, 8022.564697265625, 18.7353515625, 33.132080078125]",0.4535714387893677,1
13685,230618_4-1-2.tif,"[1111.7975540161133, 1584.931884765625, 25.98187255859375, 47.0029296875]",0.4523942768573761,1
13686,230618_4-1-2.tif,"[3707.167236328125, 3238.9652709960938, 43.891387939453125, 29.074462890625]",0.4521411955356598,1
13687,230618_4-1-2.tif,"[7670.763610839844, 7828.563262939453, 24.2960205078125, 19.08099365234375]",0.45196881890296936,1
13688,230618_4-1-2.tif,"[2563.661859512329, 5716.166442871094, 20.599817276000977, 30.00335693359375]",0.45145756006240845,1
13689,230618_4-1-2.tif,"[913.5804138183594, 2599.649459838867, 34.024078369140625, 38.81517028808594]",0.45129790902137756,1
13690,230618_4-1-2.tif,"[3971.596923828125, 4466.169616699219, 12.552978515625, 29.0482177734375]",0.45089390873908997,1
13691,230618_4-1-2.tif,"[9374.327255249023, 962.1637573242188, 20.224136352539062, 26.487060546875]",0.4508301317691803,1
13692,230618_4-1-2.tif,"[713.3319091796875, 1809.7327270507812, 42.74249267578125, 34.92138671875]",0.44929543137550354,1
13693,230618_4-1-2.tif,"[2426.8165283203125, 8437.493133544922, 34.08984375, 14.13238525390625]",0.4492371082305908,1
13694,230618_4-1-2.tif,"[4079.0609130859375, 4987.395690917969, 25.061279296875, 43.6749267578125]",0.44903165102005005,1
13695,230618_4-1-2.tif,"[2878.4592895507812, 2221.6231079101562, 20.421142578125, 39.5244140625]",0.44867148995399475,1
13696,230618_4-1-2.tif,"[633.9897003173828, 556.3051605224609, 39.094085693359375, 34.09809875488281]",0.4482559561729431,1
13697,230618_4-1-2.tif,"[7182.611328125, 147.2417755126953, 22.400390625, 32.503326416015625]",0.4478643238544464,1
13698,230618_4-1-2.tif,"[1158.343765258789, 1534.7614440917969, 24.74444580078125, 42.759307861328125]",0.4471934139728546,1
13699,230618_4-1-2.tif,"[6495.060577392578, 558.0502319335938, 25.51971435546875, 25.8076171875]",0.4451645612716675,1
13700,230618_4-1-2.tif,"[5493.833557128906, 7889.1295166015625, 23.37713623046875, 49.97711181640625]",0.4451378285884857,1
13701,230618_4-1-2.tif,"[3977.1859130859375, 5044.474792480469, 25.833740234375, 46.830810546875]",0.4445784091949463,1
13702,230618_4-1-2.tif,"[210.88314819335938, 1592.4556884765625, 36.5877685546875, 39.317718505859375]",0.4444059133529663,1
13703,230618_4-1-2.tif,"[2028.7640380859375, 3217.541046142578, 42.7008056640625, 25.55218505859375]",0.444217324256897,1
13704,230618_4-1-2.tif,"[92.75227355957031, 6077.1009521484375, 19.309295654296875, 47.6578369140625]",0.44413694739341736,1
13705,230618_4-1-2.tif,"[8885.166854858398, 1382.6293640136719, 29.462646484375, 42.96929931640625]",0.4437689483165741,1
13706,230618_4-1-2.tif,"[3998.0614624023438, 6957.027069091797, 14.38739013671875, 18.95697021484375]",0.4436558783054352,1
13707,230618_4-1-2.tif,"[3282.5836791992188, 1186.1932830810547, 26.03082275390625, 43.711181640625]",0.4430909752845764,1
13708,230618_4-1-2.tif,"[2486.154052734375, 1958.6611328125, 28.7197265625, 31.138427734375]",0.44275835156440735,1
13709,230618_4-1-2.tif,"[2077.645462036133, 2851.03369140625, 32.561988830566406, 53.3382568359375]",0.44207191467285156,1
13710,230618_4-1-2.tif,"[4482.385009765625, 3146.9932250976562, 27.1690673828125, 29.27587890625]",0.4418851435184479,1
13711,230618_4-1-2.tif,"[7089.1724853515625, 5390.0382080078125, 16.30712890625, 43.4169921875]",0.441716730594635,1
13712,230618_4-1-2.tif,"[8343.884048461914, 7140.002685546875, 31.383056640625, 23.76806640625]",0.4413129985332489,1
13713,230618_4-1-2.tif,"[7205.0037841796875, 7475.503570556641, 19.873672485351562, 33.087677001953125]",0.44099459052085876,1
13714,230618_4-1-2.tif,"[7669.707580566406, 4030.2303161621094, 46.439571380615234, 35.689453125]",0.4403322637081146,1
13715,230618_4-1-2.tif,"[2560.0, 4270.527130126953, 18.16950035095215, 34.24127197265625]",0.44029566645622253,1
13716,230618_4-1-2.tif,"[757.0905151367188, 5120.162880897522, 37.53839111328125, 5.876887321472168]",0.4396028518676758,1
13717,230618_4-1-2.tif,"[588.4445419311523, 5713.673355102539, 29.935302734375, 39.87071228027344]",0.4391306936740875,1
13718,230618_4-1-2.tif,"[7286.813812255859, 1146.9286727905273, 22.95843505859375, 24.47742462158203]",0.4388817250728607,1
13719,230618_4-1-2.tif,"[2384.162567138672, 3468.7266235351562, 22.8822021484375, 54.62353515625]",0.4383075535297394,1
13720,230618_4-1-2.tif,"[3778.9971313476562, 5202.055206298828, 27.6451416015625, 46.4197998046875]",0.4382106065750122,1
13721,230618_4-1-2.tif,"[960.1221923828125, 2753.8550720214844, 18.344482421875, 39.3470458984375]",0.4380623400211334,1
13722,230618_4-1-2.tif,"[2392.1034545898438, 2458.1575317382812, 23.2808837890625, 43.3736572265625]",0.4364013075828552,1
13723,230618_4-1-2.tif,"[7168.356979370117, 1701.8137512207031, 12.757790565490723, 31.39044189453125]",0.43621644377708435,1
13724,230618_4-1-2.tif,"[8353.568405151367, 6333.075958251953, 14.450531005859375, 33.38983154296875]",0.436034232378006,1
13725,230618_4-1-2.tif,"[7910.600250244141, 7217.614501953125, 16.388946533203125, 28.777908325195312]",0.4338759481906891,1
13726,230618_4-1-2.tif,"[3143.456344604492, 1760.0988464355469, 23.95849609375, 45.041778564453125]",0.43369191884994507,1
13727,230618_4-1-2.tif,"[2531.0220336914062, 1006.4058227539062, 39.61700439453125, 22.654296875]",0.4336532652378082,1
13728,230618_4-1-2.tif,"[4042.916961669922, 5249.316070556641, 26.02789306640625, 33.01361083984375]",0.4336321949958801,1
13729,230618_4-1-2.tif,"[9956.008544921875, 9102.337890625, 20.660400390625, 51.76690673828125]",0.4332149922847748,1
13730,230618_4-1-2.tif,"[1204.5577087402344, 3036.7654418945312, 26.325531005859375, 54.04217529296875]",0.43292421102523804,1
13731,230618_4-1-2.tif,"[1318.0263366699219, 1904.4901428222656, 52.31878662109375, 38.0152587890625]",0.43249377608299255,1
13732,230618_4-1-2.tif,"[4692.27294921875, 6649.27392578125, 19.248779296875, 17.87921142578125]",0.43240460753440857,1
13733,230618_4-1-2.tif,"[6984.224365234375, 4675.617919921875, 27.193603515625, 30.591384887695312]",0.43215110898017883,1
13734,230618_4-1-2.tif,"[4349.986831665039, 7456.748962402344, 25.757919311523438, 32.8253173828125]",0.43168070912361145,1
13735,230618_4-1-2.tif,"[868.81640625, 6532.8035888671875, 20.7457275390625, 12.377685546875]",0.4303266704082489,1
13736,230618_4-1-2.tif,"[6217.115829467773, 831.2456970214844, 30.1136474609375, 52.49615478515625]",0.43024882674217224,1
13737,230618_4-1-2.tif,"[6028.150390625, 7591.417419433594, 36.39483642578125, 14.60699462890625]",0.4295772612094879,1
13738,230618_4-1-2.tif,"[9704.447570800781, 9007.869323730469, 21.27691650390625, 47.092041015625]",0.42950019240379333,1
13739,230618_4-1-2.tif,"[4367.757354736328, 5295.498886108398, 34.4190673828125, 32.048828125]",0.42915040254592896,1
13740,230618_4-1-2.tif,"[6997.544464111328, 5075.063720703125, 16.007080078125, 24.17132568359375]",0.4285302460193634,1
13741,230618_4-1-2.tif,"[6901.512069702148, 2294.659210205078, 31.658706665039062, 46.91680908203125]",0.4284462332725525,1
13742,230618_4-1-2.tif,"[1039.819725036621, 4846.250671386719, 48.937355041503906, 34.6507568359375]",0.4281054437160492,1
13743,230618_4-1-2.tif,"[2323.0126342773438, 3105.1953125, 23.2926025390625, 43.97119140625]",0.42699557542800903,1
13744,230618_4-1-2.tif,"[1813.529052734375, 5285.359771728516, 17.470947265625, 25.90997314453125]",0.42677271366119385,1
13745,230618_4-1-2.tif,"[6068.90869140625, 8961.405395507812, 27.6365966796875, 17.69580078125]",0.42652496695518494,1
13746,230618_4-1-2.tif,"[8226.594360351562, 3968.7261657714844, 30.501190185546875, 44.94921875]",0.42642417550086975,1
13747,230618_4-1-2.tif,"[2001.620361328125, 107.91127014160156, 33.37451171875, 43.7042236328125]",0.4263417422771454,1
13748,230618_4-1-2.tif,"[8417.492416381836, 7037.135070800781, 13.470306396484375, 18.3092041015625]",0.4259350299835205,1
13749,230618_4-1-2.tif,"[7963.845916748047, 6402.4718017578125, 34.66363525390625, 20.32098388671875]",0.4258539080619812,1
13750,230618_4-1-2.tif,"[2925.35009765625, 784.2218933105469, 25.3123779296875, 45.22833251953125]",0.4254661500453949,1
13751,230618_4-1-2.tif,"[6072.527404785156, 3844.4758911132812, 34.9095458984375, 27.177734375]",0.42544201016426086,1
13752,230618_4-1-2.tif,"[6943.425323486328, 3717.4620208740234, 37.256591796875, 36.69757080078125]",0.4250592887401581,1
13753,230618_4-1-2.tif,"[133.93014526367188, 7020.201354980469, 45.213165283203125, 17.788818359375]",0.4237510561943054,1
13754,230618_4-1-2.tif,"[2840.4434509277344, 2108.4056854248047, 40.2271728515625, 45.88459777832031]",0.4234698712825775,1
13755,230618_4-1-2.tif,"[2925.670867919922, 404.0648193359375, 46.95025634765625, 33.7305908203125]",0.42320239543914795,1
13756,230618_4-1-2.tif,"[8790.326263427734, 845.2627563476562, 24.6783447265625, 24.7020263671875]",0.42299872636795044,1
13757,230618_4-1-2.tif,"[241.24630737304688, 4266.886932373047, 29.15142822265625, 47.48028564453125]",0.42131710052490234,1
13758,230618_4-1-2.tif,"[8192.089124679565, 6997.700256347656, 25.128984451293945, 25.705078125]",0.4212060272693634,1
13759,230618_4-1-2.tif,"[1888.7124633789062, 1416.3265380859375, 27.8843994140625, 37.72991943359375]",0.4212014377117157,1
13760,230618_4-1-2.tif,"[9941.01123046875, 2.663623809814453, 33.780029296875, 25.87993049621582]",0.42116838693618774,1
13761,230618_4-1-2.tif,"[1087.5233840942383, 1642.2691268920898, 34.64601135253906, 43.52588653564453]",0.42099472880363464,1
13762,230618_4-1-2.tif,"[309.548095703125, 1737.5557250976562, 25.968017578125, 36.89581298828125]",0.42037245631217957,1
13763,230618_4-1-2.tif,"[3884.0951538085938, 5428.204040527344, 31.2567138671875, 45.95428466796875]",0.42018815875053406,1
13764,230618_4-1-2.tif,"[5954.649719238281, 4483.563293457031, 27.9329833984375, 25.33837890625]",0.4195706248283386,1
13765,230618_4-1-2.tif,"[7277.046630859375, 1476.0797729492188, 18.5390625, 21.9613037109375]",0.41905468702316284,1
13766,230618_4-1-2.tif,"[7066.829284667969, 1.6731891632080078, 39.3482666015625, 21.975635528564453]",0.41892048716545105,1
13767,230618_4-1-2.tif,"[6975.9735107421875, 724.4040222167969, 32.776123046875, 22.643798828125]",0.41857993602752686,1
13768,230618_4-1-2.tif,"[3510.2392578125, 714.365966796875, 42.4927978515625, 35.429443359375]",0.4182911515235901,1
13769,230618_4-1-2.tif,"[7084.507019042969, 3020.5927734375, 31.9068603515625, 27.675048828125]",0.4182789623737335,1
13770,230618_4-1-2.tif,"[8213.71688079834, 2108.9164848327637, 24.719398498535156, 20.782611846923828]",0.41728031635284424,1
13771,230618_4-1-2.tif,"[51.229244232177734, 2179.2565155029297, 27.955387115478516, 23.716796875]",0.4171734154224396,1
13772,230618_4-1-2.tif,"[706.7620086669922, 314.7154541015625, 29.794952392578125, 36.49755859375]",0.4171701669692993,1
13773,230618_4-1-2.tif,"[4576.62646484375, 1754.94384765625, 22.7738037109375, 23.30316162109375]",0.41653284430503845,1
13774,230618_4-1-2.tif,"[659.4049072265625, 4921.7274169921875, 18.98529052734375, 13.83929443359375]",0.4164861738681793,1
13775,230618_4-1-2.tif,"[3449.2014770507812, 4855.440078735352, 35.746826171875, 26.283309936523438]",0.41640704870224,1
13776,230618_4-1-2.tif,"[713.1668853759766, 9758.622375488281, 31.523086547851562, 22.70819091796875]",0.41510501503944397,1
13777,230618_4-1-2.tif,"[713.5072326660156, 8064.384216308594, 45.69000244140625, 18.83624267578125]",0.41505512595176697,1
13778,230618_4-1-2.tif,"[9557.313415527344, 7717.6973876953125, 23.7196044921875, 40.542724609375]",0.41480088233947754,1
13779,230618_4-1-2.tif,"[6455.228759765625, 6146.715854644775, 20.5875244140625, 29.93056869506836]",0.41422033309936523,1
13780,230618_4-1-2.tif,"[5960.558044433594, 5800.704376220703, 35.79998779296875, 31.151962280273438]",0.4141112267971039,1
13781,230618_4-1-2.tif,"[4985.773620605469, 5834.955780029297, 32.0562744140625, 29.02978515625]",0.4123828113079071,1
13782,230618_4-1-2.tif,"[7339.228302001953, 6414.8515625, 25.793182373046875, 25.023193359375]",0.41233280301094055,1
13783,230618_4-1-2.tif,"[7816.113006591797, 52.08827209472656, 18.71484375, 21.17681121826172]",0.4119323194026947,1
13784,230618_4-1-2.tif,"[9614.500213623047, 8993.649993896484, 42.79046630859375, 34.951416015625]",0.41097161173820496,1
13785,230618_4-1-2.tif,"[4924.013488769531, 3414.5029907226562, 27.6156005859375, 29.4493408203125]",0.40905386209487915,1
13786,230618_4-1-2.tif,"[6822.965484619141, 4516.9700927734375, 18.85003662109375, 47.448974609375]",0.4079374074935913,1
13787,230618_4-1-2.tif,"[9378.446506500244, 100.06886291503906, 16.91878890991211, 18.646560668945312]",0.4073161780834198,1
13788,230618_4-1-2.tif,"[3633.8417358398438, 7958.147308349609, 25.948699951171875, 19.934967041015625]",0.4071004390716553,1
13789,230618_4-1-2.tif,"[4155.801574707031, 5478.300598144531, 29.3519287109375, 42.096435546875]",0.4064686894416809,1
13790,230618_4-1-2.tif,"[919.5301513671875, 6593.023620605469, 20.6092529296875, 45.9588623046875]",0.4062926173210144,1
13791,230618_4-1-2.tif,"[65.58853149414062, 4461.225769042969, 13.736572265625, 46.99755859375]",0.4062897264957428,1
13792,230618_4-1-2.tif,"[2199.3035583496094, 1447.67626953125, 24.02142333984375, 42.282470703125]",0.4056134521961212,1
13793,230618_4-1-2.tif,"[39.55320739746094, 4582.908996582031, 31.075271606445312, 19.4747314453125]",0.4055681526660919,1
13794,230618_4-1-2.tif,"[8771.423889160156, 7967.813415527344, 21.2353515625, 28.52001953125]",0.40537482500076294,1
13795,230618_4-1-2.tif,"[8661.761535644531, 9634.526611328125, 20.2344970703125, 19.4029541015625]",0.40490758419036865,1
13796,230618_4-1-2.tif,"[2253.236083984375, 2782.337615966797, 39.0560302734375, 20.434844970703125]",0.404427170753479,1
13797,230618_4-1-2.tif,"[4366.7470703125, 9187.14208984375, 36.68902587890625, 25.0037841796875]",0.4042324721813202,1
13798,230618_4-1-2.tif,"[9287.398254394531, 4526.320495605469, 12.86236572265625, 17.721435546875]",0.4042242169380188,1
13799,230618_4-1-2.tif,"[6971.394683837891, 5773.163970947266, 23.4647216796875, 24.51165771484375]",0.40404003858566284,1
13800,230618_4-1-2.tif,"[3778.6376953125, 7572.095397949219, 30.80413818359375, 41.4649658203125]",0.402694433927536,1
13801,230618_4-1-2.tif,"[5073.5804443359375, 4565.142120361328, 21.550048828125, 32.04498291015625]",0.40232837200164795,1
13802,230618_4-1-2.tif,"[7804.017379760742, 3155.070556640625, 36.20243835449219, 17.158203125]",0.4022713601589203,1
13803,230618_4-1-2.tif,"[7793.239334106445, 3452.0491333007812, 25.39971923828125, 27.193603515625]",0.4019681513309479,1
13804,230618_4-1-2.tif,"[484.68743896484375, 662.7561798095703, 26.0455322265625, 32.9344482421875]",0.401836097240448,1
13805,230618_4-1-2.tif,"[5809.873809814453, 1743.277587890625, 19.781158447265625, 40.5062255859375]",0.3997150957584381,1
13806,230618_4-1-2.tif,"[9430.90640258789, 407.4699401855469, 17.508148193359375, 29.25006103515625]",0.39953842759132385,1
13807,230618_4-1-2.tif,"[5472.3212890625, 8621.34912109375, 37.90228271484375, 29.929931640625]",0.3990330994129181,1
13808,230618_4-1-2.tif,"[3072.3148670196533, 6249.748962402344, 21.732885360717773, 20.5914306640625]",0.3988117575645447,1
13809,230618_4-1-2.tif,"[4485.769958496094, 7190.1422119140625, 44.655029296875, 26.4146728515625]",0.39869174361228943,1
13810,230618_4-1-2.tif,"[7226.345550537109, 6140.527984619141, 29.546600341796875, 20.328338623046875]",0.3984960615634918,1
13811,230618_4-1-2.tif,"[6635.5736083984375, 2305.5387573242188, 40.8834228515625, 19.617919921875]",0.3983778953552246,1
13812,230618_4-1-2.tif,"[8973.070373535156, 4753.333770751953, 11.5390625, 23.6171875]",0.39831456542015076,1
13813,230618_4-1-2.tif,"[8832.926895141602, 1656.180419921875, 27.356765747070312, 40.935028076171875]",0.3974747657775879,1
13814,230618_4-1-2.tif,"[6302.192779541016, 1760.2174377441406, 17.57977294921875, 16.3358154296875]",0.39683350920677185,1
13815,230618_4-1-2.tif,"[4625.3094482421875, 5414.887451171875, 24.909912109375, 42.9166259765625]",0.39617082476615906,1
13816,230618_4-1-2.tif,"[5095.2496337890625, 5374.852462768555, 27.9146728515625, 48.73158264160156]",0.39587268233299255,1
13817,230618_4-1-2.tif,"[4168.701599121094, 5800.537033081055, 30.478515625, 49.1270751953125]",0.3955957293510437,1
13818,230618_4-1-2.tif,"[142.34548950195312, 6852.639587402344, 27.056243896484375, 45.67730712890625]",0.39533865451812744,1
13819,230618_4-1-2.tif,"[8127.4554443359375, 5687.987548828125, 36.62823486328125, 35.957763671875]",0.39487820863723755,1
13820,230618_4-1-2.tif,"[2236.4364318847656, 2863.5751953125, 22.392059326171875, 45.47113037109375]",0.39431461691856384,1
13821,230618_4-1-2.tif,"[57.654136657714844, 7640.594787597656, 23.214157104492188, 45.306396484375]",0.3943095803260803,1
13822,230618_4-1-2.tif,"[7801.3719482421875, 3979.486328125, 6.59130859375, 32.759765625]",0.39379963278770447,1
13823,230618_4-1-2.tif,"[2291.664825439453, 644.0162200927734, 23.127410888671875, 34.95941162109375]",0.3931158185005188,1
13824,230618_4-1-2.tif,"[925.5140380859375, 641.1930541992188, 47.2227783203125, 36.62005615234375]",0.39239367842674255,1
13825,230618_4-1-2.tif,"[2994.4408264160156, 82.5595703125, 30.29327392578125, 28.808441162109375]",0.39214619994163513,1
13826,230618_4-1-2.tif,"[9825.44189453125, 1822.6791381835938, 28.935302734375, 20.1793212890625]",0.39105045795440674,1
13827,230618_4-1-2.tif,"[6165.980224609375, 6540.466644287109, 23.015869140625, 17.50311279296875]",0.3888240456581116,1
13828,230618_4-1-2.tif,"[3272.2577209472656, 1674.4661254882812, 33.1357421875, 44.804779052734375]",0.38861215114593506,1
13829,230618_4-1-2.tif,"[995.7943725585938, 4648.399124145508, 26.792633056640625, 56.62907409667969]",0.3879198133945465,1
13830,230618_4-1-2.tif,"[2690.0694122314453, 374.77679443359375, 17.977996826171875, 26.2252197265625]",0.3878621459007263,1
13831,230618_4-1-2.tif,"[4022.783935546875, 5004.006103515625, 33.792236328125, 34.609619140625]",0.38757985830307007,1
13832,230618_4-1-2.tif,"[454.4305114746094, 5903.234100341797, 36.33917236328125, 44.5225830078125]",0.3875284790992737,1
13833,230618_4-1-2.tif,"[6172.5828857421875, 5884.75048828125, 24.971080780029297, 21.06982421875]",0.38711240887641907,1
13834,230618_4-1-2.tif,"[2914.3436279296875, 6287.877380371094, 31.78314208984375, 18.515625]",0.38682177662849426,1
13835,230618_4-1-2.tif,"[7072.1968994140625, 3544.9737548828125, 20.9022216796875, 39.78668212890625]",0.38648900389671326,1
13836,230618_4-1-2.tif,"[331.5266418457031, 4961.836761474609, 23.60931396484375, 30.9000244140625]",0.3860134482383728,1
13837,230618_4-1-2.tif,"[1207.1201171875, 871.0326538085938, 33.61846923828125, 31.3482666015625]",0.3853969871997833,1
13838,230618_4-1-2.tif,"[989.5394287109375, 9048.723449707031, 27.19256591796875, 42.949951171875]",0.3852004110813141,1
13839,230618_4-1-2.tif,"[9957.484436035156, 2490.648712158203, 22.04498291015625, 51.012725830078125]",0.3843449056148529,1
13840,230618_4-1-2.tif,"[4608.214275360107, 5153.9140625, 11.005376815795898, 15.69970703125]",0.3823336362838745,1
13841,230618_4-1-2.tif,"[2544.7479858398438, 2746.5655517578125, 21.40642023086548, 48.51446533203125]",0.38220641016960144,1
13842,230618_4-1-2.tif,"[6262.2801513671875, 62.47718811035156, 9.695556640625, 37.0543212890625]",0.38202592730522156,1
13843,230618_4-1-2.tif,"[8108.133361816406, 7543.238098144531, 18.38818359375, 38.6197509765625]",0.38043612241744995,1
13844,230618_4-1-2.tif,"[1653.7405700683594, 0.0, 34.89703369140625, 20.83818817138672]",0.37998223304748535,1
13845,230618_4-1-2.tif,"[9916.263671875, 3219.4520568847656, 25.1842041015625, 15.43939208984375]",0.37879249453544617,1
13846,230618_4-1-2.tif,"[5993.376708984375, 8640.367492675781, 23.38702392578125, 50.5245361328125]",0.37806278467178345,1
13847,230618_4-1-2.tif,"[5829.390563964844, 6656.209724903107, 17.18316650390625, 6.425381660461426]",0.3779889941215515,1
13848,230618_4-1-2.tif,"[8737.211303710938, 6873.178039550781, 30.419189453125, 20.745941162109375]",0.3776678740978241,1
13849,230618_4-1-2.tif,"[1460.9281616210938, 278.65838623046875, 37.701904296875, 40.208740234375]",0.37721991539001465,1
13850,230618_4-1-2.tif,"[807.8512573242188, 7354.993835449219, 28.413818359375, 16.37677001953125]",0.3772008717060089,1
13851,230618_4-1-2.tif,"[3072.8902587890625, 6690.9720458984375, 18.82861328125, 41.6258544921875]",0.37663766741752625,1
13852,230618_4-1-2.tif,"[9988.998657226562, 8295.080368041992, 10.8941650390625, 48.243438720703125]",0.37621256709098816,1
13853,230618_4-1-2.tif,"[2058.5010986328125, 7287.4208984375, 27.370559692382812, 8.552734375]",0.3752656877040863,1
13854,230618_4-1-2.tif,"[8084.8682861328125, 6958.794616699219, 33.1727294921875, 18.6414794921875]",0.37436607480049133,1
13855,230618_4-1-2.tif,"[7041.5145263671875, 8012.314361572266, 11.516845703125, 23.97845458984375]",0.37436074018478394,1
13856,230618_4-1-2.tif,"[888.1027221679688, 6174.871170043945, 28.8109130859375, 13.106735229492188]",0.3738691508769989,1
13857,230618_4-1-2.tif,"[5283.367919921875, 6511.644470214844, 36.30474853515625, 19.407958984375]",0.37309592962265015,1
13858,230618_4-1-2.tif,"[6659.67578125, 2100.5673828125, 26.5859375, 44.742591857910156]",0.37242162227630615,1
13859,230618_4-1-2.tif,"[4427.941802978516, 5161.7872314453125, 41.40618896484375, 33.557373046875]",0.37232285737991333,1
13860,230618_4-1-2.tif,"[1905.0373229980469, 4741.763092041016, 11.255126953125, 22.0823974609375]",0.37194207310676575,1
13861,230618_4-1-2.tif,"[3342.287841796875, 631.6068420410156, 48.8140869140625, 27.835357666015625]",0.37166404724121094,1
13862,230618_4-1-2.tif,"[1917.851806640625, 802.5772094726562, 30.2266845703125, 51.12261962890625]",0.3710121810436249,1
13863,230618_4-1-2.tif,"[2319.8034057617188, 2775.6939697265625, 25.7161865234375, 25.94683837890625]",0.37071940302848816,1
13864,230618_4-1-2.tif,"[5239.87451171875, 8634.269165039062, 8.081787109375, 15.91790771484375]",0.3703007400035858,1
13865,230618_4-1-2.tif,"[72.66239929199219, 2351.1831665039062, 14.460540771484375, 38.9068603515625]",0.3702618479728699,1
13866,230618_4-1-2.tif,"[4794.467681884766, 8662.822387695312, 26.76776123046875, 37.5938720703125]",0.37025517225265503,1
13867,230618_4-1-2.tif,"[1291.8412475585938, 2437.0269470214844, 29.867431640625, 41.68572998046875]",0.3690243661403656,1
13868,230618_4-1-2.tif,"[6792.008270263672, 941.7509460449219, 41.6844482421875, 17.190185546875]",0.36701500415802,1
13869,230618_4-1-2.tif,"[1260.4888000488281, 810.4071044921875, 35.3753662109375, 37.6251220703125]",0.3665623068809509,1
13870,230618_4-1-2.tif,"[1364.8788452148438, 6260.983154296875, 40.90032958984375, 10.898193359375]",0.36607789993286133,1
13871,230618_4-1-2.tif,"[2992.8126831054688, 7213.232330322266, 38.3629150390625, 25.626007080078125]",0.3655235767364502,1
13872,230618_4-1-2.tif,"[3917.1561279296875, 9630.206298828125, 25.6861572265625, 39.014862060546875]",0.36530518531799316,1
13873,230618_4-1-2.tif,"[5876.627456665039, 4340.152618408203, 39.27403259277344, 23.20880126953125]",0.36419767141342163,1
13874,230618_4-1-2.tif,"[711.7637329101562, 4958.42236328125, 37.19635009765625, 41.9310302734375]",0.36392322182655334,1
13875,230618_4-1-2.tif,"[6504.580627441406, 9793.929016113281, 23.7392578125, 46.3817138671875]",0.36376428604125977,1
13876,230618_4-1-2.tif,"[7947.328674316406, 889.6766052246094, 22.937255859375, 32.4925537109375]",0.3621940314769745,1
13877,230618_4-1-2.tif,"[6526.508148193359, 7743.506103515625, 38.617462158203125, 16.828941345214844]",0.36112678050994873,1
13878,230618_4-1-2.tif,"[638.6465759277344, 3773.244384765625, 35.548431396484375, 31.414306640625]",0.3593756854534149,1
13879,230618_4-1-2.tif,"[2221.982879638672, 1862.9666748046875, 21.85986328125, 34.984619140625]",0.3593578636646271,1
13880,230618_4-1-2.tif,"[5237.439453125, 5610.768371582031, 10.4490966796875, 50.3809814453125]",0.3573354482650757,1
13881,230618_4-1-2.tif,"[7188.200439453125, 587.6493835449219, 31.3863525390625, 33.671356201171875]",0.3572266101837158,1
13882,230618_4-1-2.tif,"[7597.5721435546875, 4815.470275878906, 28.7811279296875, 14.322509765625]",0.35533982515335083,1
13883,230618_4-1-2.tif,"[194.03631591796875, 562.576416015625, 19.544189453125, 41.07763671875]",0.3544917702674866,1
13884,230618_4-1-2.tif,"[396.35418701171875, 3228.1294555664062, 20.001953125, 35.21893310546875]",0.3543265759944916,1
13885,230618_4-1-2.tif,"[3535.0924682617188, 1509.816162109375, 25.44635009765625, 53.6204833984375]",0.3537645637989044,1
13886,230618_4-1-2.tif,"[9313.376861572266, 9314.946044921875, 20.928436279296875, 27.037109375]",0.3503507077693939,1
13887,230618_4-1-2.tif,"[517.5705413818359, 6599.7872314453125, 27.879776000976562, 20.613037109375]",0.349974125623703,1
13888,230618_4-1-2.tif,"[9743.020538330078, 8103.004943847656, 35.83660888671875, 20.9775390625]",0.34983375668525696,1
13889,230618_4-1-2.tif,"[774.6935424804688, 3775.311782836914, 35.8260498046875, 18.610595703125]",0.34879523515701294,1
13890,230618_4-1-2.tif,"[470.501708984375, 5803.070709228516, 49.1466064453125, 18.17236328125]",0.34791800379753113,1
13891,230618_4-1-2.tif,"[4244.811935424805, 2797.8072204589844, 39.22796630859375, 18.36083984375]",0.34661734104156494,1
13892,230618_4-1-2.tif,"[7176.68221950531, 1807.8443908691406, 24.59834384918213, 23.49749755859375]",0.34583696722984314,1
13893,230618_4-1-2.tif,"[6097.251953125, 1043.4857177734375, 40.52685546875, 22.069419860839844]",0.34543362259864807,1
13894,230618_4-1-2.tif,"[4902.843902587891, 4731.22038269043, 31.97540283203125, 17.656341552734375]",0.3450431823730469,1
13895,230618_4-1-2.tif,"[8112.5477294921875, 6390.7547607421875, 37.3953857421875, 20.26220703125]",0.3442520201206207,1
13896,230618_4-1-2.tif,"[8024.43115234375, 8460.33056640625, 17.07769775390625, 18.61474609375]",0.34418541193008423,1
13897,230618_4-1-2.tif,"[7527.251068115234, 1935.7694091796875, 29.1756591796875, 22.8258056640625]",0.3440806567668915,1
13898,230618_4-1-2.tif,"[7272.157814025879, 4281.246032714844, 23.133201599121094, 38.53309631347656]",0.34322842955589294,1
13899,230618_4-1-2.tif,"[975.8155212402344, 5363.16162109375, 36.91864013671875, 25.021087646484375]",0.3428705632686615,1
13900,230618_4-1-2.tif,"[1458.1745910644531, 6727.003379821777, 14.52117919921875, 28.318710327148438]",0.3427128791809082,1
13901,230618_4-1-2.tif,"[3501.614715576172, 9815.945861816406, 12.664794921875, 20.07415771484375]",0.34198734164237976,1
13902,230618_4-1-2.tif,"[1536.3643989562988, 7495.947326660156, 17.084300994873047, 35.0078125]",0.34197285771369934,1
13903,230618_4-1-2.tif,"[5232.429626464844, 5654.077375411987, 15.2911376953125, 25.203264236450195]",0.34115055203437805,1
13904,230618_4-1-2.tif,"[1296.8963012695312, 2148.322509765625, 21.5750732421875, 26.692626953125]",0.3409912884235382,1
13905,230618_4-1-2.tif,"[6432.276092529297, 4583.297607421875, 32.2911376953125, 16.5440673828125]",0.34012678265571594,1
13906,230618_4-1-2.tif,"[8273.188415527344, 8529.240844726562, 15.873443603515625, 13.683837890625]",0.3400045931339264,1
13907,230618_4-1-2.tif,"[6485.999938964844, 9260.124877929688, 37.3258056640625, 32.87744140625]",0.33979958295822144,1
13908,230618_4-1-2.tif,"[4568.780212402344, 9346.360931396484, 33.176025390625, 21.48028564453125]",0.3393964469432831,1
13909,230618_4-1-2.tif,"[8711.523292541504, 408.3910217285156, 25.776695251464844, 14.88800048828125]",0.33928215503692627,1
13910,230618_4-1-2.tif,"[7658.839294433594, 1207.0522155761719, 43.7664794921875, 35.975433349609375]",0.33925682306289673,1
13911,230618_4-1-2.tif,"[9383.806503295898, 8266.469612121582, 25.89031982421875, 36.439697265625]",0.33925050497055054,1
13912,230618_4-1-2.tif,"[6721.866943359375, 8551.25521850586, 25.963134765625, 21.8607177734375]",0.3388364613056183,1
13913,230618_4-1-2.tif,"[3468.7332153320312, 6385.169921875, 15.17193603515625, 25.96258544921875]",0.3387949764728546,1
13914,230618_4-1-2.tif,"[8490.436065673828, 7289.94970703125, 18.6531982421875, 5.9267578125]",0.3383411765098572,1
13915,230618_4-1-2.tif,"[4405.861114501953, 8548.389251708984, 18.86871337890625, 47.4085693359375]",0.33795270323753357,1
13916,230618_4-1-2.tif,"[2666.000991821289, 1903.7842407226562, 30.1353759765625, 38.57257080078125]",0.33262428641319275,1
13917,230618_4-1-2.tif,"[889.70947265625, 6700.002685546875, 43.81854248046875, 20.5189208984375]",0.3325594961643219,1
13918,230618_4-1-2.tif,"[3857.3445739746094, 5019.100769042969, 26.7923583984375, 46.2550048828125]",0.33158859610557556,1
13919,230618_4-1-2.tif,"[4404.358459472656, 3199.75301361084, 30.9366455078125, 20.08747100830078]",0.33108699321746826,1
13920,230618_4-1-2.tif,"[5502.7811279296875, 4237.647567749023, 33.53485107421875, 29.85400390625]",0.3304823935031891,1
13921,230618_4-1-2.tif,"[4154.4112548828125, 9062.306945800781, 19.397705078125, 27.6705322265625]",0.329899400472641,1
13922,230618_4-1-2.tif,"[2513.8655700683594, 3907.4866943359375, 18.82781982421875, 18.8026123046875]",0.32955363392829895,1
13923,230618_4-1-2.tif,"[959.5934448242188, 1457.9239501953125, 24.5850830078125, 23.14361572265625]",0.3288149833679199,1
13924,230618_4-1-2.tif,"[5866.831085205078, 2149.5191040039062, 28.09808349609375, 25.9105224609375]",0.32767796516418457,1
13925,230618_4-1-2.tif,"[5962.7364501953125, 7633.2596435546875, 17.4666748046875, 18.2774658203125]",0.32679519057273865,1
13926,230618_4-1-2.tif,"[3460.953826904297, 1140.8483657836914, 17.167236328125, 24.12779998779297]",0.32611337304115295,1
13927,230618_4-1-2.tif,"[9823.012084960938, 9086.586883544922, 31.369384765625, 17.802734375]",0.32574233412742615,1
13928,230618_4-1-2.tif,"[8601.161071777344, 7781.6419677734375, 19.35211181640625, 18.003646850585938]",0.32438692450523376,1
13929,230618_4-1-2.tif,"[419.9696044921875, 7018.5836181640625, 17.1868896484375, 22.19207763671875]",0.32435575127601624,1
13930,230618_4-1-2.tif,"[3975.0322875976562, 3444.2811889648438, 19.4644775390625, 16.1131591796875]",0.324076384305954,1
13931,230618_4-1-2.tif,"[1298.6602783203125, 3909.3076782226562, 43.0562744140625, 48.220703125]",0.32299646735191345,1
13932,230618_4-1-2.tif,"[4269.086608886719, 5951.8447265625, 27.18951416015625, 35.71697998046875]",0.32299375534057617,1
13933,230618_4-1-2.tif,"[987.1404418945312, 1475.3350219726562, 31.85888671875, 44.2474365234375]",0.3221385180950165,1
13934,230618_4-1-2.tif,"[3860.0232543945312, 2033.5869750976562, 25.860107421875, 19.616880416870117]",0.3203485310077667,1
13935,230618_4-1-2.tif,"[9817.556762695312, 2586.324249267578, 37.0322265625, 30.18952178955078]",0.3187292218208313,1
13936,230618_4-1-2.tif,"[9688.547180175781, 9503.343139648438, 27.6741943359375, 34.4913330078125]",0.31798669695854187,1
13937,230618_4-1-2.tif,"[491.33343505859375, 6656.155086517334, 29.752685546875, 8.534263610839844]",0.31790927052497864,1
13938,230618_4-1-2.tif,"[6443.244812011719, 7355.352447509766, 31.92724609375, 28.29119873046875]",0.31786540150642395,1
13939,230618_4-1-2.tif,"[2920.64697265625, 2383.5038452148438, 24.2054443359375, 28.549560546875]",0.3178173303604126,1
13940,230618_4-1-2.tif,"[0.17177772521972656, 7061.272644042969, 8.679534912109375, 21.1607666015625]",0.3174341320991516,1
13941,230618_4-1-2.tif,"[3993.2621459960938, 5865.459686279297, 18.2529296875, 29.99969482421875]",0.3170350193977356,1
13942,230618_4-1-2.tif,"[9984.838928222656, 9948.017700195312, 14.60595703125, 19.396728515625]",0.31701377034187317,1
13943,230618_4-1-2.tif,"[1768.3507995605469, 5930.5718994140625, 33.9693603515625, 49.8472900390625]",0.3167945444583893,1
13944,230618_4-1-2.tif,"[9721.373107910156, 1368.7413330078125, 20.4393310546875, 32.208221435546875]",0.3152383863925934,1
13945,230618_4-1-2.tif,"[9757.77294921875, 69.56354522705078, 29.9932861328125, 19.54071044921875]",0.3151276409626007,1
13946,230618_4-1-2.tif,"[4466.169952392578, 5002.239318847656, 17.2899169921875, 29.0699462890625]",0.3151184022426605,1
13947,230618_4-1-2.tif,"[5710.71369934082, 2934.546905517578, 17.81329345703125, 34.50848388671875]",0.3137410283088684,1
13948,230618_4-1-2.tif,"[8447.369888305664, 3383.4765014648438, 22.256576538085938, 40.927978515625]",0.3125210106372833,1
13949,230618_4-1-2.tif,"[4492.929138183594, 8294.319702148438, 15.114013671875, 24.787109375]",0.3121630549430847,1
13950,230618_4-1-2.tif,"[6816.580322265625, 1991.0493774414062, 15.1795654296875, 37.4481201171875]",0.3106500804424286,1
13951,230618_4-1-2.tif,"[844.4927368164062, 6481.470886230469, 28.0704345703125, 20.6259765625]",0.3097197711467743,1
13952,230618_4-1-2.tif,"[2199.8216247558594, 1978.3062744140625, 28.470306396484375, 20.67694091796875]",0.30957114696502686,1
13953,230618_4-1-2.tif,"[2257.0143127441406, 8704.16202545166, 49.888427734375, 15.09370231628418]",0.3084607422351837,1
13954,230618_4-1-2.tif,"[554.4725341796875, 6946.5947265625, 21.015499114990234, 18.435302734375]",0.3080279231071472,1
13955,230618_4-1-2.tif,"[1310.00146484375, 4198.38671875, 42.5313720703125, 25.32666015625]",0.3079385757446289,1
13956,230618_4-1-2.tif,"[6307.113616943359, 0.5514264106750488, 16.97430419921875, 15.369590282440186]",0.30722007155418396,1
13957,230618_4-1-2.tif,"[8175.952941894531, 3695.4144287109375, 39.7183837890625, 14.968994140625]",0.30569612979888916,1
13958,230618_4-1-2.tif,"[594.5792694091797, 4836.115295410156, 38.35943603515625, 22.173828125]",0.30555373430252075,1
13959,230618_4-1-2.tif,"[4356.816467285156, 4267.753631591797, 17.31646728515625, 17.861785888671875]",0.3049198091030121,1
13960,230618_4-1-2.tif,"[397.15216064453125, 9594.465637207031, 37.1661376953125, 55.3138427734375]",0.3033614456653595,1
13961,230618_4-1-2.tif,"[8546.097229003906, 747.4712524414062, 38.9697265625, 17.141876220703125]",0.3032081127166748,1
13962,230618_4-1-2.tif,"[8349.710800170898, 7538.29736328125, 13.542205810546875, 28.838134765625]",0.2996068596839905,1
13963,230618_4-1-2.tif,"[7308.877883911133, 9519.959289550781, 17.5113525390625, 18.46923828125]",0.29920536279678345,1
13964,230618_4-1-2.tif,"[1793.8480529785156, 1348.2216796875, 38.962158203125, 19.913330078125]",0.29866352677345276,1
13965,230618_4-1-2.tif,"[6647.405822753906, 4726.683654785156, 15.27557373046875, 9.31634521484375]",0.29858702421188354,1
13966,230618_4-1-2.tif,"[6804.250869750977, 4615.6544189453125, 26.954986572265625, 18.35429573059082]",0.29742130637168884,1
13967,230618_4-1-2.tif,"[3454.7453002929688, 4199.125793457031, 11.8536376953125, 20.824462890625]",0.29576775431632996,1
13968,230618_4-1-2.tif,"[2728.3832397460938, 5525.224426269531, 16.009368896484375, 34.425048828125]",0.29494860768318176,1
13969,230618_4-1-2.tif,"[4879.483062744141, 2830.3414916992188, 16.50830078125, 23.00445556640625]",0.29492422938346863,1
13970,230618_4-1-2.tif,"[7053.911865234375, 5558.000640869141, 30.9910888671875, 26.49951171875]",0.2936190366744995,1
13971,230618_4-1-2.tif,"[7241.3516845703125, 4001.7745971679688, 20.562362670898438, 27.12481689453125]",0.2925538420677185,1
13972,230618_4-1-2.tif,"[7445.539489746094, 7511.820373535156, 20.30029296875, 15.7718505859375]",0.2923322319984436,1
13973,230618_4-1-2.tif,"[7792.57861328125, 6236.848129272461, 15.200439453125, 17.0472412109375]",0.29169389605522156,1
13974,230618_4-1-2.tif,"[9006.026306152344, 8689.687866210938, 27.923583984375, 16.514404296875]",0.2909001111984253,1
13975,230618_4-1-2.tif,"[9325.37646484375, 9389.692071914673, 18.3243408203125, 13.819089889526367]",0.2907739281654358,1
13976,230618_4-1-2.tif,"[7746.6954345703125, 1771.60791015625, 20.809326171875, 34.234649658203125]",0.2900944948196411,1
13977,230618_4-1-2.tif,"[4203.9129638671875, 5797.671875, 19.979736328125, 27.05853271484375]",0.28862568736076355,1
13978,230618_4-1-2.tif,"[1508.075927734375, 2224.53466796875, 36.0079345703125, 20.16851806640625]",0.28827276825904846,1
13979,230618_4-1-2.tif,"[859.1231079101562, 513.8804359436035, 34.3929443359375, 20.95806884765625]",0.288094162940979,1
13980,230618_4-1-2.tif,"[9252.448120117188, 8940.818054199219, 37.12310791015625, 28.55755615234375]",0.28793928027153015,1
13981,230618_4-1-2.tif,"[3929.7312622070312, 7329.332244873047, 23.5255126953125, 30.029876708984375]",0.28785645961761475,1
13982,230618_4-1-2.tif,"[3098.668701171875, 3996.0846557617188, 29.2274169921875, 45.311279296875]",0.286407470703125,1
13983,230618_4-1-2.tif,"[867.9508056640625, 4021.1691284179688, 16.5701904296875, 35.9205322265625]",0.2841472923755646,1
13984,230618_4-1-2.tif,"[866.7047119140625, 3577.4188842773438, 29.99884033203125, 18.9202880859375]",0.28350022435188293,1
13985,230618_4-1-2.tif,"[8313.19140625, 7297.708679199219, 6.742431640625, 36.6248779296875]",0.28196316957473755,1
13986,230618_4-1-2.tif,"[1742.3658447265625, 1087.8408126831055, 27.891632080078125, 22.371185302734375]",0.2812008261680603,1
13987,230618_4-1-2.tif,"[6690.860656738281, 903.4096374511719, 42.7919921875, 24.93682861328125]",0.2802943289279938,1
13988,230618_4-1-2.tif,"[6950.877746582031, 7364.354034423828, 28.4488525390625, 18.746734619140625]",0.2798878848552704,1
13989,230618_4-1-2.tif,"[4844.08219909668, 3982.0757751464844, 13.908538818359375, 16.775634765625]",0.2793352007865906,1
13990,230618_4-1-2.tif,"[5378.875305175781, 7556.317565917969, 27.5142822265625, 32.2825927734375]",0.27904054522514343,1
13991,230618_4-1-2.tif,"[8776.668106079102, 6966.121429443359, 37.550567626953125, 35.75836181640625]",0.2783483564853668,1
13992,230618_4-1-2.tif,"[3505.12353515625, 8650.245788574219, 15.18121337890625, 25.3775634765625]",0.278247594833374,1
13993,230618_4-1-2.tif,"[9493.508850097656, 8295.775787353516, 35.99456787109375, 35.98359680175781]",0.2781200706958771,1
13994,230618_4-1-2.tif,"[1133.7232666015625, 1138.4858169555664, 18.2767333984375, 37.90471649169922]",0.2780599296092987,1
13995,230618_4-1-2.tif,"[5586.355041503906, 2083.702480316162, 29.4552001953125, 22.795257568359375]",0.27701660990715027,1
13996,230618_4-1-2.tif,"[8230.993835449219, 6739.946395874023, 19.5242919921875, 23.753936767578125]",0.2769183814525604,1
13997,230618_4-1-2.tif,"[5499.330078125, 2593.1732177734375, 30.9482421875, 44.659423828125]",0.2758685052394867,1
13998,230618_4-1-2.tif,"[117.75386047363281, 6118.993225097656, 21.665740966796875, 38.180908203125]",0.2751951515674591,1
13999,230618_4-1-2.tif,"[6992.029602050781, 634.9298706054688, 37.715362548828125, 27.485198974609375]",0.27495038509368896,1
14000,230618_4-1-2.tif,"[5328.118179321289, 9578.422485351562, 16.025604248046875, 15.82061767578125]",0.2746637165546417,1
14001,230618_4-1-2.tif,"[4668.578552246094, 5908.0694580078125, 15.336669921875, 16.9144287109375]",0.27409911155700684,1
14002,230618_4-1-2.tif,"[6061.133850097656, 4118.1707763671875, 19.371124267578125, 38.06127166748047]",0.27399685978889465,1
14003,230618_4-1-2.tif,"[6386.6885986328125, 6656.053173065186, 27.9288330078125, 9.281755447387695]",0.2731928527355194,1
14004,230618_4-1-2.tif,"[3353.0164184570312, 4705.3385009765625, 31.9239501953125, 28.215576171875]",0.27313822507858276,1
14005,230618_4-1-2.tif,"[8941.971557617188, 80.15272521972656, 27.220367431640625, 28.014801025390625]",0.2727493941783905,1
14006,230618_4-1-2.tif,"[2732.4479064941406, 888.4546508789062, 46.1109619140625, 29.79522705078125]",0.27195656299591064,1
14007,230618_4-1-2.tif,"[2224.224334716797, 2676.4275512695312, 30.897857666015625, 11.3267822265625]",0.2715628445148468,1
14008,230618_4-1-2.tif,"[9671.975677490234, 2422.2550048828125, 13.5733642578125, 18.9891357421875]",0.27154842019081116,1
14009,230618_4-1-2.tif,"[3907.8081970214844, 3135.621826171875, 17.0472412109375, 14.9501953125]",0.2703227400779724,1
14010,230618_4-1-2.tif,"[3848.0233764648438, 5632.164216041565, 21.50439453125, 8.551911354064941]",0.2688007056713104,1
14011,230618_4-1-2.tif,"[7307.257354736328, 4553.984619140625, 20.8470458984375, 29.4488525390625]",0.26844322681427,1
14012,230618_4-1-2.tif,"[2322.1103515625, 8601.929992675781, 32.9927978515625, 16.2484130859375]",0.2684096097946167,1
14013,230618_4-1-2.tif,"[4360.003601074219, 6218.938774108887, 21.167724609375, 27.038589477539062]",0.2681937515735626,1
14014,230618_4-1-2.tif,"[5462.5628662109375, 826.76025390625, 27.07012939453125, 23.575927734375]",0.26711007952690125,1
14015,230618_4-1-2.tif,"[4700.903381347656, 2638.861618041992, 19.33807373046875, 13.155776977539062]",0.2667609453201294,1
14016,230618_4-1-2.tif,"[3367.8129272460938, 243.58499145507812, 18.5125732421875, 15.5677490234375]",0.26577651500701904,1
14017,230618_4-1-2.tif,"[9448.14453125, 493.2201232910156, 129.2685546875, 241.45138549804688]",0.2654350697994232,1
14018,230618_4-1-2.tif,"[4118.328586578369, 4805.245620727539, 16.050132751464844, 25.077362060546875]",0.2633213400840759,1
14019,230618_4-1-2.tif,"[6585.220031738281, 7493.4886474609375, 26.048828125, 24.56903076171875]",0.26329830288887024,1
14020,230618_4-1-2.tif,"[7840.204925537109, 5743.30908203125, 54.47808837890625, 16.569091796875]",0.26190680265426636,1
14021,230618_4-1-2.tif,"[3335.8738403320312, 2256.6893310546875, 30.110107421875, 21.115966796875]",0.26181575655937195,1
14022,230618_4-1-2.tif,"[6450.853332519531, 3325.6212463378906, 27.1622314453125, 27.7496337890625]",0.2616898715496063,1
14023,230618_4-1-2.tif,"[5899.782653808594, 372.1118469238281, 28.0211181640625, 38.1221923828125]",0.26124101877212524,1
14024,230618_4-1-2.tif,"[8788.01220703125, 2990.068572998047, 25.361083984375, 35.028717041015625]",0.2602894604206085,1
14025,230618_4-1-2.tif,"[1077.7998046875, 1616.209098815918, 16.737899780273438, 38.98262023925781]",0.25948071479797363,1
14026,230618_4-1-2.tif,"[1657.6291885375977, 781.8131713867188, 43.96160125732422, 29.9627685546875]",0.2594467103481293,1
14027,230618_4-1-2.tif,"[5273.3228759765625, 8175.896545410156, 37.00775146484375, 20.958251953125]",0.2591974139213562,1
14028,230618_4-1-2.tif,"[826.1549072265625, 7168.0, 16.6937255859375, 28.02423858642578]",0.25839561223983765,1
14029,230618_4-1-2.tif,"[1578.045166015625, 2304.2953491210938, 34.05078125, 20.01953125]",0.2573917508125305,1
14030,230618_4-1-2.tif,"[3921.0225830078125, 3111.0311889648438, 17.36138916015625, 19.4766845703125]",0.2548692226409912,1
14031,230618_4-1-2.tif,"[1477.6044006347656, 3027.3137817382812, 34.27178955078125, 20.18310546875]",0.25448328256607056,1
14032,230618_4-1-2.tif,"[8028.869598388672, 7685.01602935791, 37.95965576171875, 19.394432067871094]",0.25425654649734497,1
14033,230618_4-1-2.tif,"[2779.022171020508, 2592.580146789551, 17.800994873046875, 46.61559295654297]",0.2539239525794983,1
14034,230618_4-1-2.tif,"[2245.081039428711, 575.0369262695312, 17.08935546875, 40.9296875]",0.25347787141799927,1
14035,230618_4-1-2.tif,"[3515.6602172851562, 7975.875549316406, 20.80560302734375, 18.4515380859375]",0.25344035029411316,1
14036,230618_4-1-2.tif,"[5935.082000732422, 779.7158813476562, 27.8858642578125, 19.9556884765625]",0.2526034712791443,1
14037,230618_4-1-2.tif,"[9489.363876342773, 8600.459259033203, 18.37896728515625, 17.0096435546875]",0.2521524429321289,1
14038,230618_4-2-4.tif,"[1077.0056991577148, 628.4951782226562, 10.052352905273438, 11.50482177734375]",0.4831932485103607,1
14039,230618_4-2-4.tif,"[4360.475006103516, 932.0836181640625, 60.4940185546875, 80.706787109375]",0.4763852059841156,1
14040,230618_4-2-4.tif,"[3581.8848571777344, 429.40753173828125, 34.32146453857422, 27.871337890625]",0.3728655278682709,1
